RegioS,Werkloosheidspercentage_13,Perioden
NL01  ,8.2,2013JJ00
NL01  ,8.3,2014JJ00
NL01  ,7.9,2015JJ00
NL01  ,7.0,2016JJ00
NL01  ,5.9,2017JJ00
NL01  ,4.9,2018JJ00
NL01  ,4.4,2019JJ00
NL01  ,4.9,2020JJ00
NL01  ,4.2,2021JJ00
NL01  ,3.5,2022JJ00
NL01  ,3.6,2023JJ00
LD01  ,8.7,2013JJ00
LD01  ,8.8,2014JJ00
LD01  ,8.7,2015JJ00
LD01  ,7.6,2016JJ00
LD01  ,6.5,2017JJ00
LD01  ,5.5,2018JJ00
LD01  ,4.7,2019JJ00
LD01  ,5.0,2020JJ00
LD01  ,4.3,2021JJ00
LD01  ,3.6,2022JJ00
LD01  ,3.6,2023JJ00
LD02  ,8.1,2013JJ00
LD02  ,8.2,2014JJ00
LD02  ,7.6,2015JJ00
LD02  ,7.0,2016JJ00
LD02  ,5.7,2017JJ00
LD02  ,4.7,2018JJ00
LD02  ,4.2,2019JJ00
LD02  ,4.6,2020JJ00
LD02  ,3.9,2021JJ00
LD02  ,3.3,2022JJ00
LD02  ,3.3,2023JJ00
LD03  ,8.4,2013JJ00
LD03  ,8.4,2014JJ00
LD03  ,8.0,2015JJ00
LD03  ,7.1,2016JJ00
LD03  ,6.0,2017JJ00
LD03  ,5.0,2018JJ00
LD03  ,4.6,2019JJ00
LD03  ,5.0,2020JJ00
LD03  ,4.6,2021JJ00
LD03  ,3.7,2022JJ00
LD03  ,3.8,2023JJ00
LD04  ,7.8,2013JJ00
LD04  ,8.0,2014JJ00
LD04  ,7.5,2015JJ00
LD04  ,6.5,2016JJ00
LD04  ,5.5,2017JJ00
LD04  ,4.5,2018JJ00
LD04  ,4.2,2019JJ00
LD04  ,4.6,2020JJ00
LD04  ,3.6,2021JJ00
LD04  ,3.3,2022JJ00
LD04  ,3.3,2023JJ00
PV20  ,9.0,2013JJ00
PV20  ,9.3,2014JJ00
PV20  ,9.5,2015JJ00
PV20  ,8.4,2016JJ00
PV20  ,7.2,2017JJ00
PV20  ,6.3,2018JJ00
PV20  ,5.6,2019JJ00
PV20  ,5.6,2020JJ00
PV20  ,4.9,2021JJ00
PV20  ,4.0,2022JJ00
PV20  ,4.0,2023JJ00
PV21  ,8.9,2013JJ00
PV21  ,8.8,2014JJ00
PV21  ,8.4,2015JJ00
PV21  ,7.3,2016JJ00
PV21  ,6.2,2017JJ00
PV21  ,5.2,2018JJ00
PV21  ,4.4,2019JJ00
PV21  ,4.8,2020JJ00
PV21  ,4.1,2021JJ00
PV21  ,3.5,2022JJ00
PV21  ,3.6,2023JJ00
PV22  ,8.1,2013JJ00
PV22  ,8.2,2014JJ00
PV22  ,8.0,2015JJ00
PV22  ,7.0,2016JJ00
PV22  ,6.0,2017JJ00
PV22  ,4.9,2018JJ00
PV22  ,4.0,2019JJ00
PV22  ,4.7,2020JJ00
PV22  ,3.6,2021JJ00
PV22  ,3.2,2022JJ00
PV22  ,3.1,2023JJ00
PV23  ,8.1,2013JJ00
PV23  ,8.0,2014JJ00
PV23  ,7.7,2015JJ00
PV23  ,7.2,2016JJ00
PV23  ,5.9,2017JJ00
PV23  ,4.7,2018JJ00
PV23  ,4.2,2019JJ00
PV23  ,4.6,2020JJ00
PV23  ,3.7,2021JJ00
PV23  ,3.2,2022JJ00
PV23  ,3.3,2023JJ00
PV24  ,10.0,2013JJ00
PV24  ,10.4,2014JJ00
PV24  ,8.6,2015JJ00
PV24  ,8.2,2016JJ00
PV24  ,6.6,2017JJ00
PV24  ,5.2,2018JJ00
PV24  ,4.6,2019JJ00
PV24  ,5.0,2020JJ00
PV24  ,4.8,2021JJ00
PV24  ,3.7,2022JJ00
PV24  ,3.7,2023JJ00
PV25  ,7.7,2013JJ00
PV25  ,7.9,2014JJ00
PV25  ,7.4,2015JJ00
PV25  ,6.6,2016JJ00
PV25  ,5.5,2017JJ00
PV25  ,4.6,2018JJ00
PV25  ,4.1,2019JJ00
PV25  ,4.5,2020JJ00
PV25  ,3.8,2021JJ00
PV25  ,3.3,2022JJ00
PV25  ,3.2,2023JJ00
PV26  ,7.4,2013JJ00
PV26  ,7.5,2014JJ00
PV26  ,7.3,2015JJ00
PV26  ,6.2,2016JJ00
PV26  ,5.3,2017JJ00
PV26  ,4.5,2018JJ00
PV26  ,4.0,2019JJ00
PV26  ,4.4,2020JJ00
PV26  ,3.9,2021JJ00
PV26  ,3.3,2022JJ00
PV26  ,3.4,2023JJ00
PV27  ,8.3,2013JJ00
PV27  ,8.2,2014JJ00
PV27  ,7.6,2015JJ00
PV27  ,6.7,2016JJ00
PV27  ,5.8,2017JJ00
PV27  ,5.0,2018JJ00
PV27  ,4.5,2019JJ00
PV27  ,5.2,2020JJ00
PV27  ,4.8,2021JJ00
PV27  ,3.8,2022JJ00
PV27  ,3.9,2023JJ00
PV28  ,9.0,2013JJ00
PV28  ,9.2,2014JJ00
PV28  ,8.8,2015JJ00
PV28  ,8.0,2016JJ00
PV28  ,6.5,2017JJ00
PV28  ,5.3,2018JJ00
PV28  ,5.0,2019JJ00
PV28  ,5.3,2020JJ00
PV28  ,4.9,2021JJ00
PV28  ,3.9,2022JJ00
PV28  ,3.9,2023JJ00
PV29  ,6.9,2013JJ00
PV29  ,6.5,2014JJ00
PV29  ,6.6,2015JJ00
PV29  ,5.5,2016JJ00
PV29  ,4.8,2017JJ00
PV29  ,4.1,2018JJ00
PV29  ,3.9,2019JJ00
PV29  ,4.2,2020JJ00
PV29  ,3.6,2021JJ00
PV29  ,2.9,2022JJ00
PV29  ,2.9,2023JJ00
PV30  ,7.6,2013JJ00
PV30  ,7.9,2014JJ00
PV30  ,7.5,2015JJ00
PV30  ,6.5,2016JJ00
PV30  ,5.4,2017JJ00
PV30  ,4.5,2018JJ00
PV30  ,4.2,2019JJ00
PV30  ,4.5,2020JJ00
PV30  ,3.5,2021JJ00
PV30  ,3.2,2022JJ00
PV30  ,3.3,2023JJ00
PV31  ,8.1,2013JJ00
PV31  ,8.2,2014JJ00
PV31  ,7.6,2015JJ00
PV31  ,6.6,2016JJ00
PV31  ,5.7,2017JJ00
PV31  ,4.7,2018JJ00
PV31  ,4.3,2019JJ00
PV31  ,4.9,2020JJ00
PV31  ,3.8,2021JJ00
PV31  ,3.6,2022JJ00
PV31  ,3.5,2023JJ00
CR01  ,8.7,2013JJ00
CR01  ,9.0,2014JJ00
CR01  ,9.1,2015JJ00
CR01  ,8.1,2016JJ00
CR01  ,6.9,2017JJ00
CR01  ,5.9,2018JJ00
CR01  ,5.0,2019JJ00
CR01  ,5.1,2020JJ00
CR01  ,4.0,2021JJ00
CR01  ,3.4,2022JJ00
CR01  ,3.4,2023JJ00
CR02  ,9.3,2013JJ00
CR02  ,9.3,2014JJ00
CR02  ,9.1,2015JJ00
CR02  ,7.6,2016JJ00
CR02  ,6.6,2017JJ00
CR02  ,5.4,2018JJ00
CR02  ,4.7,2019JJ00
CR02  ,5.0,2020JJ00
CR02  ,4.2,2021JJ00
CR02  ,3.6,2022JJ00
CR02  ,3.7,2023JJ00
CR03  ,9.1,2013JJ00
CR03  ,9.4,2014JJ00
CR03  ,9.7,2015JJ00
CR03  ,8.5,2016JJ00
CR03  ,7.4,2017JJ00
CR03  ,6.5,2018JJ00
CR03  ,5.9,2019JJ00
CR03  ,5.8,2020JJ00
CR03  ,5.3,2021JJ00
CR03  ,4.2,2022JJ00
CR03  ,4.2,2023JJ00
CR04  ,9.4,2013JJ00
CR04  ,9.1,2014JJ00
CR04  ,8.9,2015JJ00
CR04  ,7.6,2016JJ00
CR04  ,6.6,2017JJ00
CR04  ,5.5,2018JJ00
CR04  ,4.7,2019JJ00
CR04  ,5.0,2020JJ00
CR04  ,4.4,2021JJ00
CR04  ,3.7,2022JJ00
CR04  ,3.7,2023JJ00
CR05  ,8.1,2013JJ00
CR05  ,8.1,2014JJ00
CR05  ,7.3,2015JJ00
CR05  ,6.6,2016JJ00
CR05  ,5.6,2017JJ00
CR05  ,4.8,2018JJ00
CR05  ,4.0,2019JJ00
CR05  ,4.5,2020JJ00
CR05  ,3.8,2021JJ00
CR05  ,3.3,2022JJ00
CR05  ,3.3,2023JJ00
CR06  ,8.7,2013JJ00
CR06  ,9.0,2014JJ00
CR06  ,8.2,2015JJ00
CR06  ,7.4,2016JJ00
CR06  ,6.0,2017JJ00
CR06  ,4.8,2018JJ00
CR06  ,4.2,2019JJ00
CR06  ,4.7,2020JJ00
CR06  ,4.0,2021JJ00
CR06  ,3.3,2022JJ00
CR06  ,3.4,2023JJ00
CR07  ,7.5,2013JJ00
CR07  ,7.7,2014JJ00
CR07  ,7.6,2015JJ00
CR07  ,6.6,2016JJ00
CR07  ,5.6,2017JJ00
CR07  ,4.7,2018JJ00
CR07  ,3.9,2019JJ00
CR07  ,4.4,2020JJ00
CR07  ,3.4,2021JJ00
CR07  ,3.1,2022JJ00
CR07  ,3.1,2023JJ00
CR08  ,8.7,2013JJ00
CR08  ,8.7,2014JJ00
CR08  ,8.7,2015JJ00
CR08  ,7.8,2016JJ00
CR08  ,6.8,2017JJ00
CR08  ,5.5,2018JJ00
CR08  ,4.4,2019JJ00
CR08  ,5.2,2020JJ00
CR08  ,3.9,2021JJ00
CR08  ,3.3,2022JJ00
CR08  ,3.3,2023JJ00
CR09  ,8.2,2013JJ00
CR09  ,8.2,2014JJ00
CR09  ,7.6,2015JJ00
CR09  ,6.6,2016JJ00
CR09  ,5.4,2017JJ00
CR09  ,4.5,2018JJ00
CR09  ,3.7,2019JJ00
CR09  ,4.4,2020JJ00
CR09  ,3.4,2021JJ00
CR09  ,3.1,2022JJ00
CR09  ,3.0,2023JJ00
CR10  ,7.4,2013JJ00
CR10  ,7.2,2014JJ00
CR10  ,7.0,2015JJ00
CR10  ,6.7,2016JJ00
CR10  ,5.3,2017JJ00
CR10  ,4.4,2018JJ00
CR10  ,4.0,2019JJ00
CR10  ,4.3,2020JJ00
CR10  ,3.3,2021JJ00
CR10  ,3.0,2022JJ00
CR10  ,3.1,2023JJ00
CR11  ,7.8,2013JJ00
CR11  ,8.0,2014JJ00
CR11  ,7.4,2015JJ00
CR11  ,7.0,2016JJ00
CR11  ,5.8,2017JJ00
CR11  ,5.0,2018JJ00
CR11  ,4.1,2019JJ00
CR11  ,4.6,2020JJ00
CR11  ,3.6,2021JJ00
CR11  ,3.1,2022JJ00
CR11  ,3.3,2023JJ00
CR12  ,8.5,2013JJ00
CR12  ,8.5,2014JJ00
CR12  ,8.1,2015JJ00
CR12  ,7.6,2016JJ00
CR12  ,6.2,2017JJ00
CR12  ,4.9,2018JJ00
CR12  ,4.3,2019JJ00
CR12  ,4.7,2020JJ00
CR12  ,3.9,2021JJ00
CR12  ,3.3,2022JJ00
CR12  ,3.4,2023JJ00
CR13  ,7.0,2013JJ00
CR13  ,7.2,2014JJ00
CR13  ,6.7,2015JJ00
CR13  ,6.2,2016JJ00
CR13  ,5.1,2017JJ00
CR13  ,4.3,2018JJ00
CR13  ,3.8,2019JJ00
CR13  ,4.3,2020JJ00
CR13  ,3.4,2021JJ00
CR13  ,3.1,2022JJ00
CR13  ,3.0,2023JJ00
CR14  ,7.4,2013JJ00
CR14  ,7.8,2014JJ00
CR14  ,7.2,2015JJ00
CR14  ,6.4,2016JJ00
CR14  ,5.4,2017JJ00
CR14  ,4.4,2018JJ00
CR14  ,3.8,2019JJ00
CR14  ,4.2,2020JJ00
CR14  ,3.4,2021JJ00
CR14  ,3.0,2022JJ00
CR14  ,3.0,2023JJ00
CR15  ,8.5,2013JJ00
CR15  ,8.8,2014JJ00
CR15  ,8.3,2015JJ00
CR15  ,7.3,2016JJ00
CR15  ,6.0,2017JJ00
CR15  ,5.1,2018JJ00
CR15  ,4.5,2019JJ00
CR15  ,4.9,2020JJ00
CR15  ,4.5,2021JJ00
CR15  ,3.7,2022JJ00
CR15  ,3.5,2023JJ00
CR16  ,7.2,2013JJ00
CR16  ,7.4,2014JJ00
CR16  ,6.8,2015JJ00
CR16  ,6.0,2016JJ00
CR16  ,5.0,2017JJ00
CR16  ,4.2,2018JJ00
CR16  ,3.8,2019JJ00
CR16  ,4.2,2020JJ00
CR16  ,3.4,2021JJ00
CR16  ,3.0,2022JJ00
CR16  ,3.0,2023JJ00
CR17  ,7.4,2013JJ00
CR17  ,7.5,2014JJ00
CR17  ,7.3,2015JJ00
CR17  ,6.2,2016JJ00
CR17  ,5.3,2017JJ00
CR17  ,4.5,2018JJ00
CR17  ,4.0,2019JJ00
CR17  ,4.4,2020JJ00
CR17  ,3.9,2021JJ00
CR17  ,3.3,2022JJ00
CR17  ,3.4,2023JJ00
CR18  ,7.2,2013JJ00
CR18  ,7.4,2014JJ00
CR18  ,6.7,2015JJ00
CR18  ,6.1,2016JJ00
CR18  ,5.3,2017JJ00
CR18  ,4.4,2018JJ00
CR18  ,3.9,2019JJ00
CR18  ,4.3,2020JJ00
CR18  ,3.5,2021JJ00
CR18  ,3.1,2022JJ00
CR18  ,3.1,2023JJ00
CR19  ,7.5,2013JJ00
CR19  ,7.5,2014JJ00
CR19  ,6.7,2015JJ00
CR19  ,6.0,2016JJ00
CR19  ,5.3,2017JJ00
CR19  ,4.5,2018JJ00
CR19  ,4.0,2019JJ00
CR19  ,4.4,2020JJ00
CR19  ,3.6,2021JJ00
CR19  ,3.1,2022JJ00
CR19  ,3.2,2023JJ00
CR20  ,6.9,2013JJ00
CR20  ,7.3,2014JJ00
CR20  ,6.7,2015JJ00
CR20  ,6.0,2016JJ00
CR20  ,5.2,2017JJ00
CR20  ,4.3,2018JJ00
CR20  ,3.9,2019JJ00
CR20  ,4.4,2020JJ00
CR20  ,3.7,2021JJ00
CR20  ,3.2,2022JJ00
CR20  ,3.2,2023JJ00
CR21  ,7.8,2013JJ00
CR21  ,7.4,2014JJ00
CR21  ,7.3,2015JJ00
CR21  ,6.3,2016JJ00
CR21  ,5.7,2017JJ00
CR21  ,4.6,2018JJ00
CR21  ,4.3,2019JJ00
CR21  ,4.8,2020JJ00
CR21  ,4.0,2021JJ00
CR21  ,3.5,2022JJ00
CR21  ,3.6,2023JJ00
CR22  ,8.5,2013JJ00
CR22  ,8.7,2014JJ00
CR22  ,7.8,2015JJ00
CR22  ,7.2,2016JJ00
CR22  ,5.9,2017JJ00
CR22  ,5.1,2018JJ00
CR22  ,4.4,2019JJ00
CR22  ,5.0,2020JJ00
CR22  ,4.6,2021JJ00
CR22  ,3.6,2022JJ00
CR22  ,3.6,2023JJ00
CR23  ,9.0,2013JJ00
CR23  ,8.7,2014JJ00
CR23  ,8.1,2015JJ00
CR23  ,7.1,2016JJ00
CR23  ,6.2,2017JJ00
CR23  ,5.4,2018JJ00
CR23  ,4.8,2019JJ00
CR23  ,5.8,2020JJ00
CR23  ,5.8,2021JJ00
CR23  ,4.3,2022JJ00
CR23  ,4.5,2023JJ00
CR24  ,7.5,2013JJ00
CR24  ,7.8,2014JJ00
CR24  ,7.2,2015JJ00
CR24  ,6.4,2016JJ00
CR24  ,5.5,2017JJ00
CR24  ,4.7,2018JJ00
CR24  ,4.1,2019JJ00
CR24  ,4.6,2020JJ00
CR24  ,3.9,2021JJ00
CR24  ,3.3,2022JJ00
CR24  ,3.3,2023JJ00
CR25  ,7.2,2013JJ00
CR25  ,7.1,2014JJ00
CR25  ,6.6,2015JJ00
CR25  ,6.2,2016JJ00
CR25  ,5.3,2017JJ00
CR25  ,4.4,2018JJ00
CR25  ,4.1,2019JJ00
CR25  ,4.5,2020JJ00
CR25  ,3.8,2021JJ00
CR25  ,3.3,2022JJ00
CR25  ,3.3,2023JJ00
CR26  ,9.8,2013JJ00
CR26  ,10.4,2014JJ00
CR26  ,9.9,2015JJ00
CR26  ,8.8,2016JJ00
CR26  ,7.4,2017JJ00
CR26  ,5.7,2018JJ00
CR26  ,5.5,2019JJ00
CR26  ,5.9,2020JJ00
CR26  ,5.5,2021JJ00
CR26  ,4.3,2022JJ00
CR26  ,4.2,2023JJ00
CR27  ,7.6,2013JJ00
CR27  ,7.7,2014JJ00
CR27  ,7.1,2015JJ00
CR27  ,6.5,2016JJ00
CR27  ,5.5,2017JJ00
CR27  ,4.7,2018JJ00
CR27  ,4.3,2019JJ00
CR27  ,4.6,2020JJ00
CR27  ,4.3,2021JJ00
CR27  ,3.5,2022JJ00
CR27  ,3.5,2023JJ00
CR28  ,7.1,2013JJ00
CR28  ,7.1,2014JJ00
CR28  ,6.9,2015JJ00
CR28  ,6.3,2016JJ00
CR28  ,5.1,2017JJ00
CR28  ,4.2,2018JJ00
CR28  ,4.0,2019JJ00
CR28  ,4.4,2020JJ00
CR28  ,3.6,2021JJ00
CR28  ,3.1,2022JJ00
CR28  ,3.0,2023JJ00
CR29  ,10.1,2013JJ00
CR29  ,10.3,2014JJ00
CR29  ,9.9,2015JJ00
CR29  ,9.1,2016JJ00
CR29  ,7.2,2017JJ00
CR29  ,5.8,2018JJ00
CR29  ,5.5,2019JJ00
CR29  ,5.6,2020JJ00
CR29  ,5.5,2021JJ00
CR29  ,4.3,2022JJ00
CR29  ,4.2,2023JJ00
CR30  ,7.6,2013JJ00
CR30  ,7.7,2014JJ00
CR30  ,7.2,2015JJ00
CR30  ,6.4,2016JJ00
CR30  ,5.4,2017JJ00
CR30  ,4.7,2018JJ00
CR30  ,4.3,2019JJ00
CR30  ,4.7,2020JJ00
CR30  ,4.0,2021JJ00
CR30  ,3.3,2022JJ00
CR30  ,3.3,2023JJ00
CR31  ,7.0,2013JJ00
CR31  ,6.6,2014JJ00
CR31  ,6.8,2015JJ00
CR31  ,5.6,2016JJ00
CR31  ,4.8,2017JJ00
CR31  ,4.1,2018JJ00
CR31  ,3.9,2019JJ00
CR31  ,4.2,2020JJ00
CR31  ,3.6,2021JJ00
CR31  ,3.0,2022JJ00
CR31  ,2.9,2023JJ00
CR32  ,6.8,2013JJ00
CR32  ,6.4,2014JJ00
CR32  ,6.5,2015JJ00
CR32  ,5.4,2016JJ00
CR32  ,4.8,2017JJ00
CR32  ,4.1,2018JJ00
CR32  ,3.9,2019JJ00
CR32  ,4.1,2020JJ00
CR32  ,3.6,2021JJ00
CR32  ,2.9,2022JJ00
CR32  ,2.8,2023JJ00
CR33  ,7.7,2013JJ00
CR33  ,7.9,2014JJ00
CR33  ,7.7,2015JJ00
CR33  ,6.7,2016JJ00
CR33  ,5.5,2017JJ00
CR33  ,4.6,2018JJ00
CR33  ,4.3,2019JJ00
CR33  ,4.6,2020JJ00
CR33  ,3.6,2021JJ00
CR33  ,3.3,2022JJ00
CR33  ,3.3,2023JJ00
CR34  ,7.8,2013JJ00
CR34  ,8.0,2014JJ00
CR34  ,7.7,2015JJ00
CR34  ,6.5,2016JJ00
CR34  ,5.4,2017JJ00
CR34  ,4.4,2018JJ00
CR34  ,4.3,2019JJ00
CR34  ,4.5,2020JJ00
CR34  ,3.4,2021JJ00
CR34  ,3.3,2022JJ00
CR34  ,3.4,2023JJ00
CR35  ,7.2,2013JJ00
CR35  ,7.6,2014JJ00
CR35  ,7.1,2015JJ00
CR35  ,6.1,2016JJ00
CR35  ,5.2,2017JJ00
CR35  ,4.3,2018JJ00
CR35  ,3.9,2019JJ00
CR35  ,4.2,2020JJ00
CR35  ,3.2,2021JJ00
CR35  ,3.0,2022JJ00
CR35  ,3.0,2023JJ00
CR36  ,7.8,2013JJ00
CR36  ,8.2,2014JJ00
CR36  ,7.6,2015JJ00
CR36  ,6.6,2016JJ00
CR36  ,5.4,2017JJ00
CR36  ,4.6,2018JJ00
CR36  ,4.3,2019JJ00
CR36  ,4.7,2020JJ00
CR36  ,3.8,2021JJ00
CR36  ,3.3,2022JJ00
CR36  ,3.4,2023JJ00
CR37  ,7.6,2013JJ00
CR37  ,8.0,2014JJ00
CR37  ,7.3,2015JJ00
CR37  ,6.1,2016JJ00
CR37  ,5.4,2017JJ00
CR37  ,4.4,2018JJ00
CR37  ,3.9,2019JJ00
CR37  ,4.6,2020JJ00
CR37  ,3.5,2021JJ00
CR37  ,3.4,2022JJ00
CR37  ,3.2,2023JJ00
CR38  ,7.4,2013JJ00
CR38  ,7.3,2014JJ00
CR38  ,6.9,2015JJ00
CR38  ,6.2,2016JJ00
CR38  ,5.4,2017JJ00
CR38  ,4.5,2018JJ00
CR38  ,4.0,2019JJ00
CR38  ,4.6,2020JJ00
CR38  ,3.6,2021JJ00
CR38  ,3.3,2022JJ00
CR38  ,3.3,2023JJ00
CR39  ,8.6,2013JJ00
CR39  ,8.6,2014JJ00
CR39  ,8.0,2015JJ00
CR39  ,6.9,2016JJ00
CR39  ,6.0,2017JJ00
CR39  ,5.0,2018JJ00
CR39  ,4.6,2019JJ00
CR39  ,5.1,2020JJ00
CR39  ,4.0,2021JJ00
CR39  ,3.8,2022JJ00
CR39  ,3.6,2023JJ00
CR40  ,10.0,2013JJ00
CR40  ,10.4,2014JJ00
CR40  ,8.6,2015JJ00
CR40  ,8.2,2016JJ00
CR40  ,6.6,2017JJ00
CR40  ,5.2,2018JJ00
CR40  ,4.6,2019JJ00
CR40  ,5.0,2020JJ00
CR40  ,4.8,2021JJ00
CR40  ,3.7,2022JJ00
CR40  ,3.7,2023JJ00
GM1680,7.2,2013JJ00
GM1680,7.5,2014JJ00
GM1680,7.1,2015JJ00
GM1680,6.3,2016JJ00
GM1680,5.5,2017JJ00
GM1680,4.3,2018JJ00
GM1680,3.7,2019JJ00
GM1680,4.2,2020JJ00
GM1680,3.4,2021JJ00
GM1680,3.0,2022JJ00
GM1680,2.7,2023JJ00
GM0358,6.7,2013JJ00
GM0358,6.5,2014JJ00
GM0358,6.2,2015JJ00
GM0358,5.7,2016JJ00
GM0358,4.5,2017JJ00
GM0358,3.7,2018JJ00
GM0358,3.5,2019JJ00
GM0358,4.2,2020JJ00
GM0358,3.8,2021JJ00
GM0358,3.0,2022JJ00
GM0358,3.1,2023JJ00
GM0197,6.4,2013JJ00
GM0197,6.9,2014JJ00
GM0197,6.2,2015JJ00
GM0197,5.6,2016JJ00
GM0197,4.8,2017JJ00
GM0197,3.9,2018JJ00
GM0197,3.5,2019JJ00
GM0197,3.7,2020JJ00
GM0197,2.9,2021JJ00
GM0197,2.8,2022JJ00
GM0197,2.7,2023JJ00
GM0059,8.7,2013JJ00
GM0059,9.4,2014JJ00
GM0059,8.2,2015JJ00
GM0059,7.0,2016JJ00
GM0059,5.6,2017JJ00
GM0059,4.7,2018JJ00
GM0059,4.2,2019JJ00
GM0059,4.6,2020JJ00
GM0059,3.9,2021JJ00
GM0059,3.2,2022JJ00
GM0059,3.2,2023JJ00
GM0482,6.6,2013JJ00
GM0482,6.7,2014JJ00
GM0482,6.2,2015JJ00
GM0482,5.7,2016JJ00
GM0482,5.1,2017JJ00
GM0482,4.3,2018JJ00
GM0482,3.9,2019JJ00
GM0482,4.5,2020JJ00
GM0482,3.7,2021JJ00
GM0482,3.1,2022JJ00
GM0482,3.1,2023JJ00
GM0613,7.0,2013JJ00
GM0613,7.1,2014JJ00
GM0613,6.7,2015JJ00
GM0613,5.7,2016JJ00
GM0613,4.9,2017JJ00
GM0613,3.9,2018JJ00
GM0613,3.8,2019JJ00
GM0613,4.2,2020JJ00
GM0613,3.6,2021JJ00
GM0613,3.0,2022JJ00
GM0613,3.0,2023JJ00
GM0361,7.9,2013JJ00
GM0361,7.8,2014JJ00
GM0361,7.0,2015JJ00
GM0361,6.4,2016JJ00
GM0361,5.7,2017JJ00
GM0361,4.7,2018JJ00
GM0361,4.2,2019JJ00
GM0361,4.6,2020JJ00
GM0361,3.8,2021JJ00
GM0361,3.3,2022JJ00
GM0361,3.4,2023JJ00
GM0141,10.0,2013JJ00
GM0141,10.7,2014JJ00
GM0141,10.7,2015JJ00
GM0141,9.3,2016JJ00
GM0141,7.5,2017JJ00
GM0141,5.8,2018JJ00
GM0141,4.7,2019JJ00
GM0141,5.4,2020JJ00
GM0141,4.8,2021JJ00
GM0141,3.8,2022JJ00
GM0141,4.0,2023JJ00
GM0034,11.3,2013JJ00
GM0034,11.8,2014JJ00
GM0034,9.6,2015JJ00
GM0034,9.4,2016JJ00
GM0034,7.1,2017JJ00
GM0034,5.7,2018JJ00
GM0034,5.0,2019JJ00
GM0034,5.5,2020JJ00
GM0034,5.7,2021JJ00
GM0034,4.1,2022JJ00
GM0034,4.1,2023JJ00
GM0484,6.8,2013JJ00
GM0484,6.8,2014JJ00
GM0484,6.5,2015JJ00
GM0484,6.3,2016JJ00
GM0484,5.0,2017JJ00
GM0484,4.2,2018JJ00
GM0484,4.0,2019JJ00
GM0484,4.6,2020JJ00
GM0484,3.7,2021JJ00
GM0484,3.1,2022JJ00
GM0484,3.0,2023JJ00
GM1723,6.2,2013JJ00
GM1723,6.0,2014JJ00
GM1723,6.0,2015JJ00
GM1723,5.4,2016JJ00
GM1723,4.7,2017JJ00
GM1723,3.9,2018JJ00
GM1723,3.6,2019JJ00
GM1723,3.7,2020JJ00
GM1723,2.9,2021JJ00
GM1723,2.5,2022JJ00
GM1723,2.6,2023JJ00
GM1959,6.3,2013JJ00
GM1959,6.6,2014JJ00
GM1959,6.4,2015JJ00
GM1959,5.5,2016JJ00
GM1959,4.6,2017JJ00
GM1959,3.8,2018JJ00
GM1959,3.4,2019JJ00
GM1959,3.6,2020JJ00
GM1959,2.8,2021JJ00
GM1959,2.6,2022JJ00
GM1959,2.6,2023JJ00
GM0060,6.7,2013JJ00
GM0060,6.5,2014JJ00
GM0060,6.3,2015JJ00
GM0060,5.8,2016JJ00
GM0060,4.8,2017JJ00
GM0060,3.7,2018JJ00
GM0060,3.4,2019JJ00
GM0060,4.3,2020JJ00
GM0060,3.4,2021JJ00
GM0060,2.9,2022JJ00
GM0060,2.9,2023JJ00
GM0307,7.3,2013JJ00
GM0307,7.7,2014JJ00
GM0307,7.9,2015JJ00
GM0307,6.1,2016JJ00
GM0307,5.4,2017JJ00
GM0307,4.4,2018JJ00
GM0307,4.0,2019JJ00
GM0307,4.4,2020JJ00
GM0307,4.4,2021JJ00
GM0307,3.3,2022JJ00
GM0307,3.6,2023JJ00
GM0362,8.3,2013JJ00
GM0362,7.9,2014JJ00
GM0362,7.3,2015JJ00
GM0362,6.6,2016JJ00
GM0362,5.6,2017JJ00
GM0362,5.1,2018JJ00
GM0362,4.5,2019JJ00
GM0362,5.2,2020JJ00
GM0362,5.0,2021JJ00
GM0362,3.9,2022JJ00
GM0362,4.1,2023JJ00
GM0363,9.9,2013JJ00
GM0363,9.4,2014JJ00
GM0363,8.7,2015JJ00
GM0363,7.6,2016JJ00
GM0363,6.7,2017JJ00
GM0363,5.9,2018JJ00
GM0363,5.3,2019JJ00
GM0363,6.4,2020JJ00
GM0363,6.6,2021JJ00
GM0363,4.7,2022JJ00
GM0363,5.0,2023JJ00
GM0200,7.4,2013JJ00
GM0200,7.9,2014JJ00
GM0200,7.3,2015JJ00
GM0200,6.9,2016JJ00
GM0200,5.6,2017JJ00
GM0200,4.9,2018JJ00
GM0200,4.1,2019JJ00
GM0200,4.7,2020JJ00
GM0200,3.5,2021JJ00
GM0200,3.5,2022JJ00
GM0200,3.3,2023JJ00
GM0202,9.5,2013JJ00
GM0202,10.8,2014JJ00
GM0202,10.1,2015JJ00
GM0202,8.3,2016JJ00
GM0202,7.1,2017JJ00
GM0202,5.7,2018JJ00
GM0202,5.3,2019JJ00
GM0202,5.5,2020JJ00
GM0202,5.9,2021JJ00
GM0202,4.5,2022JJ00
GM0202,4.0,2023JJ00
GM0106,8.3,2013JJ00
GM0106,8.5,2014JJ00
GM0106,8.8,2015JJ00
GM0106,7.3,2016JJ00
GM0106,6.2,2017JJ00
GM0106,5.2,2018JJ00
GM0106,4.1,2019JJ00
GM0106,4.8,2020JJ00
GM0106,3.7,2021JJ00
GM0106,3.5,2022JJ00
GM0106,3.6,2023JJ00
GM0743,6.6,2013JJ00
GM0743,7.0,2014JJ00
GM0743,6.7,2015JJ00
GM0743,5.8,2016JJ00
GM0743,5.0,2017JJ00
GM0743,4.1,2018JJ00
GM0743,3.8,2019JJ00
GM0743,4.2,2020JJ00
GM0743,3.1,2021JJ00
GM0743,2.9,2022JJ00
GM0743,2.9,2023JJ00
GM0744,7.2,2013JJ00
GM0744,7.3,2014JJ00
GM0744,7.2,2015JJ00
GM0744,6.0,2016JJ00
GM0744,5.1,2017JJ00
GM0744,4.2,2018JJ00
GM0744,4.1,2019JJ00
GM0744,4.0,2020JJ00
GM0744,3.3,2021JJ00
GM0744,2.8,2022JJ00
GM0744,2.9,2023JJ00
GM0308,7.4,2013JJ00
GM0308,7.3,2014JJ00
GM0308,7.6,2015JJ00
GM0308,6.4,2016JJ00
GM0308,5.2,2017JJ00
GM0308,4.4,2018JJ00
GM0308,4.0,2019JJ00
GM0308,4.3,2020JJ00
GM0308,3.4,2021JJ00
GM0308,3.3,2022JJ00
GM0308,3.3,2023JJ00
GM0489,7.2,2013JJ00
GM0489,7.2,2014JJ00
GM0489,6.7,2015JJ00
GM0489,6.0,2016JJ00
GM0489,5.4,2017JJ00
GM0489,4.5,2018JJ00
GM0489,3.7,2019JJ00
GM0489,4.4,2020JJ00
GM0489,3.9,2021JJ00
GM0489,3.4,2022JJ00
GM0489,3.2,2023JJ00
GM0203,6.2,2013JJ00
GM0203,6.5,2014JJ00
GM0203,5.7,2015JJ00
GM0203,5.2,2016JJ00
GM0203,4.5,2017JJ00
GM0203,3.7,2018JJ00
GM0203,3.3,2019JJ00
GM0203,3.7,2020JJ00
GM0203,3.2,2021JJ00
GM0203,2.9,2022JJ00
GM0203,2.8,2023JJ00
GM0888,7.3,2013JJ00
GM0888,7.1,2014JJ00
GM0888,7.1,2015JJ00
GM0888,6.1,2016JJ00
GM0888,5.0,2017JJ00
GM0888,4.5,2018JJ00
GM0888,4.1,2019JJ00
GM0888,4.4,2020JJ00
GM0888,3.4,2021JJ00
GM0888,3.2,2022JJ00
GM0888,3.1,2023JJ00
GM1954,7.3,2013JJ00
GM1954,7.3,2014JJ00
GM1954,6.6,2015JJ00
GM1954,6.0,2016JJ00
GM1954,5.1,2017JJ00
GM1954,4.3,2018JJ00
GM1954,3.7,2019JJ00
GM1954,4.2,2020JJ00
GM1954,3.1,2021JJ00
GM1954,2.9,2022JJ00
GM1954,2.9,2023JJ00
GM0889,7.6,2013JJ00
GM0889,7.6,2014JJ00
GM0889,7.5,2015JJ00
GM0889,6.8,2016JJ00
GM0889,5.3,2017JJ00
GM0889,4.3,2018JJ00
GM0889,3.9,2019JJ00
GM0889,4.5,2020JJ00
GM0889,3.6,2021JJ00
GM0889,3.1,2022JJ00
GM0889,3.1,2023JJ00
GM1945,7.7,2013JJ00
GM1945,7.9,2014JJ00
GM1945,7.2,2015JJ00
GM1945,6.3,2016JJ00
GM1945,5.6,2017JJ00
GM1945,4.6,2018JJ00
GM1945,4.1,2019JJ00
GM1945,4.5,2020JJ00
GM1945,3.3,2021JJ00
GM1945,3.0,2022JJ00
GM1945,3.0,2023JJ00
GM1724,6.6,2013JJ00
GM1724,6.7,2014JJ00
GM1724,6.4,2015JJ00
GM1724,5.5,2016JJ00
GM1724,4.4,2017JJ00
GM1724,3.7,2018JJ00
GM1724,3.4,2019JJ00
GM1724,3.9,2020JJ00
GM1724,2.7,2021JJ00
GM1724,2.8,2022JJ00
GM1724,2.7,2023JJ00
GM0893,7.3,2013JJ00
GM0893,7.3,2014JJ00
GM0893,6.8,2015JJ00
GM0893,6.2,2016JJ00
GM0893,5.3,2017JJ00
GM0893,4.4,2018JJ00
GM0893,3.8,2019JJ00
GM0893,4.1,2020JJ00
GM0893,3.4,2021JJ00
GM0893,3.2,2022JJ00
GM0893,3.0,2023JJ00
GM0373,6.9,2013JJ00
GM0373,7.0,2014JJ00
GM0373,6.3,2015JJ00
GM0373,5.4,2016JJ00
GM0373,4.9,2017JJ00
GM0373,4.5,2018JJ00
GM0373,3.9,2019JJ00
GM0373,4.1,2020JJ00
GM0373,3.1,2021JJ00
GM0373,3.0,2022JJ00
GM0373,3.0,2023JJ00
GM0748,8.0,2013JJ00
GM0748,8.3,2014JJ00
GM0748,8.7,2015JJ00
GM0748,7.8,2016JJ00
GM0748,6.4,2017JJ00
GM0748,5.0,2018JJ00
GM0748,4.7,2019JJ00
GM0748,5.1,2020JJ00
GM0748,3.9,2021JJ00
GM0748,3.6,2022JJ00
GM0748,3.6,2023JJ00
GM1859,6.9,2013JJ00
GM1859,7.3,2014JJ00
GM1859,6.7,2015JJ00
GM1859,5.7,2016JJ00
GM1859,4.8,2017JJ00
GM1859,4.1,2018JJ00
GM1859,3.6,2019JJ00
GM1859,4.0,2020JJ00
GM1859,3.0,2021JJ00
GM1859,2.8,2022JJ00
GM1859,2.8,2023JJ00
GM1721,6.8,2013JJ00
GM1721,6.7,2014JJ00
GM1721,6.3,2015JJ00
GM1721,5.5,2016JJ00
GM1721,4.7,2017JJ00
GM1721,4.0,2018JJ00
GM1721,3.6,2019JJ00
GM1721,3.9,2020JJ00
GM1721,2.9,2021JJ00
GM1721,2.7,2022JJ00
GM1721,2.7,2023JJ00
GM0753,7.3,2013JJ00
GM0753,7.5,2014JJ00
GM0753,6.7,2015JJ00
GM0753,6.1,2016JJ00
GM0753,4.9,2017JJ00
GM0753,4.2,2018JJ00
GM0753,3.8,2019JJ00
GM0753,4.2,2020JJ00
GM0753,3.8,2021JJ00
GM0753,3.4,2022JJ00
GM0753,3.1,2023JJ00
GM0209,7.4,2013JJ00
GM0209,7.1,2014JJ00
GM0209,6.8,2015JJ00
GM0209,6.0,2016JJ00
GM0209,5.1,2017JJ00
GM0209,4.2,2018JJ00
GM0209,3.7,2019JJ00
GM0209,4.0,2020JJ00
GM0209,3.1,2021JJ00
GM0209,3.0,2022JJ00
GM0209,3.1,2023JJ00
GM0375,7.5,2013JJ00
GM0375,8.0,2014JJ00
GM0375,7.4,2015JJ00
GM0375,6.6,2016JJ00
GM0375,5.5,2017JJ00
GM0375,4.7,2018JJ00
GM0375,4.2,2019JJ00
GM0375,4.6,2020JJ00
GM0375,4.1,2021JJ00
GM0375,3.6,2022JJ00
GM0375,3.6,2023JJ00
GM0310,6.9,2013JJ00
GM0310,6.9,2014JJ00
GM0310,6.4,2015JJ00
GM0310,5.5,2016JJ00
GM0310,5.2,2017JJ00
GM0310,4.4,2018JJ00
GM0310,3.9,2019JJ00
GM0310,4.3,2020JJ00
GM0310,3.4,2021JJ00
GM0310,3.3,2022JJ00
GM0310,3.3,2023JJ00
GM1728,6.1,2013JJ00
GM1728,6.3,2014JJ00
GM1728,5.8,2015JJ00
GM1728,5.4,2016JJ00
GM1728,4.3,2017JJ00
GM1728,3.8,2018JJ00
GM1728,3.5,2019JJ00
GM1728,3.7,2020JJ00
GM1728,3.0,2021JJ00
GM1728,2.7,2022JJ00
GM1728,2.8,2023JJ00
GM0376,7.4,2013JJ00
GM0376,7.4,2014JJ00
GM0376,7.2,2015JJ00
GM0376,6.3,2016JJ00
GM0376,5.5,2017JJ00
GM0376,4.4,2018JJ00
GM0376,3.8,2019JJ00
GM0376,4.1,2020JJ00
GM0376,3.4,2021JJ00
GM0376,2.9,2022JJ00
GM0376,3.0,2023JJ00
GM0377,6.7,2013JJ00
GM0377,6.7,2014JJ00
GM0377,6.4,2015JJ00
GM0377,5.7,2016JJ00
GM0377,5.1,2017JJ00
GM0377,4.3,2018JJ00
GM0377,3.8,2019JJ00
GM0377,4.1,2020JJ00
GM0377,3.6,2021JJ00
GM0377,3.1,2022JJ00
GM0377,3.1,2023JJ00
GM1901,6.6,2013JJ00
GM1901,6.5,2014JJ00
GM1901,6.1,2015JJ00
GM1901,5.4,2016JJ00
GM1901,4.7,2017JJ00
GM1901,4.0,2018JJ00
GM1901,3.6,2019JJ00
GM1901,4.0,2020JJ00
GM1901,3.0,2021JJ00
GM1901,2.7,2022JJ00
GM1901,2.9,2023JJ00
GM0755,6.6,2013JJ00
GM0755,6.4,2014JJ00
GM0755,5.9,2015JJ00
GM0755,5.1,2016JJ00
GM0755,4.4,2017JJ00
GM0755,3.7,2018JJ00
GM0755,3.5,2019JJ00
GM0755,3.7,2020JJ00
GM0755,2.9,2021JJ00
GM0755,2.7,2022JJ00
GM0755,2.7,2023JJ00
GM1681,7.8,2013JJ00
GM1681,7.8,2014JJ00
GM1681,7.8,2015JJ00
GM1681,6.5,2016JJ00
GM1681,5.8,2017JJ00
GM1681,4.8,2018JJ00
GM1681,3.9,2019JJ00
GM1681,4.4,2020JJ00
GM1681,3.4,2021JJ00
GM1681,3.0,2022JJ00
GM1681,2.9,2023JJ00
GM0147,6.8,2013JJ00
GM0147,7.2,2014JJ00
GM0147,7.1,2015JJ00
GM0147,6.3,2016JJ00
GM0147,5.1,2017JJ00
GM0147,4.2,2018JJ00
GM0147,3.7,2019JJ00
GM0147,4.0,2020JJ00
GM0147,3.2,2021JJ00
GM0147,2.9,2022JJ00
GM0147,2.9,2023JJ00
GM0654,6.2,2013JJ00
GM0654,5.7,2014JJ00
GM0654,5.9,2015JJ00
GM0654,4.8,2016JJ00
GM0654,4.3,2017JJ00
GM0654,3.5,2018JJ00
GM0654,3.3,2019JJ00
GM0654,3.6,2020JJ00
GM0654,2.9,2021JJ00
GM0654,2.6,2022JJ00
GM0654,2.6,2023JJ00
GM0757,7.4,2013JJ00
GM0757,7.3,2014JJ00
GM0757,7.1,2015JJ00
GM0757,6.6,2016JJ00
GM0757,5.3,2017JJ00
GM0757,4.3,2018JJ00
GM0757,4.0,2019JJ00
GM0757,4.3,2020JJ00
GM0757,3.5,2021JJ00
GM0757,3.1,2022JJ00
GM0757,3.0,2023JJ00
GM0758,8.3,2013JJ00
GM0758,8.1,2014JJ00
GM0758,8.1,2015JJ00
GM0758,6.8,2016JJ00
GM0758,5.5,2017JJ00
GM0758,4.8,2018JJ00
GM0758,4.6,2019JJ00
GM0758,4.9,2020JJ00
GM0758,3.9,2021JJ00
GM0758,3.6,2022JJ00
GM0758,3.7,2023JJ00
GM1876,6.9,2013JJ00
GM1876,6.8,2014JJ00
GM1876,6.1,2015JJ00
GM1876,5.3,2016JJ00
GM1876,4.8,2017JJ00
GM1876,4.0,2018JJ00
GM1876,3.4,2019JJ00
GM1876,3.8,2020JJ00
GM1876,2.8,2021JJ00
GM1876,2.9,2022JJ00
GM1876,2.6,2023JJ00
GM0213,7.0,2013JJ00
GM0213,7.5,2014JJ00
GM0213,6.6,2015JJ00
GM0213,5.9,2016JJ00
GM0213,5.2,2017JJ00
GM0213,4.5,2018JJ00
GM0213,3.9,2019JJ00
GM0213,4.2,2020JJ00
GM0213,3.3,2021JJ00
GM0213,2.9,2022JJ00
GM0213,2.9,2023JJ00
GM0899,8.6,2013JJ00
GM0899,8.4,2014JJ00
GM0899,8.3,2015JJ00
GM0899,6.6,2016JJ00
GM0899,6.2,2017JJ00
GM0899,5.1,2018JJ00
GM0899,4.6,2019JJ00
GM0899,4.9,2020JJ00
GM0899,3.9,2021JJ00
GM0899,3.5,2022JJ00
GM0899,3.7,2023JJ00
GM0312,5.9,2013JJ00
GM0312,6.0,2014JJ00
GM0312,5.5,2015JJ00
GM0312,5.4,2016JJ00
GM0312,4.2,2017JJ00
GM0312,3.7,2018JJ00
GM0312,3.5,2019JJ00
GM0312,3.8,2020JJ00
GM0312,3.0,2021JJ00
GM0312,2.7,2022JJ00
GM0312,2.8,2023JJ00
GM0313,6.4,2013JJ00
GM0313,6.5,2014JJ00
GM0313,6.2,2015JJ00
GM0313,5.2,2016JJ00
GM0313,4.3,2017JJ00
GM0313,3.6,2018JJ00
GM0313,3.3,2019JJ00
GM0313,3.6,2020JJ00
GM0313,2.8,2021JJ00
GM0313,2.6,2022JJ00
GM0313,2.7,2023JJ00
GM0214,6.7,2013JJ00
GM0214,7.0,2014JJ00
GM0214,6.2,2015JJ00
GM0214,5.8,2016JJ00
GM0214,4.9,2017JJ00
GM0214,3.9,2018JJ00
GM0214,3.5,2019JJ00
GM0214,3.6,2020JJ00
GM0214,2.8,2021JJ00
GM0214,2.8,2022JJ00
GM0214,2.7,2023JJ00
GM0502,9.0,2013JJ00
GM0502,9.6,2014JJ00
GM0502,9.3,2015JJ00
GM0502,8.1,2016JJ00
GM0502,7.0,2017JJ00
GM0502,5.4,2018JJ00
GM0502,5.3,2019JJ00
GM0502,5.4,2020JJ00
GM0502,5.0,2021JJ00
GM0502,3.9,2022JJ00
GM0502,4.1,2023JJ00
GM0383,6.2,2013JJ00
GM0383,6.6,2014JJ00
GM0383,5.9,2015JJ00
GM0383,5.0,2016JJ00
GM0383,4.6,2017JJ00
GM0383,3.9,2018JJ00
GM0383,3.6,2019JJ00
GM0383,4.0,2020JJ00
GM0383,3.2,2021JJ00
GM0383,2.8,2022JJ00
GM0383,2.8,2023JJ00
GM0109,7.5,2013JJ00
GM0109,8.3,2014JJ00
GM0109,8.1,2015JJ00
GM0109,6.8,2016JJ00
GM0109,6.0,2017JJ00
GM0109,4.8,2018JJ00
GM0109,4.0,2019JJ00
GM0109,4.5,2020JJ00
GM0109,3.8,2021JJ00
GM0109,3.0,2022JJ00
GM0109,3.0,2023JJ00
GM1706,7.1,2013JJ00
GM1706,7.4,2014JJ00
GM1706,7.0,2015JJ00
GM1706,6.0,2016JJ00
GM1706,5.0,2017JJ00
GM1706,4.2,2018JJ00
GM1706,3.8,2019JJ00
GM1706,4.3,2020JJ00
GM1706,3.2,2021JJ00
GM1706,3.0,2022JJ00
GM1706,2.9,2023JJ00
GM0216,8.0,2013JJ00
GM0216,8.5,2014JJ00
GM0216,7.9,2015JJ00
GM0216,7.0,2016JJ00
GM0216,5.6,2017JJ00
GM0216,4.6,2018JJ00
GM0216,4.1,2019JJ00
GM0216,4.5,2020JJ00
GM0216,3.9,2021JJ00
GM0216,3.4,2022JJ00
GM0216,3.2,2023JJ00
GM0148,6.1,2013JJ00
GM0148,6.0,2014JJ00
GM0148,5.7,2015JJ00
GM0148,5.5,2016JJ00
GM0148,4.5,2017JJ00
GM0148,4.0,2018JJ00
GM0148,3.3,2019JJ00
GM0148,3.6,2020JJ00
GM0148,3.0,2021JJ00
GM0148,2.5,2022JJ00
GM0148,2.6,2023JJ00
GM1891,8.7,2013JJ00
GM1891,8.6,2014JJ00
GM1891,7.8,2015JJ00
GM1891,7.0,2016JJ00
GM1891,5.9,2017JJ00
GM1891,4.8,2018JJ00
GM1891,4.1,2019JJ00
GM1891,4.6,2020JJ00
GM1891,3.5,2021JJ00
GM1891,3.5,2022JJ00
GM1891,3.1,2023JJ00
GM0503,9.2,2013JJ00
GM0503,9.5,2014JJ00
GM0503,8.6,2015JJ00
GM0503,7.9,2016JJ00
GM0503,6.8,2017JJ00
GM0503,5.8,2018JJ00
GM0503,5.2,2019JJ00
GM0503,5.8,2020JJ00
GM0503,5.9,2021JJ00
GM0503,4.5,2022JJ00
GM0503,4.6,2023JJ00
GM0762,7.1,2013JJ00
GM0762,7.6,2014JJ00
GM0762,6.8,2015JJ00
GM0762,6.1,2016JJ00
GM0762,4.8,2017JJ00
GM0762,4.2,2018JJ00
GM0762,3.8,2019JJ00
GM0762,4.2,2020JJ00
GM0762,3.1,2021JJ00
GM0762,3.0,2022JJ00
GM0762,2.9,2023JJ00
GM0150,8.3,2013JJ00
GM0150,8.8,2014JJ00
GM0150,7.9,2015JJ00
GM0150,7.8,2016JJ00
GM0150,6.5,2017JJ00
GM0150,5.6,2018JJ00
GM0150,4.5,2019JJ00
GM0150,5.1,2020JJ00
GM0150,4.0,2021JJ00
GM0150,3.4,2022JJ00
GM0150,3.6,2023JJ00
GM0384,9.5,2013JJ00
GM0384,8.7,2014JJ00
GM0384,8.3,2015JJ00
GM0384,7.5,2016JJ00
GM0384,6.7,2017JJ00
GM0384,5.7,2018JJ00
GM0384,5.0,2019JJ00
GM0384,5.7,2020JJ00
GM0384,5.0,2021JJ00
GM0384,4.2,2022JJ00
GM0384,4.2,2023JJ00
GM1980,7.2,2013JJ00
GM1980,7.4,2014JJ00
GM1980,6.6,2015JJ00
GM1980,5.8,2016JJ00
GM1980,5.0,2017JJ00
GM1980,4.3,2018JJ00
GM1980,3.7,2019JJ00
GM1980,4.3,2020JJ00
GM1980,3.5,2021JJ00
GM1980,2.9,2022JJ00
GM1980,3.1,2023JJ00
GM1774,6.2,2013JJ00
GM1774,6.2,2014JJ00
GM1774,5.9,2015JJ00
GM1774,5.5,2016JJ00
GM1774,4.6,2017JJ00
GM1774,3.8,2018JJ00
GM1774,3.5,2019JJ00
GM1774,3.8,2020JJ00
GM1774,3.0,2021JJ00
GM1774,2.7,2022JJ00
GM1774,2.6,2023JJ00
GM0221,8.6,2013JJ00
GM0221,8.9,2014JJ00
GM0221,8.8,2015JJ00
GM0221,7.7,2016JJ00
GM0221,6.6,2017JJ00
GM0221,5.4,2018JJ00
GM0221,4.6,2019JJ00
GM0221,5.0,2020JJ00
GM0221,4.4,2021JJ00
GM0221,3.5,2022JJ00
GM0221,3.5,2023JJ00
GM0222,7.8,2013JJ00
GM0222,8.0,2014JJ00
GM0222,8.1,2015JJ00
GM0222,6.9,2016JJ00
GM0222,5.8,2017JJ00
GM0222,4.7,2018JJ00
GM0222,4.0,2019JJ00
GM0222,4.5,2020JJ00
GM0222,4.2,2021JJ00
GM0222,3.3,2022JJ00
GM0222,3.2,2023JJ00
GM0766,6.9,2013JJ00
GM0766,7.0,2014JJ00
GM0766,7.1,2015JJ00
GM0766,6.2,2016JJ00
GM0766,5.0,2017JJ00
GM0766,4.3,2018JJ00
GM0766,3.7,2019JJ00
GM0766,3.9,2020JJ00
GM0766,2.9,2021JJ00
GM0766,2.9,2022JJ00
GM0766,2.8,2023JJ00
GM0505,9.1,2013JJ00
GM0505,9.5,2014JJ00
GM0505,8.6,2015JJ00
GM0505,7.8,2016JJ00
GM0505,6.4,2017JJ00
GM0505,5.3,2018JJ00
GM0505,5.1,2019JJ00
GM0505,5.6,2020JJ00
GM0505,4.7,2021JJ00
GM0505,3.8,2022JJ00
GM0505,3.7,2023JJ00
GM0498,6.4,2013JJ00
GM0498,6.6,2014JJ00
GM0498,6.3,2015JJ00
GM0498,5.4,2016JJ00
GM0498,4.6,2017JJ00
GM0498,4.0,2018JJ00
GM0498,3.6,2019JJ00
GM0498,3.8,2020JJ00
GM0498,3.0,2021JJ00
GM0498,2.8,2022JJ00
GM0498,2.8,2023JJ00
GM1719,6.4,2013JJ00
GM1719,6.8,2014JJ00
GM1719,6.5,2015JJ00
GM1719,5.6,2016JJ00
GM1719,4.6,2017JJ00
GM1719,3.8,2018JJ00
GM1719,3.5,2019JJ00
GM1719,3.7,2020JJ00
GM1719,2.9,2021JJ00
GM1719,2.8,2022JJ00
GM1719,2.7,2023JJ00
GM0303,7.9,2013JJ00
GM0303,7.6,2014JJ00
GM0303,7.0,2015JJ00
GM0303,7.0,2016JJ00
GM0303,5.4,2017JJ00
GM0303,4.4,2018JJ00
GM0303,4.0,2019JJ00
GM0303,4.2,2020JJ00
GM0303,3.4,2021JJ00
GM0303,3.0,2022JJ00
GM0303,3.1,2023JJ00
GM0225,7.0,2013JJ00
GM0225,7.2,2014JJ00
GM0225,6.7,2015JJ00
GM0225,6.3,2016JJ00
GM0225,5.0,2017JJ00
GM0225,4.3,2018JJ00
GM0225,3.8,2019JJ00
GM0225,4.1,2020JJ00
GM0225,3.8,2021JJ00
GM0225,2.8,2022JJ00
GM0225,2.8,2023JJ00
GM0226,7.5,2013JJ00
GM0226,7.6,2014JJ00
GM0226,7.2,2015JJ00
GM0226,6.4,2016JJ00
GM0226,5.3,2017JJ00
GM0226,4.8,2018JJ00
GM0226,3.9,2019JJ00
GM0226,4.4,2020JJ00
GM0226,3.6,2021JJ00
GM0226,3.3,2022JJ00
GM0226,3.0,2023JJ00
GM1711,7.7,2013JJ00
GM1711,7.7,2014JJ00
GM1711,7.0,2015JJ00
GM1711,6.0,2016JJ00
GM1711,5.1,2017JJ00
GM1711,4.4,2018JJ00
GM1711,3.9,2019JJ00
GM1711,4.5,2020JJ00
GM1711,3.2,2021JJ00
GM1711,3.3,2022JJ00
GM1711,3.1,2023JJ00
GM0385,6.2,2013JJ00
GM0385,6.3,2014JJ00
GM0385,5.7,2015JJ00
GM0385,5.0,2016JJ00
GM0385,4.3,2017JJ00
GM0385,3.8,2018JJ00
GM0385,3.3,2019JJ00
GM0385,3.7,2020JJ00
GM0385,3.1,2021JJ00
GM0385,2.8,2022JJ00
GM0385,2.6,2023JJ00
GM0228,7.1,2013JJ00
GM0228,7.5,2014JJ00
GM0228,7.1,2015JJ00
GM0228,6.7,2016JJ00
GM0228,5.1,2017JJ00
GM0228,4.3,2018JJ00
GM0228,3.8,2019JJ00
GM0228,4.4,2020JJ00
GM0228,3.7,2021JJ00
GM0228,3.0,2022JJ00
GM0228,3.1,2023JJ00
GM0317,6.8,2013JJ00
GM0317,6.9,2014JJ00
GM0317,6.3,2015JJ00
GM0317,6.0,2016JJ00
GM0317,4.9,2017JJ00
GM0317,4.1,2018JJ00
GM0317,3.8,2019JJ00
GM0317,4.1,2020JJ00
GM0317,3.4,2021JJ00
GM0317,2.9,2022JJ00
GM0317,2.9,2023JJ00
GM1979,9.3,2013JJ00
GM1979,9.3,2014JJ00
GM1979,9.1,2015JJ00
GM1979,7.6,2016JJ00
GM1979,6.6,2017JJ00
GM1979,5.4,2018JJ00
GM1979,4.7,2019JJ00
GM1979,5.0,2020JJ00
GM1979,4.2,2021JJ00
GM1979,3.6,2022JJ00
GM1979,3.7,2023JJ00
GM0770,6.4,2013JJ00
GM0770,6.3,2014JJ00
GM0770,5.9,2015JJ00
GM0770,5.3,2016JJ00
GM0770,4.3,2017JJ00
GM0770,3.7,2018JJ00
GM0770,3.4,2019JJ00
GM0770,3.7,2020JJ00
GM0770,2.9,2021JJ00
GM0770,2.7,2022JJ00
GM0770,2.6,2023JJ00
GM1903,6.4,2013JJ00
GM1903,6.6,2014JJ00
GM1903,6.3,2015JJ00
GM1903,5.5,2016JJ00
GM1903,4.5,2017JJ00
GM1903,3.7,2018JJ00
GM1903,3.4,2019JJ00
GM1903,4.0,2020JJ00
GM1903,2.8,2021JJ00
GM1903,2.8,2022JJ00
GM1903,2.8,2023JJ00
GM0772,9.2,2013JJ00
GM0772,9.8,2014JJ00
GM0772,9.1,2015JJ00
GM0772,7.8,2016JJ00
GM0772,6.4,2017JJ00
GM0772,5.3,2018JJ00
GM0772,5.0,2019JJ00
GM0772,5.4,2020JJ00
GM0772,4.6,2021JJ00
GM0772,3.8,2022JJ00
GM0772,4.1,2023JJ00
GM0230,6.6,2013JJ00
GM0230,6.3,2014JJ00
GM0230,5.9,2015JJ00
GM0230,5.6,2016JJ00
GM0230,4.8,2017JJ00
GM0230,4.1,2018JJ00
GM0230,3.6,2019JJ00
GM0230,3.9,2020JJ00
GM0230,3.2,2021JJ00
GM0230,2.8,2022JJ00
GM0230,2.8,2023JJ00
GM0114,9.3,2013JJ00
GM0114,9.1,2014JJ00
GM0114,9.2,2015JJ00
GM0114,8.4,2016JJ00
GM0114,7.2,2017JJ00
GM0114,6.0,2018JJ00
GM0114,4.7,2019JJ00
GM0114,5.7,2020JJ00
GM0114,4.1,2021JJ00
GM0114,3.4,2022JJ00
GM0114,3.5,2023JJ00
GM0388,7.5,2013JJ00
GM0388,7.5,2014JJ00
GM0388,7.1,2015JJ00
GM0388,6.7,2016JJ00
GM0388,5.6,2017JJ00
GM0388,4.6,2018JJ00
GM0388,4.2,2019JJ00
GM0388,4.4,2020JJ00
GM0388,3.7,2021JJ00
GM0388,3.2,2022JJ00
GM0388,3.3,2023JJ00
GM0153,10.9,2013JJ00
GM0153,10.3,2014JJ00
GM0153,9.4,2015JJ00
GM0153,9.5,2016JJ00
GM0153,8.1,2017JJ00
GM0153,6.2,2018JJ00
GM0153,5.4,2019JJ00
GM0153,5.9,2020JJ00
GM0153,5.1,2021JJ00
GM0153,4.2,2022JJ00
GM0153,4.4,2023JJ00
GM0232,6.9,2013JJ00
GM0232,7.3,2014JJ00
GM0232,6.8,2015JJ00
GM0232,6.1,2016JJ00
GM0232,4.9,2017JJ00
GM0232,4.3,2018JJ00
GM0232,3.8,2019JJ00
GM0232,4.2,2020JJ00
GM0232,3.5,2021JJ00
GM0232,3.0,2022JJ00
GM0232,2.8,2023JJ00
GM0233,6.8,2013JJ00
GM0233,6.7,2014JJ00
GM0233,6.5,2015JJ00
GM0233,5.8,2016JJ00
GM0233,4.9,2017JJ00
GM0233,4.2,2018JJ00
GM0233,3.7,2019JJ00
GM0233,4.0,2020JJ00
GM0233,3.3,2021JJ00
GM0233,2.8,2022JJ00
GM0233,2.9,2023JJ00
GM0777,7.7,2013JJ00
GM0777,7.7,2014JJ00
GM0777,7.1,2015JJ00
GM0777,6.0,2016JJ00
GM0777,5.5,2017JJ00
GM0777,4.6,2018JJ00
GM0777,4.1,2019JJ00
GM0777,4.5,2020JJ00
GM0777,3.5,2021JJ00
GM0777,3.3,2022JJ00
GM0777,3.2,2023JJ00
GM1940,7.3,2013JJ00
GM1940,7.6,2014JJ00
GM1940,7.0,2015JJ00
GM1940,6.4,2016JJ00
GM1940,5.4,2017JJ00
GM1940,4.6,2018JJ00
GM1940,3.8,2019JJ00
GM1940,4.1,2020JJ00
GM1940,3.9,2021JJ00
GM1940,3.0,2022JJ00
GM1940,3.1,2023JJ00
GM0779,6.8,2013JJ00
GM0779,6.8,2014JJ00
GM0779,6.8,2015JJ00
GM0779,6.1,2016JJ00
GM0779,4.9,2017JJ00
GM0779,4.0,2018JJ00
GM0779,3.6,2019JJ00
GM0779,3.9,2020JJ00
GM0779,3.0,2021JJ00
GM0779,2.8,2022JJ00
GM0779,2.8,2023JJ00
GM1771,7.4,2013JJ00
GM1771,7.7,2014JJ00
GM1771,7.7,2015JJ00
GM1771,6.7,2016JJ00
GM1771,5.2,2017JJ00
GM1771,4.4,2018JJ00
GM1771,4.2,2019JJ00
GM1771,4.5,2020JJ00
GM1771,3.7,2021JJ00
GM1771,3.2,2022JJ00
GM1771,3.3,2023JJ00
GM1652,6.7,2013JJ00
GM1652,7.0,2014JJ00
GM1652,6.5,2015JJ00
GM1652,5.6,2016JJ00
GM1652,4.7,2017JJ00
GM1652,4.2,2018JJ00
GM1652,3.7,2019JJ00
GM1652,3.9,2020JJ00
GM1652,3.0,2021JJ00
GM1652,2.8,2022JJ00
GM1652,2.8,2023JJ00
GM0907,7.6,2013JJ00
GM0907,7.9,2014JJ00
GM0907,7.3,2015JJ00
GM0907,6.0,2016JJ00
GM0907,5.4,2017JJ00
GM0907,4.3,2018JJ00
GM0907,3.9,2019JJ00
GM0907,4.4,2020JJ00
GM0907,3.4,2021JJ00
GM0907,3.0,2022JJ00
GM0907,3.2,2023JJ00
GM0784,7.1,2013JJ00
GM0784,7.3,2014JJ00
GM0784,7.0,2015JJ00
GM0784,6.4,2016JJ00
GM0784,5.0,2017JJ00
GM0784,4.3,2018JJ00
GM0784,4.0,2019JJ00
GM0784,4.1,2020JJ00
GM0784,3.3,2021JJ00
GM0784,2.9,2022JJ00
GM0784,2.9,2023JJ00
GM1924,6.0,2013JJ00
GM1924,6.1,2014JJ00
GM1924,5.8,2015JJ00
GM1924,4.9,2016JJ00
GM1924,4.6,2017JJ00
GM1924,3.8,2018JJ00
GM1924,3.5,2019JJ00
GM1924,3.8,2020JJ00
GM1924,2.8,2021JJ00
GM1924,2.7,2022JJ00
GM1924,2.7,2023JJ00
GM0664,7.1,2013JJ00
GM0664,6.6,2014JJ00
GM0664,6.8,2015JJ00
GM0664,5.6,2016JJ00
GM0664,4.7,2017JJ00
GM0664,3.9,2018JJ00
GM0664,3.9,2019JJ00
GM0664,4.1,2020JJ00
GM0664,3.6,2021JJ00
GM0664,2.8,2022JJ00
GM0664,2.8,2023JJ00
GM0785,6.6,2013JJ00
GM0785,6.7,2014JJ00
GM0785,6.6,2015JJ00
GM0785,5.7,2016JJ00
GM0785,4.8,2017JJ00
GM0785,4.0,2018JJ00
GM0785,3.6,2019JJ00
GM0785,4.0,2020JJ00
GM0785,3.0,2021JJ00
GM0785,2.9,2022JJ00
GM0785,2.9,2023JJ00
GM1942,7.3,2013JJ00
GM1942,7.8,2014JJ00
GM1942,7.1,2015JJ00
GM1942,6.1,2016JJ00
GM1942,5.3,2017JJ00
GM1942,4.4,2018JJ00
GM1942,3.9,2019JJ00
GM1942,4.6,2020JJ00
GM1942,3.4,2021JJ00
GM1942,3.3,2022JJ00
GM1942,3.3,2023JJ00
GM0512,8.0,2013JJ00
GM0512,8.3,2014JJ00
GM0512,7.6,2015JJ00
GM0512,6.8,2016JJ00
GM0512,5.7,2017JJ00
GM0512,5.0,2018JJ00
GM0512,4.3,2019JJ00
GM0512,4.7,2020JJ00
GM0512,4.4,2021JJ00
GM0512,3.4,2022JJ00
GM0512,3.4,2023JJ00
GM0513,8.6,2013JJ00
GM0513,8.6,2014JJ00
GM0513,9.0,2015JJ00
GM0513,7.8,2016JJ00
GM0513,5.9,2017JJ00
GM0513,4.8,2018JJ00
GM0513,4.8,2019JJ00
GM0513,4.8,2020JJ00
GM0513,4.6,2021JJ00
GM0513,3.6,2022JJ00
GM0513,3.5,2023JJ00
GM0518,10.8,2013JJ00
GM0518,11.8,2014JJ00
GM0518,11.1,2015JJ00
GM0518,9.8,2016JJ00
GM0518,8.3,2017JJ00
GM0518,6.3,2018JJ00
GM0518,6.2,2019JJ00
GM0518,6.5,2020JJ00
GM0518,6.2,2021JJ00
GM0518,4.7,2022JJ00
GM0518,4.7,2023JJ00
GM0014,9.9,2013JJ00
GM0014,10.3,2014JJ00
GM0014,11.1,2015JJ00
GM0014,9.6,2016JJ00
GM0014,8.4,2017JJ00
GM0014,7.5,2018JJ00
GM0014,6.7,2019JJ00
GM0014,6.5,2020JJ00
GM0014,6.0,2021JJ00
GM0014,4.9,2022JJ00
GM0014,4.8,2023JJ00
GM1729,6.8,2013JJ00
GM1729,7.2,2014JJ00
GM1729,7.0,2015JJ00
GM1729,6.1,2016JJ00
GM1729,4.9,2017JJ00
GM1729,4.2,2018JJ00
GM1729,3.9,2019JJ00
GM1729,4.0,2020JJ00
GM1729,3.2,2021JJ00
GM1729,2.9,2022JJ00
GM1729,3.0,2023JJ00
GM0158,7.1,2013JJ00
GM0158,7.1,2014JJ00
GM0158,6.2,2015JJ00
GM0158,6.7,2016JJ00
GM0158,5.4,2017JJ00
GM0158,4.3,2018JJ00
GM0158,3.8,2019JJ00
GM0158,4.0,2020JJ00
GM0158,3.4,2021JJ00
GM0158,2.9,2022JJ00
GM0158,2.9,2023JJ00
GM0392,8.0,2013JJ00
GM0392,7.5,2014JJ00
GM0392,7.4,2015JJ00
GM0392,6.4,2016JJ00
GM0392,5.8,2017JJ00
GM0392,4.6,2018JJ00
GM0392,4.4,2019JJ00
GM0392,5.0,2020JJ00
GM0392,4.2,2021JJ00
GM0392,3.6,2022JJ00
GM0392,3.7,2023JJ00
GM0394,7.6,2013JJ00
GM0394,7.6,2014JJ00
GM0394,7.1,2015JJ00
GM0394,6.1,2016JJ00
GM0394,5.0,2017JJ00
GM0394,4.2,2018JJ00
GM0394,3.9,2019JJ00
GM0394,4.8,2020JJ00
GM0394,4.7,2021JJ00
GM0394,3.5,2022JJ00
GM0394,3.5,2023JJ00
GM1655,7.4,2013JJ00
GM1655,7.8,2014JJ00
GM1655,7.2,2015JJ00
GM1655,6.5,2016JJ00
GM1655,5.3,2017JJ00
GM1655,4.1,2018JJ00
GM1655,3.9,2019JJ00
GM1655,4.2,2020JJ00
GM1655,3.3,2021JJ00
GM1655,3.1,2022JJ00
GM1655,3.1,2023JJ00
GM0160,7.5,2013JJ00
GM0160,6.9,2014JJ00
GM0160,6.9,2015JJ00
GM0160,6.5,2016JJ00
GM0160,5.4,2017JJ00
GM0160,4.2,2018JJ00
GM0160,3.7,2019JJ00
GM0160,4.3,2020JJ00
GM0160,3.1,2021JJ00
GM0160,2.8,2022JJ00
GM0160,2.9,2023JJ00
GM0243,7.3,2013JJ00
GM0243,7.5,2014JJ00
GM0243,6.9,2015JJ00
GM0243,6.3,2016JJ00
GM0243,5.5,2017JJ00
GM0243,4.3,2018JJ00
GM0243,4.0,2019JJ00
GM0243,4.3,2020JJ00
GM0243,3.8,2021JJ00
GM0243,3.2,2022JJ00
GM0243,3.1,2023JJ00
GM0523,6.1,2013JJ00
GM0523,6.1,2014JJ00
GM0523,5.6,2015JJ00
GM0523,5.0,2016JJ00
GM0523,4.4,2017JJ00
GM0523,3.9,2018JJ00
GM0523,3.4,2019JJ00
GM0523,3.7,2020JJ00
GM0523,2.9,2021JJ00
GM0523,2.7,2022JJ00
GM0523,2.7,2023JJ00
GM0072,9.0,2013JJ00
GM0072,9.1,2014JJ00
GM0072,9.0,2015JJ00
GM0072,7.9,2016JJ00
GM0072,6.6,2017JJ00
GM0072,5.3,2018JJ00
GM0072,4.5,2019JJ00
GM0072,5.0,2020JJ00
GM0072,4.1,2021JJ00
GM0072,3.5,2022JJ00
GM0072,3.5,2023JJ00
GM0244,6.8,2013JJ00
GM0244,6.6,2014JJ00
GM0244,6.2,2015JJ00
GM0244,5.6,2016JJ00
GM0244,4.7,2017JJ00
GM0244,4.2,2018JJ00
GM0244,3.6,2019JJ00
GM0244,3.9,2020JJ00
GM0244,3.1,2021JJ00
GM0244,2.9,2022JJ00
GM0244,2.8,2023JJ00
GM0396,7.0,2013JJ00
GM0396,7.7,2014JJ00
GM0396,7.3,2015JJ00
GM0396,6.6,2016JJ00
GM0396,5.3,2017JJ00
GM0396,4.4,2018JJ00
GM0396,4.0,2019JJ00
GM0396,4.4,2020JJ00
GM0396,3.8,2021JJ00
GM0396,3.3,2022JJ00
GM0396,3.3,2023JJ00
GM0397,6.9,2013JJ00
GM0397,7.1,2014JJ00
GM0397,6.6,2015JJ00
GM0397,5.9,2016JJ00
GM0397,5.2,2017JJ00
GM0397,4.2,2018JJ00
GM0397,3.6,2019JJ00
GM0397,4.2,2020JJ00
GM0397,3.4,2021JJ00
GM0397,3.1,2022JJ00
GM0397,3.2,2023JJ00
GM0246,6.5,2013JJ00
GM0246,6.6,2014JJ00
GM0246,6.4,2015JJ00
GM0246,5.6,2016JJ00
GM0246,4.6,2017JJ00
GM0246,3.7,2018JJ00
GM0246,3.4,2019JJ00
GM0246,3.7,2020JJ00
GM0246,2.9,2021JJ00
GM0246,2.8,2022JJ00
GM0246,2.6,2023JJ00
GM0074,8.6,2013JJ00
GM0074,9.2,2014JJ00
GM0074,7.9,2015JJ00
GM0074,6.8,2016JJ00
GM0074,6.3,2017JJ00
GM0074,4.9,2018JJ00
GM0074,4.4,2019JJ00
GM0074,4.8,2020JJ00
GM0074,4.0,2021JJ00
GM0074,3.4,2022JJ00
GM0074,3.5,2023JJ00
GM0917,9.9,2013JJ00
GM0917,10.3,2014JJ00
GM0917,9.6,2015JJ00
GM0917,7.9,2016JJ00
GM0917,7.0,2017JJ00
GM0917,5.8,2018JJ00
GM0917,5.5,2019JJ00
GM0917,5.7,2020JJ00
GM0917,4.5,2021JJ00
GM0917,4.1,2022JJ00
GM0917,4.1,2023JJ00
GM1658,6.2,2013JJ00
GM1658,6.7,2014JJ00
GM1658,6.2,2015JJ00
GM1658,5.5,2016JJ00
GM1658,4.5,2017JJ00
GM1658,3.8,2018JJ00
GM1658,3.7,2019JJ00
GM1658,3.8,2020JJ00
GM1658,2.9,2021JJ00
GM1658,2.7,2022JJ00
GM1658,2.7,2023JJ00
GM0399,6.8,2013JJ00
GM0399,6.7,2014JJ00
GM0399,6.1,2015JJ00
GM0399,5.4,2016JJ00
GM0399,5.0,2017JJ00
GM0399,4.1,2018JJ00
GM0399,3.9,2019JJ00
GM0399,4.1,2020JJ00
GM0399,3.4,2021JJ00
GM0399,2.9,2022JJ00
GM0399,3.0,2023JJ00
GM0400,8.4,2013JJ00
GM0400,8.6,2014JJ00
GM0400,8.1,2015JJ00
GM0400,6.9,2016JJ00
GM0400,6.2,2017JJ00
GM0400,5.0,2018JJ00
GM0400,4.5,2019JJ00
GM0400,4.8,2020JJ00
GM0400,3.9,2021JJ00
GM0400,3.6,2022JJ00
GM0400,3.5,2023JJ00
GM0163,7.0,2013JJ00
GM0163,7.3,2014JJ00
GM0163,6.9,2015JJ00
GM0163,6.4,2016JJ00
GM0163,4.9,2017JJ00
GM0163,3.9,2018JJ00
GM0163,3.5,2019JJ00
GM0163,3.8,2020JJ00
GM0163,2.9,2021JJ00
GM0163,2.6,2022JJ00
GM0163,2.7,2023JJ00
GM0794,9.2,2013JJ00
GM0794,9.8,2014JJ00
GM0794,8.8,2015JJ00
GM0794,7.4,2016JJ00
GM0794,6.1,2017JJ00
GM0794,5.3,2018JJ00
GM0794,4.9,2019JJ00
GM0794,5.8,2020JJ00
GM0794,4.1,2021JJ00
GM0794,3.6,2022JJ00
GM0794,3.8,2023JJ00
GM0531,6.4,2013JJ00
GM0531,6.2,2014JJ00
GM0531,5.9,2015JJ00
GM0531,5.2,2016JJ00
GM0531,4.5,2017JJ00
GM0531,4.0,2018JJ00
GM0531,3.5,2019JJ00
GM0531,4.0,2020JJ00
GM0531,3.2,2021JJ00
GM0531,2.9,2022JJ00
GM0531,2.9,2023JJ00
GM0164,8.5,2013JJ00
GM0164,8.7,2014JJ00
GM0164,9.0,2015JJ00
GM0164,8.0,2016JJ00
GM0164,6.1,2017JJ00
GM0164,5.0,2018JJ00
GM0164,4.5,2019JJ00
GM0164,5.3,2020JJ00
GM0164,3.9,2021JJ00
GM0164,3.5,2022JJ00
GM0164,3.6,2023JJ00
GM0796,7.8,2013JJ00
GM0796,8.5,2014JJ00
GM0796,7.9,2015JJ00
GM0796,6.4,2016JJ00
GM0796,5.6,2017JJ00
GM0796,4.5,2018JJ00
GM0796,4.3,2019JJ00
GM0796,4.6,2020JJ00
GM0796,3.2,2021JJ00
GM0796,3.5,2022JJ00
GM0796,3.3,2023JJ00
GM0252,6.9,2013JJ00
GM0252,7.1,2014JJ00
GM0252,6.4,2015JJ00
GM0252,5.7,2016JJ00
GM0252,4.9,2017JJ00
GM0252,4.1,2018JJ00
GM0252,3.8,2019JJ00
GM0252,4.1,2020JJ00
GM0252,3.5,2021JJ00
GM0252,3.0,2022JJ00
GM0252,3.0,2023JJ00
GM0797,6.8,2013JJ00
GM0797,7.2,2014JJ00
GM0797,7.3,2015JJ00
GM0797,6.1,2016JJ00
GM0797,5.2,2017JJ00
GM0797,4.1,2018JJ00
GM0797,3.8,2019JJ00
GM0797,4.1,2020JJ00
GM0797,3.2,2021JJ00
GM0797,3.0,2022JJ00
GM0797,2.8,2023JJ00
GM0534,7.0,2013JJ00
GM0534,7.4,2014JJ00
GM0534,6.9,2015JJ00
GM0534,5.8,2016JJ00
GM0534,5.0,2017JJ00
GM0534,3.9,2018JJ00
GM0534,3.7,2019JJ00
GM0534,4.2,2020JJ00
GM0534,3.5,2021JJ00
GM0534,3.0,2022JJ00
GM0534,3.0,2023JJ00
GM0798,6.3,2013JJ00
GM0798,6.1,2014JJ00
GM0798,5.7,2015JJ00
GM0798,5.3,2016JJ00
GM0798,4.3,2017JJ00
GM0798,3.7,2018JJ00
GM0798,3.3,2019JJ00
GM0798,3.6,2020JJ00
GM0798,2.6,2021JJ00
GM0798,2.6,2022JJ00
GM0798,2.5,2023JJ00
GM0402,7.8,2013JJ00
GM0402,8.3,2014JJ00
GM0402,7.4,2015JJ00
GM0402,6.6,2016JJ00
GM0402,5.6,2017JJ00
GM0402,5.1,2018JJ00
GM0402,4.4,2019JJ00
GM0402,4.8,2020JJ00
GM0402,4.3,2021JJ00
GM0402,3.4,2022JJ00
GM0402,3.6,2023JJ00
GM1963,6.3,2013JJ00
GM1963,6.3,2014JJ00
GM1963,6.1,2015JJ00
GM1963,5.5,2016JJ00
GM1963,4.4,2017JJ00
GM1963,3.9,2018JJ00
GM1963,3.7,2019JJ00
GM1963,4.0,2020JJ00
GM1963,3.5,2021JJ00
GM1963,2.7,2022JJ00
GM1963,2.7,2023JJ00
GM1735,6.9,2013JJ00
GM1735,7.0,2014JJ00
GM1735,6.4,2015JJ00
GM1735,5.6,2016JJ00
GM1735,5.1,2017JJ00
GM1735,4.2,2018JJ00
GM1735,3.9,2019JJ00
GM1735,4.0,2020JJ00
GM1735,2.9,2021JJ00
GM1735,2.8,2022JJ00
GM1735,2.8,2023JJ00
GM1966,7.7,2013JJ00
GM1966,7.6,2014JJ00
GM1966,7.7,2015JJ00
GM1966,6.6,2016JJ00
GM1966,5.7,2017JJ00
GM1966,4.8,2018JJ00
GM1966,4.6,2019JJ00
GM1966,4.4,2020JJ00
GM1966,3.4,2021JJ00
GM1966,3.2,2022JJ00
GM1966,3.1,2023JJ00
GM1911,6.2,2013JJ00
GM1911,6.7,2014JJ00
GM1911,6.2,2015JJ00
GM1911,6.0,2016JJ00
GM1911,4.7,2017JJ00
GM1911,3.8,2018JJ00
GM1911,3.5,2019JJ00
GM1911,4.0,2020JJ00
GM1911,3.2,2021JJ00
GM1911,2.9,2022JJ00
GM1911,2.9,2023JJ00
GM0118,9.1,2013JJ00
GM0118,9.0,2014JJ00
GM0118,8.1,2015JJ00
GM0118,7.0,2016JJ00
GM0118,5.6,2017JJ00
GM0118,4.7,2018JJ00
GM0118,3.8,2019JJ00
GM0118,4.6,2020JJ00
GM0118,3.5,2021JJ00
GM0118,3.2,2022JJ00
GM0118,3.2,2023JJ00
GM0405,8.1,2013JJ00
GM0405,8.7,2014JJ00
GM0405,7.6,2015JJ00
GM0405,7.0,2016JJ00
GM0405,6.3,2017JJ00
GM0405,5.1,2018JJ00
GM0405,4.5,2019JJ00
GM0405,4.8,2020JJ00
GM0405,4.2,2021JJ00
GM0405,3.4,2022JJ00
GM0405,3.5,2023JJ00
GM1507,6.6,2013JJ00
GM1507,7.1,2014JJ00
GM1507,6.3,2015JJ00
GM1507,5.0,2016JJ00
GM1507,4.5,2017JJ00
GM1507,3.6,2018JJ00
GM1507,3.4,2019JJ00
GM1507,4.0,2020JJ00
GM1507,2.9,2021JJ00
GM1507,2.9,2022JJ00
GM1507,2.8,2023JJ00
GM0321,6.3,2013JJ00
GM0321,6.0,2014JJ00
GM0321,6.2,2015JJ00
GM0321,5.6,2016JJ00
GM0321,4.7,2017JJ00
GM0321,4.1,2018JJ00
GM0321,3.9,2019JJ00
GM0321,4.0,2020JJ00
GM0321,3.3,2021JJ00
GM0321,2.8,2022JJ00
GM0321,2.8,2023JJ00
GM0406,8.0,2013JJ00
GM0406,7.8,2014JJ00
GM0406,7.4,2015JJ00
GM0406,6.6,2016JJ00
GM0406,5.6,2017JJ00
GM0406,4.5,2018JJ00
GM0406,4.1,2019JJ00
GM0406,4.6,2020JJ00
GM0406,4.0,2021JJ00
GM0406,3.2,2022JJ00
GM0406,3.3,2023JJ00
GM0677,7.0,2013JJ00
GM0677,6.4,2014JJ00
GM0677,6.6,2015JJ00
GM0677,5.4,2016JJ00
GM0677,4.8,2017JJ00
GM0677,4.1,2018JJ00
GM0677,3.9,2019JJ00
GM0677,4.2,2020JJ00
GM0677,3.3,2021JJ00
GM0677,2.8,2022JJ00
GM0677,2.8,2023JJ00
GM0353,7.3,2013JJ00
GM0353,7.3,2014JJ00
GM0353,6.8,2015JJ00
GM0353,6.0,2016JJ00
GM0353,5.2,2017JJ00
GM0353,4.3,2018JJ00
GM0353,3.9,2019JJ00
GM0353,4.4,2020JJ00
GM0353,3.6,2021JJ00
GM0353,3.0,2022JJ00
GM0353,3.2,2023JJ00
GM1884,6.1,2013JJ00
GM1884,6.0,2014JJ00
GM1884,5.6,2015JJ00
GM1884,5.4,2016JJ00
GM1884,4.6,2017JJ00
GM1884,3.8,2018JJ00
GM1884,3.4,2019JJ00
GM1884,3.8,2020JJ00
GM1884,3.4,2021JJ00
GM1884,2.8,2022JJ00
GM1884,2.8,2023JJ00
GM0166,7.3,2013JJ00
GM0166,7.4,2014JJ00
GM0166,6.8,2015JJ00
GM0166,6.1,2016JJ00
GM0166,5.1,2017JJ00
GM0166,4.3,2018JJ00
GM0166,3.8,2019JJ00
GM0166,4.2,2020JJ00
GM0166,3.3,2021JJ00
GM0166,2.9,2022JJ00
GM0166,3.0,2023JJ00
GM0678,5.9,2013JJ00
GM0678,5.7,2014JJ00
GM0678,5.6,2015JJ00
GM0678,4.9,2016JJ00
GM0678,3.9,2017JJ00
GM0678,3.6,2018JJ00
GM0678,3.4,2019JJ00
GM0678,3.6,2020JJ00
GM0678,2.7,2021JJ00
GM0678,2.5,2022JJ00
GM0678,2.4,2023JJ00
GM0537,6.2,2013JJ00
GM0537,5.8,2014JJ00
GM0537,5.6,2015JJ00
GM0537,5.3,2016JJ00
GM0537,4.6,2017JJ00
GM0537,3.7,2018JJ00
GM0537,3.6,2019JJ00
GM0537,3.8,2020JJ00
GM0537,3.2,2021JJ00
GM0537,2.9,2022JJ00
GM0537,2.8,2023JJ00
GM0928,10.1,2013JJ00
GM0928,10.0,2014JJ00
GM0928,9.0,2015JJ00
GM0928,8.1,2016JJ00
GM0928,6.5,2017JJ00
GM0928,5.6,2018JJ00
GM0928,4.9,2019JJ00
GM0928,5.6,2020JJ00
GM0928,4.2,2021JJ00
GM0928,4.0,2022JJ00
GM0928,3.8,2023JJ00
GM1598,6.3,2013JJ00
GM1598,6.4,2014JJ00
GM1598,5.5,2015JJ00
GM1598,5.1,2016JJ00
GM1598,4.4,2017JJ00
GM1598,4.0,2018JJ00
GM1598,3.4,2019JJ00
GM1598,3.7,2020JJ00
GM1598,2.9,2021JJ00
GM1598,2.6,2022JJ00
GM1598,2.7,2023JJ00
GM0542,7.7,2013JJ00
GM0542,7.6,2014JJ00
GM0542,6.7,2015JJ00
GM0542,6.3,2016JJ00
GM0542,5.3,2017JJ00
GM0542,4.5,2018JJ00
GM0542,4.0,2019JJ00
GM0542,4.4,2020JJ00
GM0542,3.6,2021JJ00
GM0542,3.3,2022JJ00
GM0542,3.2,2023JJ00
GM1931,6.7,2013JJ00
GM1931,6.7,2014JJ00
GM1931,6.0,2015JJ00
GM1931,5.5,2016JJ00
GM1931,4.8,2017JJ00
GM1931,4.0,2018JJ00
GM1931,3.6,2019JJ00
GM1931,4.1,2020JJ00
GM1931,3.1,2021JJ00
GM1931,2.9,2022JJ00
GM1931,2.9,2023JJ00
GM1659,6.5,2013JJ00
GM1659,6.7,2014JJ00
GM1659,6.5,2015JJ00
GM1659,5.8,2016JJ00
GM1659,4.6,2017JJ00
GM1659,4.0,2018JJ00
GM1659,3.7,2019JJ00
GM1659,4.0,2020JJ00
GM1659,3.1,2021JJ00
GM1659,2.7,2022JJ00
GM1659,2.7,2023JJ00
GM1982,7.0,2013JJ00
GM1982,7.2,2014JJ00
GM1982,6.9,2015JJ00
GM1982,6.3,2016JJ00
GM1982,5.1,2017JJ00
GM1982,4.2,2018JJ00
GM1982,3.8,2019JJ00
GM1982,4.1,2020JJ00
GM1982,3.2,2021JJ00
GM1982,2.8,2022JJ00
GM1982,2.8,2023JJ00
GM0882,8.3,2013JJ00
GM0882,8.3,2014JJ00
GM0882,8.2,2015JJ00
GM0882,6.8,2016JJ00
GM0882,5.8,2017JJ00
GM0882,5.0,2018JJ00
GM0882,4.4,2019JJ00
GM0882,4.9,2020JJ00
GM0882,4.0,2021JJ00
GM0882,3.4,2022JJ00
GM0882,3.5,2023JJ00
GM0415,6.6,2013JJ00
GM0415,6.5,2014JJ00
GM0415,6.5,2015JJ00
GM0415,5.7,2016JJ00
GM0415,4.8,2017JJ00
GM0415,4.1,2018JJ00
GM0415,3.7,2019JJ00
GM0415,4.2,2020JJ00
GM0415,3.5,2021JJ00
GM0415,3.0,2022JJ00
GM0415,3.1,2023JJ00
GM1621,6.5,2013JJ00
GM1621,6.4,2014JJ00
GM1621,6.1,2015JJ00
GM1621,5.6,2016JJ00
GM1621,4.7,2017JJ00
GM1621,3.8,2018JJ00
GM1621,3.6,2019JJ00
GM1621,3.9,2020JJ00
GM1621,3.4,2021JJ00
GM1621,3.0,2022JJ00
GM1621,2.9,2023JJ00
GM0417,7.2,2013JJ00
GM0417,7.2,2014JJ00
GM0417,6.9,2015JJ00
GM0417,6.5,2016JJ00
GM0417,5.2,2017JJ00
GM0417,4.5,2018JJ00
GM0417,4.0,2019JJ00
GM0417,4.2,2020JJ00
GM0417,3.7,2021JJ00
GM0417,3.1,2022JJ00
GM0417,3.1,2023JJ00
GM0080,11.3,2013JJ00
GM0080,10.3,2014JJ00
GM0080,10.7,2015JJ00
GM0080,8.8,2016JJ00
GM0080,8.0,2017JJ00
GM0080,7.0,2018JJ00
GM0080,5.6,2019JJ00
GM0080,5.7,2020JJ00
GM0080,5.6,2021JJ00
GM0080,4.5,2022JJ00
GM0080,4.5,2023JJ00
GM0546,8.8,2013JJ00
GM0546,8.3,2014JJ00
GM0546,7.7,2015JJ00
GM0546,7.5,2016JJ00
GM0546,6.4,2017JJ00
GM0546,5.3,2018JJ00
GM0546,5.1,2019JJ00
GM0546,5.5,2020JJ00
GM0546,4.6,2021JJ00
GM0546,4.1,2022JJ00
GM0546,4.1,2023JJ00
GM0547,7.1,2013JJ00
GM0547,7.4,2014JJ00
GM0547,6.8,2015JJ00
GM0547,6.1,2016JJ00
GM0547,5.1,2017JJ00
GM0547,4.3,2018JJ00
GM0547,3.9,2019JJ00
GM0547,4.3,2020JJ00
GM0547,4.0,2021JJ00
GM0547,3.3,2022JJ00
GM0547,3.1,2023JJ00
GM1916,8.5,2013JJ00
GM1916,8.1,2014JJ00
GM1916,7.8,2015JJ00
GM1916,7.2,2016JJ00
GM1916,5.9,2017JJ00
GM1916,5.0,2018JJ00
GM1916,4.7,2019JJ00
GM1916,5.2,2020JJ00
GM1916,4.0,2021JJ00
GM1916,3.6,2022JJ00
GM1916,3.5,2023JJ00
GM0995,10.5,2013JJ00
GM0995,11.2,2014JJ00
GM0995,8.8,2015JJ00
GM0995,8.3,2016JJ00
GM0995,7.6,2017JJ00
GM0995,5.6,2018JJ00
GM0995,5.1,2019JJ00
GM0995,5.4,2020JJ00
GM0995,4.7,2021JJ00
GM0995,3.8,2022JJ00
GM0995,3.8,2023JJ00
GM1640,6.3,2013JJ00
GM1640,6.3,2014JJ00
GM1640,6.2,2015JJ00
GM1640,5.4,2016JJ00
GM1640,4.6,2017JJ00
GM1640,3.9,2018JJ00
GM1640,3.6,2019JJ00
GM1640,3.9,2020JJ00
GM1640,2.9,2021JJ00
GM1640,2.9,2022JJ00
GM1640,2.9,2023JJ00
GM0327,6.7,2013JJ00
GM0327,6.7,2014JJ00
GM0327,6.6,2015JJ00
GM0327,5.7,2016JJ00
GM0327,4.8,2017JJ00
GM0327,4.2,2018JJ00
GM0327,3.6,2019JJ00
GM0327,3.9,2020JJ00
GM0327,3.3,2021JJ00
GM0327,3.0,2022JJ00
GM0327,2.9,2023JJ00
GM1705,7.6,2013JJ00
GM1705,6.8,2014JJ00
GM1705,6.4,2015JJ00
GM1705,6.0,2016JJ00
GM1705,5.0,2017JJ00
GM1705,4.4,2018JJ00
GM1705,3.6,2019JJ00
GM1705,3.9,2020JJ00
GM1705,3.2,2021JJ00
GM1705,2.7,2022JJ00
GM1705,2.7,2023JJ00
GM0553,6.7,2013JJ00
GM0553,6.8,2014JJ00
GM0553,6.3,2015JJ00
GM0553,5.8,2016JJ00
GM0553,4.7,2017JJ00
GM0553,3.9,2018JJ00
GM0553,3.8,2019JJ00
GM0553,4.0,2020JJ00
GM0553,3.2,2021JJ00
GM0553,2.9,2022JJ00
GM0553,2.9,2023JJ00
GM0262,6.9,2013JJ00
GM0262,7.7,2014JJ00
GM0262,6.9,2015JJ00
GM0262,6.3,2016JJ00
GM0262,5.1,2017JJ00
GM0262,4.0,2018JJ00
GM0262,3.5,2019JJ00
GM0262,4.1,2020JJ00
GM0262,3.5,2021JJ00
GM0262,2.9,2022JJ00
GM0262,2.9,2023JJ00
GM0809,7.2,2013JJ00
GM0809,7.1,2014JJ00
GM0809,7.3,2015JJ00
GM0809,5.7,2016JJ00
GM0809,4.9,2017JJ00
GM0809,4.1,2018JJ00
GM0809,3.7,2019JJ00
GM0809,4.0,2020JJ00
GM0809,3.2,2021JJ00
GM0809,2.8,2022JJ00
GM0809,2.7,2023JJ00
GM0331,6.2,2013JJ00
GM0331,6.2,2014JJ00
GM0331,5.9,2015JJ00
GM0331,5.1,2016JJ00
GM0331,4.3,2017JJ00
GM0331,3.8,2018JJ00
GM0331,3.4,2019JJ00
GM0331,3.9,2020JJ00
GM0331,3.0,2021JJ00
GM0331,2.7,2022JJ00
GM0331,2.7,2023JJ00
GM0168,7.5,2013JJ00
GM0168,7.9,2014JJ00
GM0168,7.7,2015JJ00
GM0168,7.1,2016JJ00
GM0168,5.4,2017JJ00
GM0168,4.6,2018JJ00
GM0168,3.9,2019JJ00
GM0168,4.2,2020JJ00
GM0168,3.4,2021JJ00
GM0168,3.0,2022JJ00
GM0168,2.9,2023JJ00
GM0263,7.0,2013JJ00
GM0263,6.8,2014JJ00
GM0263,6.1,2015JJ00
GM0263,5.5,2016JJ00
GM0263,4.6,2017JJ00
GM0263,3.8,2018JJ00
GM0263,3.6,2019JJ00
GM0263,3.9,2020JJ00
GM0263,3.1,2021JJ00
GM0263,2.7,2022JJ00
GM0263,2.8,2023JJ00
GM1641,6.7,2013JJ00
GM1641,6.9,2014JJ00
GM1641,6.3,2015JJ00
GM1641,5.8,2016JJ00
GM1641,4.7,2017JJ00
GM1641,4.0,2018JJ00
GM1641,3.7,2019JJ00
GM1641,4.2,2020JJ00
GM1641,3.3,2021JJ00
GM1641,3.0,2022JJ00
GM1641,2.9,2023JJ00
GM1991,7.2,2013JJ00
GM1991,7.3,2014JJ00
GM1991,6.7,2015JJ00
GM1991,5.8,2016JJ00
GM1991,5.1,2017JJ00
GM1991,4.1,2018JJ00
GM1991,3.9,2019JJ00
GM1991,4.3,2020JJ00
GM1991,3.2,2021JJ00
GM1991,2.9,2022JJ00
GM1991,3.0,2023JJ00
GM0556,8.5,2013JJ00
GM0556,8.9,2014JJ00
GM0556,8.3,2015JJ00
GM0556,7.4,2016JJ00
GM0556,6.3,2017JJ00
GM0556,5.1,2018JJ00
GM0556,4.5,2019JJ00
GM0556,5.0,2020JJ00
GM0556,4.2,2021JJ00
GM0556,3.7,2022JJ00
GM0556,3.6,2023JJ00
GM0935,9.1,2013JJ00
GM0935,9.1,2014JJ00
GM0935,8.5,2015JJ00
GM0935,7.6,2016JJ00
GM0935,6.6,2017JJ00
GM0935,5.2,2018JJ00
GM0935,5.1,2019JJ00
GM0935,6.0,2020JJ00
GM0935,4.9,2021JJ00
GM0935,4.8,2022JJ00
GM0935,4.4,2023JJ00
GM0420,7.0,2013JJ00
GM0420,6.8,2014JJ00
GM0420,5.9,2015JJ00
GM0420,5.5,2016JJ00
GM0420,5.1,2017JJ00
GM0420,4.3,2018JJ00
GM0420,3.8,2019JJ00
GM0420,4.1,2020JJ00
GM0420,3.3,2021JJ00
GM0420,3.1,2022JJ00
GM0420,3.0,2023JJ00
GM0938,7.3,2013JJ00
GM0938,7.5,2014JJ00
GM0938,6.9,2015JJ00
GM0938,6.0,2016JJ00
GM0938,5.3,2017JJ00
GM0938,4.4,2018JJ00
GM0938,3.6,2019JJ00
GM0938,4.1,2020JJ00
GM0938,3.2,2021JJ00
GM0938,3.0,2022JJ00
GM0938,2.9,2023JJ00
GM1948,6.7,2013JJ00
GM1948,7.0,2014JJ00
GM1948,6.4,2015JJ00
GM1948,5.6,2016JJ00
GM1948,4.7,2017JJ00
GM1948,3.8,2018JJ00
GM1948,3.6,2019JJ00
GM1948,4.0,2020JJ00
GM1948,2.8,2021JJ00
GM1948,2.8,2022JJ00
GM1948,2.8,2023JJ00
GM0119,8.0,2013JJ00
GM0119,8.5,2014JJ00
GM0119,7.7,2015JJ00
GM0119,7.0,2016JJ00
GM0119,5.7,2017JJ00
GM0119,4.8,2018JJ00
GM0119,3.9,2019JJ00
GM0119,4.7,2020JJ00
GM0119,3.7,2021JJ00
GM0119,3.4,2022JJ00
GM0119,3.2,2023JJ00
GM0687,7.0,2013JJ00
GM0687,6.4,2014JJ00
GM0687,6.6,2015JJ00
GM0687,5.4,2016JJ00
GM0687,4.9,2017JJ00
GM0687,4.4,2018JJ00
GM0687,4.1,2019JJ00
GM0687,4.4,2020JJ00
GM0687,4.1,2021JJ00
GM0687,2.9,2022JJ00
GM0687,3.0,2023JJ00
GM1842,5.7,2013JJ00
GM1842,5.7,2014JJ00
GM1842,5.5,2015JJ00
GM1842,4.8,2016JJ00
GM1842,4.1,2017JJ00
GM1842,3.6,2018JJ00
GM1842,3.4,2019JJ00
GM1842,3.7,2020JJ00
GM1842,2.8,2021JJ00
GM1842,2.6,2022JJ00
GM1842,2.6,2023JJ00
GM1731,6.9,2013JJ00
GM1731,7.1,2014JJ00
GM1731,6.9,2015JJ00
GM1731,6.2,2016JJ00
GM1731,5.1,2017JJ00
GM1731,4.4,2018JJ00
GM1731,3.7,2019JJ00
GM1731,4.1,2020JJ00
GM1731,3.1,2021JJ00
GM1731,2.8,2022JJ00
GM1731,2.8,2023JJ00
GM1952,8.8,2013JJ00
GM1952,9.5,2014JJ00
GM1952,8.6,2015JJ00
GM1952,7.9,2016JJ00
GM1952,6.7,2017JJ00
GM1952,5.9,2018JJ00
GM1952,5.4,2019JJ00
GM1952,5.7,2020JJ00
GM1952,5.0,2021JJ00
GM1952,3.5,2022JJ00
GM1952,3.6,2023JJ00
GM1709,6.6,2013JJ00
GM1709,6.9,2014JJ00
GM1709,6.6,2015JJ00
GM1709,6.2,2016JJ00
GM1709,5.1,2017JJ00
GM1709,4.3,2018JJ00
GM1709,3.7,2019JJ00
GM1709,4.1,2020JJ00
GM1709,3.3,2021JJ00
GM1709,3.0,2022JJ00
GM1709,2.9,2023JJ00
GM1978,5.9,2013JJ00
GM1978,5.9,2014JJ00
GM1978,5.4,2015JJ00
GM1978,4.9,2016JJ00
GM1978,4.3,2017JJ00
GM1978,3.8,2018JJ00
GM1978,3.4,2019JJ00
GM1978,3.8,2020JJ00
GM1978,3.0,2021JJ00
GM1978,2.7,2022JJ00
GM1978,2.6,2023JJ00
GM1955,7.6,2013JJ00
GM1955,8.0,2014JJ00
GM1955,7.2,2015JJ00
GM1955,6.2,2016JJ00
GM1955,5.2,2017JJ00
GM1955,4.2,2018JJ00
GM1955,3.8,2019JJ00
GM1955,4.2,2020JJ00
GM1955,3.2,2021JJ00
GM1955,3.0,2022JJ00
GM1955,2.9,2023JJ00
GM0335,6.1,2013JJ00
GM0335,6.1,2014JJ00
GM0335,5.7,2015JJ00
GM0335,5.4,2016JJ00
GM0335,4.3,2017JJ00
GM0335,3.7,2018JJ00
GM0335,3.4,2019JJ00
GM0335,3.7,2020JJ00
GM0335,3.3,2021JJ00
GM0335,2.7,2022JJ00
GM0335,2.7,2023JJ00
GM0944,6.9,2013JJ00
GM0944,7.0,2014JJ00
GM0944,6.6,2015JJ00
GM0944,6.1,2016JJ00
GM0944,5.0,2017JJ00
GM0944,4.3,2018JJ00
GM0944,3.8,2019JJ00
GM0944,4.0,2020JJ00
GM0944,3.0,2021JJ00
GM0944,2.9,2022JJ00
GM0944,2.8,2023JJ00
GM1740,6.5,2013JJ00
GM1740,6.8,2014JJ00
GM1740,6.1,2015JJ00
GM1740,5.6,2016JJ00
GM1740,4.7,2017JJ00
GM1740,3.9,2018JJ00
GM1740,3.6,2019JJ00
GM1740,3.9,2020JJ00
GM1740,3.0,2021JJ00
GM1740,2.8,2022JJ00
GM1740,2.8,2023JJ00
GM0946,6.7,2013JJ00
GM0946,6.9,2014JJ00
GM0946,6.4,2015JJ00
GM0946,5.5,2016JJ00
GM0946,4.6,2017JJ00
GM0946,3.8,2018JJ00
GM0946,3.4,2019JJ00
GM0946,3.8,2020JJ00
GM0946,3.0,2021JJ00
GM0946,2.8,2022JJ00
GM0946,2.8,2023JJ00
GM0356,8.2,2013JJ00
GM0356,7.5,2014JJ00
GM0356,7.5,2015JJ00
GM0356,6.5,2016JJ00
GM0356,5.9,2017JJ00
GM0356,4.7,2018JJ00
GM0356,4.3,2019JJ00
GM0356,4.8,2020JJ00
GM0356,4.2,2021JJ00
GM0356,3.6,2022JJ00
GM0356,3.5,2023JJ00
GM0569,6.1,2013JJ00
GM0569,6.2,2014JJ00
GM0569,5.8,2015JJ00
GM0569,5.3,2016JJ00
GM0569,4.4,2017JJ00
GM0569,3.6,2018JJ00
GM0569,3.3,2019JJ00
GM0569,3.7,2020JJ00
GM0569,2.9,2021JJ00
GM0569,2.7,2022JJ00
GM0569,2.7,2023JJ00
GM0267,6.7,2013JJ00
GM0267,6.7,2014JJ00
GM0267,5.8,2015JJ00
GM0267,5.4,2016JJ00
GM0267,4.5,2017JJ00
GM0267,3.8,2018JJ00
GM0267,3.5,2019JJ00
GM0267,3.9,2020JJ00
GM0267,3.2,2021JJ00
GM0267,2.7,2022JJ00
GM0267,2.7,2023JJ00
GM0268,9.9,2013JJ00
GM0268,9.7,2014JJ00
GM0268,9.2,2015JJ00
GM0268,8.3,2016JJ00
GM0268,6.3,2017JJ00
GM0268,5.8,2018JJ00
GM0268,5.0,2019JJ00
GM0268,5.6,2020JJ00
GM0268,5.4,2021JJ00
GM0268,4.4,2022JJ00
GM0268,4.0,2023JJ00
GM1930,8.0,2013JJ00
GM1930,8.4,2014JJ00
GM1930,8.8,2015JJ00
GM1930,7.4,2016JJ00
GM1930,6.1,2017JJ00
GM1930,4.9,2018JJ00
GM1930,5.1,2019JJ00
GM1930,5.2,2020JJ00
GM1930,4.6,2021JJ00
GM1930,3.5,2022JJ00
GM1930,3.6,2023JJ00
GM1970,8.1,2013JJ00
GM1970,8.2,2014JJ00
GM1970,7.7,2015JJ00
GM1970,6.7,2016JJ00
GM1970,5.7,2017JJ00
GM1970,4.7,2018JJ00
GM1970,4.0,2019JJ00
GM1970,4.4,2020JJ00
GM1970,3.6,2021JJ00
GM1970,3.1,2022JJ00
GM1970,3.3,2023JJ00
GM1695,7.2,2013JJ00
GM1695,7.1,2014JJ00
GM1695,6.6,2015JJ00
GM1695,5.6,2016JJ00
GM1695,4.9,2017JJ00
GM1695,4.2,2018JJ00
GM1695,3.7,2019JJ00
GM1695,4.0,2020JJ00
GM1695,3.2,2021JJ00
GM1695,2.8,2022JJ00
GM1695,2.7,2023JJ00
GM1699,7.1,2013JJ00
GM1699,7.3,2014JJ00
GM1699,7.1,2015JJ00
GM1699,6.5,2016JJ00
GM1699,5.4,2017JJ00
GM1699,4.5,2018JJ00
GM1699,3.9,2019JJ00
GM1699,4.3,2020JJ00
GM1699,3.3,2021JJ00
GM1699,2.9,2022JJ00
GM1699,2.9,2023JJ00
GM0171,7.8,2013JJ00
GM0171,8.3,2014JJ00
GM0171,7.5,2015JJ00
GM0171,6.4,2016JJ00
GM0171,5.3,2017JJ00
GM0171,4.4,2018JJ00
GM0171,4.0,2019JJ00
GM0171,4.2,2020JJ00
GM0171,3.5,2021JJ00
GM0171,3.1,2022JJ00
GM0171,3.2,2023JJ00
GM0575,6.4,2013JJ00
GM0575,6.7,2014JJ00
GM0575,6.2,2015JJ00
GM0575,5.7,2016JJ00
GM0575,4.8,2017JJ00
GM0575,4.1,2018JJ00
GM0575,3.8,2019JJ00
GM0575,4.1,2020JJ00
GM0575,3.5,2021JJ00
GM0575,3.1,2022JJ00
GM0575,2.9,2023JJ00
GM0820,7.3,2013JJ00
GM0820,7.2,2014JJ00
GM0820,7.0,2015JJ00
GM0820,5.7,2016JJ00
GM0820,4.9,2017JJ00
GM0820,4.1,2018JJ00
GM0820,3.8,2019JJ00
GM0820,4.2,2020JJ00
GM0820,3.3,2021JJ00
GM0820,3.0,2022JJ00
GM0820,2.8,2023JJ00
GM0302,6.6,2013JJ00
GM0302,6.7,2014JJ00
GM0302,6.0,2015JJ00
GM0302,5.5,2016JJ00
GM0302,4.4,2017JJ00
GM0302,3.7,2018JJ00
GM0302,3.4,2019JJ00
GM0302,3.7,2020JJ00
GM0302,2.9,2021JJ00
GM0302,2.6,2022JJ00
GM0302,2.7,2023JJ00
GM0579,6.6,2013JJ00
GM0579,6.5,2014JJ00
GM0579,6.1,2015JJ00
GM0579,5.6,2016JJ00
GM0579,4.8,2017JJ00
GM0579,4.1,2018JJ00
GM0579,3.7,2019JJ00
GM0579,4.2,2020JJ00
GM0579,3.5,2021JJ00
GM0579,3.1,2022JJ00
GM0579,3.1,2023JJ00
GM0823,6.4,2013JJ00
GM0823,6.6,2014JJ00
GM0823,6.2,2015JJ00
GM0823,5.6,2016JJ00
GM0823,4.6,2017JJ00
GM0823,3.8,2018JJ00
GM0823,3.5,2019JJ00
GM0823,3.9,2020JJ00
GM0823,2.8,2021JJ00
GM0823,2.6,2022JJ00
GM0823,2.6,2023JJ00
GM0824,6.8,2013JJ00
GM0824,6.9,2014JJ00
GM0824,6.7,2015JJ00
GM0824,5.6,2016JJ00
GM0824,4.8,2017JJ00
GM0824,4.0,2018JJ00
GM0824,3.6,2019JJ00
GM0824,3.9,2020JJ00
GM0824,3.2,2021JJ00
GM0824,2.8,2022JJ00
GM0824,2.7,2023JJ00
GM1895,9.0,2013JJ00
GM1895,9.6,2014JJ00
GM1895,9.1,2015JJ00
GM1895,8.6,2016JJ00
GM1895,7.7,2017JJ00
GM1895,6.5,2018JJ00
GM1895,5.4,2019JJ00
GM1895,5.4,2020JJ00
GM1895,4.3,2021JJ00
GM1895,3.4,2022JJ00
GM1895,3.6,2023JJ00
GM0269,6.6,2013JJ00
GM0269,6.8,2014JJ00
GM0269,6.2,2015JJ00
GM0269,6.0,2016JJ00
GM0269,4.7,2017JJ00
GM0269,3.8,2018JJ00
GM0269,3.6,2019JJ00
GM0269,3.7,2020JJ00
GM0269,3.1,2021JJ00
GM0269,2.8,2022JJ00
GM0269,2.6,2023JJ00
GM0173,7.5,2013JJ00
GM0173,7.6,2014JJ00
GM0173,7.1,2015JJ00
GM0173,6.8,2016JJ00
GM0173,5.4,2017JJ00
GM0173,4.4,2018JJ00
GM0173,4.1,2019JJ00
GM0173,4.4,2020JJ00
GM0173,3.8,2021JJ00
GM0173,3.0,2022JJ00
GM0173,3.0,2023JJ00
GM1773,6.6,2013JJ00
GM1773,6.7,2014JJ00
GM1773,6.4,2015JJ00
GM1773,5.4,2016JJ00
GM1773,4.6,2017JJ00
GM1773,4.0,2018JJ00
GM1773,3.7,2019JJ00
GM1773,3.9,2020JJ00
GM1773,3.2,2021JJ00
GM1773,2.8,2022JJ00
GM1773,2.8,2023JJ00
GM0175,7.1,2013JJ00
GM0175,6.9,2014JJ00
GM0175,6.2,2015JJ00
GM0175,6.0,2016JJ00
GM0175,5.1,2017JJ00
GM0175,4.1,2018JJ00
GM0175,3.6,2019JJ00
GM0175,4.2,2020JJ00
GM0175,3.3,2021JJ00
GM0175,2.8,2022JJ00
GM0175,2.9,2023JJ00
GM1586,6.7,2013JJ00
GM1586,7.1,2014JJ00
GM1586,6.3,2015JJ00
GM1586,5.4,2016JJ00
GM1586,4.6,2017JJ00
GM1586,3.7,2018JJ00
GM1586,3.4,2019JJ00
GM1586,3.7,2020JJ00
GM1586,2.7,2021JJ00
GM1586,2.7,2022JJ00
GM1586,2.6,2023JJ00
GM0826,7.8,2013JJ00
GM0826,8.3,2014JJ00
GM0826,8.1,2015JJ00
GM0826,7.0,2016JJ00
GM0826,5.6,2017JJ00
GM0826,4.5,2018JJ00
GM0826,4.2,2019JJ00
GM0826,4.7,2020JJ00
GM0826,3.6,2021JJ00
GM0826,3.3,2022JJ00
GM0826,3.2,2023JJ00
GM0085,8.4,2013JJ00
GM0085,8.3,2014JJ00
GM0085,7.7,2015JJ00
GM0085,7.3,2016JJ00
GM0085,5.9,2017JJ00
GM0085,4.6,2018JJ00
GM0085,4.0,2019JJ00
GM0085,4.5,2020JJ00
GM0085,3.8,2021JJ00
GM0085,3.2,2022JJ00
GM0085,3.2,2023JJ00
GM0431,6.3,2013JJ00
GM0431,6.6,2014JJ00
GM0431,6.1,2015JJ00
GM0431,5.9,2016JJ00
GM0431,4.6,2017JJ00
GM0431,4.0,2018JJ00
GM0431,3.5,2019JJ00
GM0431,4.0,2020JJ00
GM0431,3.3,2021JJ00
GM0431,3.0,2022JJ00
GM0431,2.9,2023JJ00
GM0432,6.6,2013JJ00
GM0432,6.4,2014JJ00
GM0432,5.8,2015JJ00
GM0432,5.4,2016JJ00
GM0432,4.6,2017JJ00
GM0432,3.8,2018JJ00
GM0432,3.5,2019JJ00
GM0432,3.7,2020JJ00
GM0432,2.9,2021JJ00
GM0432,2.7,2022JJ00
GM0432,2.7,2023JJ00
GM0086,8.0,2013JJ00
GM0086,8.3,2014JJ00
GM0086,7.6,2015JJ00
GM0086,6.6,2016JJ00
GM0086,5.5,2017JJ00
GM0086,4.6,2018JJ00
GM0086,3.7,2019JJ00
GM0086,4.2,2020JJ00
GM0086,3.7,2021JJ00
GM0086,3.0,2022JJ00
GM0086,3.0,2023JJ00
GM0828,8.1,2013JJ00
GM0828,8.8,2014JJ00
GM0828,7.5,2015JJ00
GM0828,6.7,2016JJ00
GM0828,5.5,2017JJ00
GM0828,4.8,2018JJ00
GM0828,4.1,2019JJ00
GM0828,4.3,2020JJ00
GM0828,3.7,2021JJ00
GM0828,3.1,2022JJ00
GM0828,3.2,2023JJ00
GM1509,7.3,2013JJ00
GM1509,7.8,2014JJ00
GM1509,7.6,2015JJ00
GM1509,7.5,2016JJ00
GM1509,5.8,2017JJ00
GM1509,4.4,2018JJ00
GM1509,3.9,2019JJ00
GM1509,4.1,2020JJ00
GM1509,3.2,2021JJ00
GM1509,3.0,2022JJ00
GM1509,3.0,2023JJ00
GM0437,6.9,2013JJ00
GM0437,7.3,2014JJ00
GM0437,6.7,2015JJ00
GM0437,6.4,2016JJ00
GM0437,5.5,2017JJ00
GM0437,4.7,2018JJ00
GM0437,4.2,2019JJ00
GM0437,4.7,2020JJ00
GM0437,3.9,2021JJ00
GM0437,3.3,2022JJ00
GM0437,3.5,2023JJ00
GM0589,6.1,2013JJ00
GM0589,6.1,2014JJ00
GM0589,6.2,2015JJ00
GM0589,5.1,2016JJ00
GM0589,4.3,2017JJ00
GM0589,3.8,2018JJ00
GM0589,3.4,2019JJ00
GM0589,3.7,2020JJ00
GM0589,2.8,2021JJ00
GM0589,2.7,2022JJ00
GM0589,2.7,2023JJ00
GM1734,7.1,2013JJ00
GM1734,7.0,2014JJ00
GM1734,6.5,2015JJ00
GM1734,5.9,2016JJ00
GM1734,5.2,2017JJ00
GM1734,4.1,2018JJ00
GM1734,3.5,2019JJ00
GM1734,3.8,2020JJ00
GM1734,3.3,2021JJ00
GM1734,2.8,2022JJ00
GM1734,2.6,2023JJ00
GM0590,6.6,2013JJ00
GM0590,6.7,2014JJ00
GM0590,6.6,2015JJ00
GM0590,5.7,2016JJ00
GM0590,4.9,2017JJ00
GM0590,4.4,2018JJ00
GM0590,3.9,2019JJ00
GM0590,4.3,2020JJ00
GM0590,3.9,2021JJ00
GM0590,3.1,2022JJ00
GM0590,3.2,2023JJ00
GM1894,6.7,2013JJ00
GM1894,6.8,2014JJ00
GM1894,6.5,2015JJ00
GM1894,5.5,2016JJ00
GM1894,4.5,2017JJ00
GM1894,3.6,2018JJ00
GM1894,3.3,2019JJ00
GM1894,3.9,2020JJ00
GM1894,3.0,2021JJ00
GM1894,2.9,2022JJ00
GM1894,2.8,2023JJ00
GM0765,9.2,2013JJ00
GM0765,9.4,2014JJ00
GM0765,9.5,2015JJ00
GM0765,8.0,2016JJ00
GM0765,6.5,2017JJ00
GM0765,5.6,2018JJ00
GM0765,4.9,2019JJ00
GM0765,5.1,2020JJ00
GM0765,4.0,2021JJ00
GM0765,3.5,2022JJ00
GM0765,3.4,2023JJ00
GM1926,6.4,2013JJ00
GM1926,6.3,2014JJ00
GM1926,6.2,2015JJ00
GM1926,5.7,2016JJ00
GM1926,4.7,2017JJ00
GM1926,3.8,2018JJ00
GM1926,3.6,2019JJ00
GM1926,4.0,2020JJ00
GM1926,3.3,2021JJ00
GM1926,2.8,2022JJ00
GM1926,3.0,2023JJ00
GM0439,7.9,2013JJ00
GM0439,8.1,2014JJ00
GM0439,7.3,2015JJ00
GM0439,6.7,2016JJ00
GM0439,5.8,2017JJ00
GM0439,4.9,2018JJ00
GM0439,4.2,2019JJ00
GM0439,5.0,2020JJ00
GM0439,4.5,2021JJ00
GM0439,3.5,2022JJ00
GM0439,3.4,2023JJ00
GM0273,6.4,2013JJ00
GM0273,6.4,2014JJ00
GM0273,6.0,2015JJ00
GM0273,5.6,2016JJ00
GM0273,4.3,2017JJ00
GM0273,3.8,2018JJ00
GM0273,3.3,2019JJ00
GM0273,3.8,2020JJ00
GM0273,2.9,2021JJ00
GM0273,2.7,2022JJ00
GM0273,2.6,2023JJ00
GM0177,6.8,2013JJ00
GM0177,6.4,2014JJ00
GM0177,6.5,2015JJ00
GM0177,5.8,2016JJ00
GM0177,4.6,2017JJ00
GM0177,3.8,2018JJ00
GM0177,3.4,2019JJ00
GM0177,3.6,2020JJ00
GM0177,2.8,2021JJ00
GM0177,2.5,2022JJ00
GM0177,2.7,2023JJ00
GM0703,6.4,2013JJ00
GM0703,6.4,2014JJ00
GM0703,6.0,2015JJ00
GM0703,5.3,2016JJ00
GM0703,4.4,2017JJ00
GM0703,3.8,2018JJ00
GM0703,3.6,2019JJ00
GM0703,4.0,2020JJ00
GM0703,3.2,2021JJ00
GM0703,2.7,2022JJ00
GM0703,2.8,2023JJ00
GM0274,7.5,2013JJ00
GM0274,7.7,2014JJ00
GM0274,7.3,2015JJ00
GM0274,6.1,2016JJ00
GM0274,5.6,2017JJ00
GM0274,4.5,2018JJ00
GM0274,4.0,2019JJ00
GM0274,4.4,2020JJ00
GM0274,3.5,2021JJ00
GM0274,3.0,2022JJ00
GM0274,3.1,2023JJ00
GM0339,6.2,2013JJ00
GM0339,5.9,2014JJ00
GM0339,5.6,2015JJ00
GM0339,5.0,2016JJ00
GM0339,4.3,2017JJ00
GM0339,3.5,2018JJ00
GM0339,3.2,2019JJ00
GM0339,3.5,2020JJ00
GM0339,2.7,2021JJ00
GM0339,2.5,2022JJ00
GM0339,2.6,2023JJ00
GM1667,6.4,2013JJ00
GM1667,6.1,2014JJ00
GM1667,5.5,2015JJ00
GM1667,5.0,2016JJ00
GM1667,4.2,2017JJ00
GM1667,3.5,2018JJ00
GM1667,3.3,2019JJ00
GM1667,3.7,2020JJ00
GM1667,2.8,2021JJ00
GM1667,2.7,2022JJ00
GM1667,2.7,2023JJ00
GM0275,7.9,2013JJ00
GM0275,8.3,2014JJ00
GM0275,7.8,2015JJ00
GM0275,7.5,2016JJ00
GM0275,5.9,2017JJ00
GM0275,4.9,2018JJ00
GM0275,4.6,2019JJ00
GM0275,5.0,2020JJ00
GM0275,4.3,2021JJ00
GM0275,3.7,2022JJ00
GM0275,3.3,2023JJ00
GM0340,7.2,2013JJ00
GM0340,7.2,2014JJ00
GM0340,6.7,2015JJ00
GM0340,5.8,2016JJ00
GM0340,5.0,2017JJ00
GM0340,4.2,2018JJ00
GM0340,3.8,2019JJ00
GM0340,4.0,2020JJ00
GM0340,3.2,2021JJ00
GM0340,3.1,2022JJ00
GM0340,3.1,2023JJ00
GM0597,7.9,2013JJ00
GM0597,7.9,2014JJ00
GM0597,7.2,2015JJ00
GM0597,6.4,2016JJ00
GM0597,5.5,2017JJ00
GM0597,4.3,2018JJ00
GM0597,4.3,2019JJ00
GM0597,4.6,2020JJ00
GM0597,4.6,2021JJ00
GM0597,3.3,2022JJ00
GM0597,3.4,2023JJ00
GM1742,7.1,2013JJ00
GM1742,7.0,2014JJ00
GM1742,6.4,2015JJ00
GM1742,6.0,2016JJ00
GM1742,4.7,2017JJ00
GM1742,3.9,2018JJ00
GM1742,3.5,2019JJ00
GM1742,3.7,2020JJ00
GM1742,2.9,2021JJ00
GM1742,2.6,2022JJ00
GM1742,2.7,2023JJ00
GM0603,8.9,2013JJ00
GM0603,9.0,2014JJ00
GM0603,8.8,2015JJ00
GM0603,8.0,2016JJ00
GM0603,6.4,2017JJ00
GM0603,5.2,2018JJ00
GM0603,4.9,2019JJ00
GM0603,5.3,2020JJ00
GM0603,4.9,2021JJ00
GM0603,3.8,2022JJ00
GM0603,3.8,2023JJ00
GM1669,7.1,2013JJ00
GM1669,7.1,2014JJ00
GM1669,6.7,2015JJ00
GM1669,6.0,2016JJ00
GM1669,5.2,2017JJ00
GM1669,4.3,2018JJ00
GM1669,3.8,2019JJ00
GM1669,4.4,2020JJ00
GM1669,3.4,2021JJ00
GM1669,3.2,2022JJ00
GM1669,3.0,2023JJ00
GM0957,8.0,2013JJ00
GM0957,8.2,2014JJ00
GM0957,7.9,2015JJ00
GM0957,7.1,2016JJ00
GM0957,6.3,2017JJ00
GM0957,5.0,2018JJ00
GM0957,4.7,2019JJ00
GM0957,5.3,2020JJ00
GM0957,4.4,2021JJ00
GM0957,3.9,2022JJ00
GM0957,3.8,2023JJ00
GM0736,6.6,2013JJ00
GM0736,6.6,2014JJ00
GM0736,6.4,2015JJ00
GM0736,5.4,2016JJ00
GM0736,4.7,2017JJ00
GM0736,4.0,2018JJ00
GM0736,3.6,2019JJ00
GM0736,3.9,2020JJ00
GM0736,3.6,2021JJ00
GM0736,3.2,2022JJ00
GM0736,2.9,2023JJ00
GM1674,8.1,2013JJ00
GM1674,8.6,2014JJ00
GM1674,7.8,2015JJ00
GM1674,6.8,2016JJ00
GM1674,6.4,2017JJ00
GM1674,5.0,2018JJ00
GM1674,4.6,2019JJ00
GM1674,5.1,2020JJ00
GM1674,4.1,2021JJ00
GM1674,3.5,2022JJ00
GM1674,3.6,2023JJ00
GM0599,13.2,2013JJ00
GM0599,13.5,2014JJ00
GM0599,12.9,2015JJ00
GM0599,12.2,2016JJ00
GM0599,9.2,2017JJ00
GM0599,7.3,2018JJ00
GM0599,7.1,2019JJ00
GM0599,6.8,2020JJ00
GM0599,7.3,2021JJ00
GM0599,5.3,2022JJ00
GM0599,5.3,2023JJ00
GM0277,6.5,2013JJ00
GM0277,6.8,2014JJ00
GM0277,6.3,2015JJ00
GM0277,5.2,2016JJ00
GM0277,4.4,2017JJ00
GM0277,3.7,2018JJ00
GM0277,3.5,2019JJ00
GM0277,3.5,2020JJ00
GM0277,2.8,2021JJ00
GM0277,2.5,2022JJ00
GM0277,2.4,2023JJ00
GM0840,7.3,2013JJ00
GM0840,7.7,2014JJ00
GM0840,7.0,2015JJ00
GM0840,6.4,2016JJ00
GM0840,5.4,2017JJ00
GM0840,4.1,2018JJ00
GM0840,3.7,2019JJ00
GM0840,4.0,2020JJ00
GM0840,3.0,2021JJ00
GM0840,2.9,2022JJ00
GM0840,2.8,2023JJ00
GM0441,6.8,2013JJ00
GM0441,6.6,2014JJ00
GM0441,6.1,2015JJ00
GM0441,5.4,2016JJ00
GM0441,4.7,2017JJ00
GM0441,3.9,2018JJ00
GM0441,3.6,2019JJ00
GM0441,4.0,2020JJ00
GM0441,3.1,2021JJ00
GM0441,2.8,2022JJ00
GM0441,2.9,2023JJ00
GM0279,6.2,2013JJ00
GM0279,6.4,2014JJ00
GM0279,5.8,2015JJ00
GM0279,5.1,2016JJ00
GM0279,4.5,2017JJ00
GM0279,3.7,2018JJ00
GM0279,3.3,2019JJ00
GM0279,3.7,2020JJ00
GM0279,2.9,2021JJ00
GM0279,2.7,2022JJ00
GM0279,2.7,2023JJ00
GM0606,9.7,2013JJ00
GM0606,10.5,2014JJ00
GM0606,10.3,2015JJ00
GM0606,8.6,2016JJ00
GM0606,7.4,2017JJ00
GM0606,5.8,2018JJ00
GM0606,5.4,2019JJ00
GM0606,5.8,2020JJ00
GM0606,5.2,2021JJ00
GM0606,4.4,2022JJ00
GM0606,4.1,2023JJ00
GM0088,6.6,2013JJ00
GM0088,6.0,2014JJ00
GM0088,5.4,2015JJ00
GM0088,5.3,2016JJ00
GM0088,4.7,2017JJ00
GM0088,4.0,2018JJ00
GM0088,3.9,2019JJ00
GM0088,4.7,2020JJ00
GM0088,3.2,2021JJ00
GM0088,2.8,2022JJ00
GM0088,2.9,2023JJ00
GM1676,6.1,2013JJ00
GM1676,5.8,2014JJ00
GM1676,5.8,2015JJ00
GM1676,5.0,2016JJ00
GM1676,4.7,2017JJ00
GM1676,3.8,2018JJ00
GM1676,3.5,2019JJ00
GM1676,3.7,2020JJ00
GM1676,3.3,2021JJ00
GM1676,2.6,2022JJ00
GM1676,2.4,2023JJ00
GM0965,7.6,2013JJ00
GM0965,7.4,2014JJ00
GM0965,7.1,2015JJ00
GM0965,6.0,2016JJ00
GM0965,5.0,2017JJ00
GM0965,4.4,2018JJ00
GM0965,3.8,2019JJ00
GM0965,4.3,2020JJ00
GM0965,3.4,2021JJ00
GM0965,3.0,2022JJ00
GM0965,2.9,2023JJ00
GM0845,6.2,2013JJ00
GM0845,6.3,2014JJ00
GM0845,6.2,2015JJ00
GM0845,5.5,2016JJ00
GM0845,4.7,2017JJ00
GM0845,4.2,2018JJ00
GM0845,3.6,2019JJ00
GM0845,3.8,2020JJ00
GM0845,2.9,2021JJ00
GM0845,2.7,2022JJ00
GM0845,2.6,2023JJ00
GM1883,8.9,2013JJ00
GM1883,8.4,2014JJ00
GM1883,7.6,2015JJ00
GM1883,6.5,2016JJ00
GM1883,6.1,2017JJ00
GM1883,4.9,2018JJ00
GM1883,4.4,2019JJ00
GM1883,4.9,2020JJ00
GM1883,3.8,2021JJ00
GM1883,3.7,2022JJ00
GM1883,3.5,2023JJ00
GM0610,6.6,2013JJ00
GM0610,6.2,2014JJ00
GM0610,6.1,2015JJ00
GM0610,5.6,2016JJ00
GM0610,5.0,2017JJ00
GM0610,4.4,2018JJ00
GM0610,4.1,2019JJ00
GM0610,4.3,2020JJ00
GM0610,3.7,2021JJ00
GM0610,3.1,2022JJ00
GM0610,3.1,2023JJ00
GM1714,6.7,2013JJ00
GM1714,6.0,2014JJ00
GM1714,6.1,2015JJ00
GM1714,5.2,2016JJ00
GM1714,4.9,2017JJ00
GM1714,4.1,2018JJ00
GM1714,3.9,2019JJ00
GM1714,4.1,2020JJ00
GM1714,3.3,2021JJ00
GM1714,2.9,2022JJ00
GM1714,3.0,2023JJ00
GM0090,9.6,2013JJ00
GM0090,9.6,2014JJ00
GM0090,9.3,2015JJ00
GM0090,8.6,2016JJ00
GM0090,6.2,2017JJ00
GM0090,5.1,2018JJ00
GM0090,4.5,2019JJ00
GM0090,5.1,2020JJ00
GM0090,4.4,2021JJ00
GM0090,3.5,2022JJ00
GM0090,3.8,2023JJ00
GM0342,7.6,2013JJ00
GM0342,7.7,2014JJ00
GM0342,7.4,2015JJ00
GM0342,6.2,2016JJ00
GM0342,5.4,2017JJ00
GM0342,4.8,2018JJ00
GM0342,4.1,2019JJ00
GM0342,4.3,2020JJ00
GM0342,3.6,2021JJ00
GM0342,3.3,2022JJ00
GM0342,3.2,2023JJ00
GM0847,6.6,2013JJ00
GM0847,6.9,2014JJ00
GM0847,6.7,2015JJ00
GM0847,5.7,2016JJ00
GM0847,4.6,2017JJ00
GM0847,4.0,2018JJ00
GM0847,3.5,2019JJ00
GM0847,4.0,2020JJ00
GM0847,3.1,2021JJ00
GM0847,2.8,2022JJ00
GM0847,2.8,2023JJ00
GM0848,7.0,2013JJ00
GM0848,6.7,2014JJ00
GM0848,6.5,2015JJ00
GM0848,5.7,2016JJ00
GM0848,4.5,2017JJ00
GM0848,4.1,2018JJ00
GM0848,3.7,2019JJ00
GM0848,4.1,2020JJ00
GM0848,3.2,2021JJ00
GM0848,2.9,2022JJ00
GM0848,2.8,2023JJ00
GM0037,8.4,2013JJ00
GM0037,8.6,2014JJ00
GM0037,9.0,2015JJ00
GM0037,7.7,2016JJ00
GM0037,6.7,2017JJ00
GM0037,5.9,2018JJ00
GM0037,4.8,2019JJ00
GM0037,4.9,2020JJ00
GM0037,3.8,2021JJ00
GM0037,3.4,2022JJ00
GM0037,3.4,2023JJ00
GM0180,6.6,2013JJ00
GM0180,6.4,2014JJ00
GM0180,6.1,2015JJ00
GM0180,5.5,2016JJ00
GM0180,4.4,2017JJ00
GM0180,3.7,2018JJ00
GM0180,3.2,2019JJ00
GM0180,3.6,2020JJ00
GM0180,2.9,2021JJ00
GM0180,2.6,2022JJ00
GM0180,2.7,2023JJ00
GM0532,7.1,2013JJ00
GM0532,7.0,2014JJ00
GM0532,6.7,2015JJ00
GM0532,6.1,2016JJ00
GM0532,5.2,2017JJ00
GM0532,4.6,2018JJ00
GM0532,4.0,2019JJ00
GM0532,4.3,2020JJ00
GM0532,3.3,2021JJ00
GM0532,3.0,2022JJ00
GM0532,3.0,2023JJ00
GM0851,7.1,2013JJ00
GM0851,7.3,2014JJ00
GM0851,7.4,2015JJ00
GM0851,6.8,2016JJ00
GM0851,5.3,2017JJ00
GM0851,4.3,2018JJ00
GM0851,4.0,2019JJ00
GM0851,4.2,2020JJ00
GM0851,3.2,2021JJ00
GM0851,3.1,2022JJ00
GM0851,2.9,2023JJ00
GM1708,8.2,2013JJ00
GM1708,7.6,2014JJ00
GM1708,7.2,2015JJ00
GM1708,7.1,2016JJ00
GM1708,5.5,2017JJ00
GM1708,4.6,2018JJ00
GM1708,4.0,2019JJ00
GM1708,4.2,2020JJ00
GM1708,3.2,2021JJ00
GM1708,3.2,2022JJ00
GM1708,3.1,2023JJ00
GM0971,7.2,2013JJ00
GM0971,7.4,2014JJ00
GM0971,6.8,2015JJ00
GM0971,6.0,2016JJ00
GM0971,5.0,2017JJ00
GM0971,4.1,2018JJ00
GM0971,4.0,2019JJ00
GM0971,4.3,2020JJ00
GM0971,3.3,2021JJ00
GM0971,3.0,2022JJ00
GM0971,3.0,2023JJ00
GM1904,6.9,2013JJ00
GM1904,6.7,2014JJ00
GM1904,6.9,2015JJ00
GM1904,5.8,2016JJ00
GM1904,4.7,2017JJ00
GM1904,4.1,2018JJ00
GM1904,3.7,2019JJ00
GM1904,4.2,2020JJ00
GM1904,3.2,2021JJ00
GM1904,3.1,2022JJ00
GM1904,3.0,2023JJ00
GM1900,8.5,2013JJ00
GM1900,8.5,2014JJ00
GM1900,7.4,2015JJ00
GM1900,6.7,2016JJ00
GM1900,5.7,2017JJ00
GM1900,4.9,2018JJ00
GM1900,4.1,2019JJ00
GM1900,4.7,2020JJ00
GM1900,3.7,2021JJ00
GM1900,3.4,2022JJ00
GM1900,3.5,2023JJ00
GM0715,7.2,2013JJ00
GM0715,7.0,2014JJ00
GM0715,7.1,2015JJ00
GM0715,5.8,2016JJ00
GM0715,4.8,2017JJ00
GM0715,4.1,2018JJ00
GM0715,4.0,2019JJ00
GM0715,4.3,2020JJ00
GM0715,4.0,2021JJ00
GM0715,3.2,2022JJ00
GM0715,2.9,2023JJ00
GM0093,5.9,2013JJ00
GM0093,6.5,2014JJ00
GM0093,6.0,2015JJ00
GM0093,5.7,2016JJ00
GM0093,4.9,2017JJ00
GM0093,3.8,2018JJ00
GM0093,3.5,2019JJ00
GM0093,3.9,2020JJ00
GM0093,3.1,2021JJ00
GM0093,2.7,2022JJ00
GM0093,2.8,2023JJ00
GM0448,6.3,2013JJ00
GM0448,6.3,2014JJ00
GM0448,5.8,2015JJ00
GM0448,5.2,2016JJ00
GM0448,4.8,2017JJ00
GM0448,4.1,2018JJ00
GM0448,3.6,2019JJ00
GM0448,4.0,2020JJ00
GM0448,3.0,2021JJ00
GM0448,2.8,2022JJ00
GM0448,2.8,2023JJ00
GM1525,6.2,2013JJ00
GM1525,6.3,2014JJ00
GM1525,6.1,2015JJ00
GM1525,5.5,2016JJ00
GM1525,4.6,2017JJ00
GM1525,4.2,2018JJ00
GM1525,3.6,2019JJ00
GM1525,3.9,2020JJ00
GM1525,3.4,2021JJ00
GM1525,2.9,2022JJ00
GM1525,2.9,2023JJ00
GM0716,6.5,2013JJ00
GM0716,6.3,2014JJ00
GM0716,6.2,2015JJ00
GM0716,5.2,2016JJ00
GM0716,4.5,2017JJ00
GM0716,3.8,2018JJ00
GM0716,3.6,2019JJ00
GM0716,3.9,2020JJ00
GM0716,3.5,2021JJ00
GM0716,2.7,2022JJ00
GM0716,2.8,2023JJ00
GM0281,8.5,2013JJ00
GM0281,8.9,2014JJ00
GM0281,8.4,2015JJ00
GM0281,7.4,2016JJ00
GM0281,6.1,2017JJ00
GM0281,5.2,2018JJ00
GM0281,4.6,2019JJ00
GM0281,5.2,2020JJ00
GM0281,4.5,2021JJ00
GM0281,3.9,2022JJ00
GM0281,3.8,2023JJ00
GM0855,9.1,2013JJ00
GM0855,9.4,2014JJ00
GM0855,8.7,2015JJ00
GM0855,7.3,2016JJ00
GM0855,6.1,2017JJ00
GM0855,4.8,2018JJ00
GM0855,5.0,2019JJ00
GM0855,5.2,2020JJ00
GM0855,3.9,2021JJ00
GM0855,3.9,2022JJ00
GM0855,4.0,2023JJ00
GM0183,6.9,2013JJ00
GM0183,6.9,2014JJ00
GM0183,5.9,2015JJ00
GM0183,5.5,2016JJ00
GM0183,4.5,2017JJ00
GM0183,3.7,2018JJ00
GM0183,3.2,2019JJ00
GM0183,3.5,2020JJ00
GM0183,2.7,2021JJ00
GM0183,2.5,2022JJ00
GM0183,2.6,2023JJ00
GM1700,7.7,2013JJ00
GM1700,7.4,2014JJ00
GM1700,6.5,2015JJ00
GM1700,6.3,2016JJ00
GM1700,5.0,2017JJ00
GM1700,4.2,2018JJ00
GM1700,3.6,2019JJ00
GM1700,4.0,2020JJ00
GM1700,3.1,2021JJ00
GM1700,2.8,2022JJ00
GM1700,2.9,2023JJ00
GM1730,7.0,2013JJ00
GM1730,7.0,2014JJ00
GM1730,6.9,2015JJ00
GM1730,5.9,2016JJ00
GM1730,5.3,2017JJ00
GM1730,4.3,2018JJ00
GM1730,3.7,2019JJ00
GM1730,4.2,2020JJ00
GM1730,3.1,2021JJ00
GM1730,2.8,2022JJ00
GM1730,2.8,2023JJ00
GM0737,7.8,2013JJ00
GM0737,7.8,2014JJ00
GM0737,7.5,2015JJ00
GM0737,6.6,2016JJ00
GM0737,5.5,2017JJ00
GM0737,4.5,2018JJ00
GM0737,3.8,2019JJ00
GM0737,4.3,2020JJ00
GM0737,3.5,2021JJ00
GM0737,2.9,2022JJ00
GM0737,3.1,2023JJ00
GM0450,6.4,2013JJ00
GM0450,6.4,2014JJ00
GM0450,5.9,2015JJ00
GM0450,5.4,2016JJ00
GM0450,4.6,2017JJ00
GM0450,3.9,2018JJ00
GM0450,3.5,2019JJ00
GM0450,3.9,2020JJ00
GM0450,3.3,2021JJ00
GM0450,2.7,2022JJ00
GM0450,2.9,2023JJ00
GM0451,7.3,2013JJ00
GM0451,7.7,2014JJ00
GM0451,7.1,2015JJ00
GM0451,6.2,2016JJ00
GM0451,5.1,2017JJ00
GM0451,4.4,2018JJ00
GM0451,4.1,2019JJ00
GM0451,4.6,2020JJ00
GM0451,4.0,2021JJ00
GM0451,3.5,2022JJ00
GM0451,3.3,2023JJ00
GM0184,6.6,2013JJ00
GM0184,6.3,2014JJ00
GM0184,5.9,2015JJ00
GM0184,5.0,2016JJ00
GM0184,4.1,2017JJ00
GM0184,3.5,2018JJ00
GM0184,3.2,2019JJ00
GM0184,3.5,2020JJ00
GM0184,2.7,2021JJ00
GM0184,2.5,2022JJ00
GM0184,2.7,2023JJ00
GM0344,8.0,2013JJ00
GM0344,8.5,2014JJ00
GM0344,8.2,2015JJ00
GM0344,6.9,2016JJ00
GM0344,5.7,2017JJ00
GM0344,4.9,2018JJ00
GM0344,4.4,2019JJ00
GM0344,4.9,2020JJ00
GM0344,4.5,2021JJ00
GM0344,3.8,2022JJ00
GM0344,4.0,2023JJ00
GM1581,7.0,2013JJ00
GM1581,6.6,2014JJ00
GM1581,6.3,2015JJ00
GM1581,5.5,2016JJ00
GM1581,4.8,2017JJ00
GM1581,4.2,2018JJ00
GM1581,3.9,2019JJ00
GM1581,4.1,2020JJ00
GM1581,3.5,2021JJ00
GM1581,3.1,2022JJ00
GM1581,3.1,2023JJ00
GM0981,9.3,2013JJ00
GM0981,9.3,2014JJ00
GM0981,9.5,2015JJ00
GM0981,8.8,2016JJ00
GM0981,7.4,2017JJ00
GM0981,6.4,2018JJ00
GM0981,5.9,2019JJ00
GM0981,6.4,2020JJ00
GM0981,5.8,2021JJ00
GM0981,4.5,2022JJ00
GM0981,4.6,2023JJ00
GM0994,7.9,2013JJ00
GM0994,8.0,2014JJ00
GM0994,7.7,2015JJ00
GM0994,6.6,2016JJ00
GM0994,5.2,2017JJ00
GM0994,4.4,2018JJ00
GM0994,4.0,2019JJ00
GM0994,4.5,2020JJ00
GM0994,3.5,2021JJ00
GM0994,3.1,2022JJ00
GM0994,3.0,2023JJ00
GM0858,7.4,2013JJ00
GM0858,8.1,2014JJ00
GM0858,7.3,2015JJ00
GM0858,6.3,2016JJ00
GM0858,5.4,2017JJ00
GM0858,4.3,2018JJ00
GM0858,4.0,2019JJ00
GM0858,4.4,2020JJ00
GM0858,3.5,2021JJ00
GM0858,3.2,2022JJ00
GM0858,3.1,2023JJ00
GM0047,8.7,2013JJ00
GM0047,9.1,2014JJ00
GM0047,9.5,2015JJ00
GM0047,8.3,2016JJ00
GM0047,6.9,2017JJ00
GM0047,6.0,2018JJ00
GM0047,5.2,2019JJ00
GM0047,5.1,2020JJ00
GM0047,4.1,2021JJ00
GM0047,3.4,2022JJ00
GM0047,3.6,2023JJ00
GM0345,8.3,2013JJ00
GM0345,8.1,2014JJ00
GM0345,8.2,2015JJ00
GM0345,7.0,2016JJ00
GM0345,5.7,2017JJ00
GM0345,4.6,2018JJ00
GM0345,4.0,2019JJ00
GM0345,4.3,2020JJ00
GM0345,3.6,2021JJ00
GM0345,3.1,2022JJ00
GM0345,3.3,2023JJ00
GM0717,6.1,2013JJ00
GM0717,5.5,2014JJ00
GM0717,5.4,2015JJ00
GM0717,4.7,2016JJ00
GM0717,4.1,2017JJ00
GM0717,3.6,2018JJ00
GM0717,3.4,2019JJ00
GM0717,3.6,2020JJ00
GM0717,2.9,2021JJ00
GM0717,2.5,2022JJ00
GM0717,2.4,2023JJ00
GM0861,7.2,2013JJ00
GM0861,7.0,2014JJ00
GM0861,6.6,2015JJ00
GM0861,5.9,2016JJ00
GM0861,4.8,2017JJ00
GM0861,3.9,2018JJ00
GM0861,3.7,2019JJ00
GM0861,4.2,2020JJ00
GM0861,3.4,2021JJ00
GM0861,3.0,2022JJ00
GM0861,3.0,2023JJ00
GM0453,7.0,2013JJ00
GM0453,7.2,2014JJ00
GM0453,6.6,2015JJ00
GM0453,5.8,2016JJ00
GM0453,5.2,2017JJ00
GM0453,4.3,2018JJ00
GM0453,3.9,2019JJ00
GM0453,4.5,2020JJ00
GM0453,3.6,2021JJ00
GM0453,3.2,2022JJ00
GM0453,3.3,2023JJ00
GM0983,8.7,2013JJ00
GM0983,9.3,2014JJ00
GM0983,8.3,2015JJ00
GM0983,6.7,2016JJ00
GM0983,6.3,2017JJ00
GM0983,5.2,2018JJ00
GM0983,4.5,2019JJ00
GM0983,5.3,2020JJ00
GM0983,4.0,2021JJ00
GM0983,3.9,2022JJ00
GM0983,3.7,2023JJ00
GM0984,7.7,2013JJ00
GM0984,7.5,2014JJ00
GM0984,7.3,2015JJ00
GM0984,6.6,2016JJ00
GM0984,5.1,2017JJ00
GM0984,4.2,2018JJ00
GM0984,3.8,2019JJ00
GM0984,4.5,2020JJ00
GM0984,3.9,2021JJ00
GM0984,3.4,2022JJ00
GM0984,3.3,2023JJ00
GM1961,7.0,2013JJ00
GM1961,7.1,2014JJ00
GM1961,6.9,2015JJ00
GM1961,6.2,2016JJ00
GM1961,5.0,2017JJ00
GM1961,4.3,2018JJ00
GM1961,3.7,2019JJ00
GM1961,4.0,2020JJ00
GM1961,3.2,2021JJ00
GM1961,2.9,2022JJ00
GM1961,3.0,2023JJ00
GM0622,9.3,2013JJ00
GM0622,9.2,2014JJ00
GM0622,9.4,2015JJ00
GM0622,7.8,2016JJ00
GM0622,6.9,2017JJ00
GM0622,5.4,2018JJ00
GM0622,5.0,2019JJ00
GM0622,5.3,2020JJ00
GM0622,4.7,2021JJ00
GM0622,4.2,2022JJ00
GM0622,4.0,2023JJ00
GM0096,6.7,2013JJ00
GM0096,6.7,2014JJ00
GM0096,5.8,2015JJ00
GM0096,5.5,2016JJ00
GM0096,4.4,2017JJ00
GM0096,3.9,2018JJ00
GM0096,3.8,2019JJ00
GM0096,4.1,2020JJ00
GM0096,3.2,2021JJ00
GM0096,2.9,2022JJ00
GM0096,3.0,2023JJ00
GM0718,8.2,2013JJ00
GM0718,7.8,2014JJ00
GM0718,8.0,2015JJ00
GM0718,6.5,2016JJ00
GM0718,6.1,2017JJ00
GM0718,5.4,2018JJ00
GM0718,4.8,2019JJ00
GM0718,5.1,2020JJ00
GM0718,4.3,2021JJ00
GM0718,3.6,2022JJ00
GM0718,3.4,2023JJ00
GM0986,7.2,2013JJ00
GM0986,7.2,2014JJ00
GM0986,7.0,2015JJ00
GM0986,5.9,2016JJ00
GM0986,5.0,2017JJ00
GM0986,4.1,2018JJ00
GM0986,3.6,2019JJ00
GM0986,4.1,2020JJ00
GM0986,3.5,2021JJ00
GM0986,2.9,2022JJ00
GM0986,2.8,2023JJ00
GM1992,7.1,2013JJ00
GM1992,7.1,2014JJ00
GM1992,6.9,2015JJ00
GM1992,6.2,2016JJ00
GM1992,5.2,2017JJ00
GM1992,4.4,2018JJ00
GM1992,3.9,2019JJ00
GM1992,4.2,2020JJ00
GM1992,3.5,2021JJ00
GM1992,3.2,2022JJ00
GM1992,3.1,2023JJ00
GM0626,6.8,2013JJ00
GM0626,7.0,2014JJ00
GM0626,6.7,2015JJ00
GM0626,5.8,2016JJ00
GM0626,5.0,2017JJ00
GM0626,4.2,2018JJ00
GM0626,3.9,2019JJ00
GM0626,4.2,2020JJ00
GM0626,3.5,2021JJ00
GM0626,3.1,2022JJ00
GM0626,3.1,2023JJ00
GM0285,6.5,2013JJ00
GM0285,6.5,2014JJ00
GM0285,6.2,2015JJ00
GM0285,5.5,2016JJ00
GM0285,4.6,2017JJ00
GM0285,3.9,2018JJ00
GM0285,3.5,2019JJ00
GM0285,3.7,2020JJ00
GM0285,2.9,2021JJ00
GM0285,2.7,2022JJ00
GM0285,2.6,2023JJ00
GM0865,6.5,2013JJ00
GM0865,7.0,2014JJ00
GM0865,6.5,2015JJ00
GM0865,5.6,2016JJ00
GM0865,4.8,2017JJ00
GM0865,4.0,2018JJ00
GM0865,3.8,2019JJ00
GM0865,3.9,2020JJ00
GM0865,3.0,2021JJ00
GM0865,2.9,2022JJ00
GM0865,2.7,2023JJ00
GM1949,7.7,2013JJ00
GM1949,8.0,2014JJ00
GM1949,7.8,2015JJ00
GM1949,6.8,2016JJ00
GM1949,5.6,2017JJ00
GM1949,4.4,2018JJ00
GM1949,4.2,2019JJ00
GM1949,4.6,2020JJ00
GM1949,3.5,2021JJ00
GM1949,3.2,2022JJ00
GM1949,3.3,2023JJ00
GM0866,7.1,2013JJ00
GM0866,7.3,2014JJ00
GM0866,6.9,2015JJ00
GM0866,6.1,2016JJ00
GM0866,4.9,2017JJ00
GM0866,4.1,2018JJ00
GM0866,3.6,2019JJ00
GM0866,4.2,2020JJ00
GM0866,3.3,2021JJ00
GM0866,2.9,2022JJ00
GM0866,3.0,2023JJ00
GM0867,7.2,2013JJ00
GM0867,7.5,2014JJ00
GM0867,7.4,2015JJ00
GM0867,6.5,2016JJ00
GM0867,5.2,2017JJ00
GM0867,4.2,2018JJ00
GM0867,4.1,2019JJ00
GM0867,4.3,2020JJ00
GM0867,3.3,2021JJ00
GM0867,3.1,2022JJ00
GM0867,3.2,2023JJ00
GM0627,6.9,2013JJ00
GM0627,7.3,2014JJ00
GM0627,6.8,2015JJ00
GM0627,6.1,2016JJ00
GM0627,5.2,2017JJ00
GM0627,4.3,2018JJ00
GM0627,3.7,2019JJ00
GM0627,4.1,2020JJ00
GM0627,3.2,2021JJ00
GM0627,3.0,2022JJ00
GM0627,2.9,2023JJ00
GM0289,8.1,2013JJ00
GM0289,8.2,2014JJ00
GM0289,8.0,2015JJ00
GM0289,7.7,2016JJ00
GM0289,6.3,2017JJ00
GM0289,5.4,2018JJ00
GM0289,5.1,2019JJ00
GM0289,5.4,2020JJ00
GM0289,4.7,2021JJ00
GM0289,4.3,2022JJ00
GM0289,4.4,2023JJ00
GM0629,7.7,2013JJ00
GM0629,7.7,2014JJ00
GM0629,7.3,2015JJ00
GM0629,6.4,2016JJ00
GM0629,5.6,2017JJ00
GM0629,4.8,2018JJ00
GM0629,4.3,2019JJ00
GM0629,4.8,2020JJ00
GM0629,4.1,2021JJ00
GM0629,3.4,2022JJ00
GM0629,3.5,2023JJ00
GM0852,6.5,2013JJ00
GM0852,6.1,2014JJ00
GM0852,5.9,2015JJ00
GM0852,5.3,2016JJ00
GM0852,4.7,2017JJ00
GM0852,4.3,2018JJ00
GM0852,3.5,2019JJ00
GM0852,4.1,2020JJ00
GM0852,3.3,2021JJ00
GM0852,2.9,2022JJ00
GM0852,2.9,2023JJ00
GM0988,8.0,2013JJ00
GM0988,7.4,2014JJ00
GM0988,6.8,2015JJ00
GM0988,6.4,2016JJ00
GM0988,5.7,2017JJ00
GM0988,4.9,2018JJ00
GM0988,4.1,2019JJ00
GM0988,4.7,2020JJ00
GM0988,3.7,2021JJ00
GM0988,3.4,2022JJ00
GM0988,3.3,2023JJ00
GM1960,6.6,2013JJ00
GM1960,6.8,2014JJ00
GM1960,6.1,2015JJ00
GM1960,5.3,2016JJ00
GM1960,4.4,2017JJ00
GM1960,3.9,2018JJ00
GM1960,3.4,2019JJ00
GM1960,3.9,2020JJ00
GM1960,3.1,2021JJ00
GM1960,2.8,2022JJ00
GM1960,2.8,2023JJ00
GM0668,6.7,2013JJ00
GM0668,7.0,2014JJ00
GM0668,6.4,2015JJ00
GM0668,5.7,2016JJ00
GM0668,4.6,2017JJ00
GM0668,4.0,2018JJ00
GM0668,3.6,2019JJ00
GM0668,4.0,2020JJ00
GM0668,3.1,2021JJ00
GM0668,2.7,2022JJ00
GM0668,2.7,2023JJ00
GM1969,7.3,2013JJ00
GM1969,7.4,2014JJ00
GM1969,7.2,2015JJ00
GM1969,6.3,2016JJ00
GM1969,5.3,2017JJ00
GM1969,4.4,2018JJ00
GM1969,4.2,2019JJ00
GM1969,4.2,2020JJ00
GM1969,3.7,2021JJ00
GM1969,3.0,2022JJ00
GM1969,2.9,2023JJ00
GM1701,7.7,2013JJ00
GM1701,7.3,2014JJ00
GM1701,7.7,2015JJ00
GM1701,6.3,2016JJ00
GM1701,5.3,2017JJ00
GM1701,4.2,2018JJ00
GM1701,3.7,2019JJ00
GM1701,4.1,2020JJ00
GM1701,3.2,2021JJ00
GM1701,2.9,2022JJ00
GM1701,2.7,2023JJ00
GM0293,8.7,2013JJ00
GM0293,8.7,2014JJ00
GM0293,8.5,2015JJ00
GM0293,7.3,2016JJ00
GM0293,6.2,2017JJ00
GM0293,4.9,2018JJ00
GM0293,4.3,2019JJ00
GM0293,4.6,2020JJ00
GM0293,3.9,2021JJ00
GM0293,3.3,2022JJ00
GM0293,3.3,2023JJ00
GM1950,8.1,2013JJ00
GM1950,8.5,2014JJ00
GM1950,8.5,2015JJ00
GM1950,7.8,2016JJ00
GM1950,6.4,2017JJ00
GM1950,5.3,2018JJ00
GM1950,4.6,2019JJ00
GM1950,4.9,2020JJ00
GM1950,3.7,2021JJ00
GM1950,3.3,2022JJ00
GM1950,3.2,2023JJ00
GM1783,6.4,2013JJ00
GM1783,6.4,2014JJ00
GM1783,6.1,2015JJ00
GM1783,5.5,2016JJ00
GM1783,4.5,2017JJ00
GM1783,3.8,2018JJ00
GM1783,3.5,2019JJ00
GM1783,3.7,2020JJ00
GM1783,3.0,2021JJ00
GM1783,2.7,2022JJ00
GM1783,2.7,2023JJ00
GM0098,8.1,2013JJ00
GM0098,8.3,2014JJ00
GM0098,7.6,2015JJ00
GM0098,6.7,2016JJ00
GM0098,5.6,2017JJ00
GM0098,4.5,2018JJ00
GM0098,4.0,2019JJ00
GM0098,4.5,2020JJ00
GM0098,3.7,2021JJ00
GM0098,3.1,2022JJ00
GM0098,3.2,2023JJ00
GM0189,6.8,2013JJ00
GM0189,6.7,2014JJ00
GM0189,6.4,2015JJ00
GM0189,5.8,2016JJ00
GM0189,4.5,2017JJ00
GM0189,3.8,2018JJ00
GM0189,3.6,2019JJ00
GM0189,3.7,2020JJ00
GM0189,2.9,2021JJ00
GM0189,2.6,2022JJ00
GM0189,2.6,2023JJ00
GM0296,7.2,2013JJ00
GM0296,7.2,2014JJ00
GM0296,7.1,2015JJ00
GM0296,6.2,2016JJ00
GM0296,5.2,2017JJ00
GM0296,4.3,2018JJ00
GM0296,4.1,2019JJ00
GM0296,4.3,2020JJ00
GM0296,3.7,2021JJ00
GM0296,3.0,2022JJ00
GM0296,3.0,2023JJ00
GM1696,6.7,2013JJ00
GM1696,6.6,2014JJ00
GM1696,6.5,2015JJ00
GM1696,5.6,2016JJ00
GM1696,4.9,2017JJ00
GM1696,4.2,2018JJ00
GM1696,3.6,2019JJ00
GM1696,4.1,2020JJ00
GM1696,3.4,2021JJ00
GM1696,3.0,2022JJ00
GM1696,2.8,2023JJ00
GM0352,6.6,2013JJ00
GM0352,6.3,2014JJ00
GM0352,6.2,2015JJ00
GM0352,5.3,2016JJ00
GM0352,4.8,2017JJ00
GM0352,4.1,2018JJ00
GM0352,3.6,2019JJ00
GM0352,3.9,2020JJ00
GM0352,3.4,2021JJ00
GM0352,2.8,2022JJ00
GM0352,2.8,2023JJ00
GM0294,7.8,2013JJ00
GM0294,7.9,2014JJ00
GM0294,7.4,2015JJ00
GM0294,6.3,2016JJ00
GM0294,5.5,2017JJ00
GM0294,4.4,2018JJ00
GM0294,4.1,2019JJ00
GM0294,4.3,2020JJ00
GM0294,3.4,2021JJ00
GM0294,3.1,2022JJ00
GM0294,3.1,2023JJ00
GM0873,6.9,2013JJ00
GM0873,7.0,2014JJ00
GM0873,7.2,2015JJ00
GM0873,6.3,2016JJ00
GM0873,5.0,2017JJ00
GM0873,4.2,2018JJ00
GM0873,3.8,2019JJ00
GM0873,4.4,2020JJ00
GM0873,3.5,2021JJ00
GM0873,3.0,2022JJ00
GM0873,3.0,2023JJ00
GM0632,6.5,2013JJ00
GM0632,6.5,2014JJ00
GM0632,6.1,2015JJ00
GM0632,5.6,2016JJ00
GM0632,4.6,2017JJ00
GM0632,4.1,2018JJ00
GM0632,3.7,2019JJ00
GM0632,4.1,2020JJ00
GM0632,3.7,2021JJ00
GM0632,2.8,2022JJ00
GM0632,2.9,2023JJ00
GM1690,6.7,2013JJ00
GM1690,6.8,2014JJ00
GM1690,6.5,2015JJ00
GM1690,5.6,2016JJ00
GM1690,4.7,2017JJ00
GM1690,4.0,2018JJ00
GM1690,3.3,2019JJ00
GM1690,3.9,2020JJ00
GM1690,3.0,2021JJ00
GM1690,2.7,2022JJ00
GM1690,2.6,2023JJ00
GM0880,7.1,2013JJ00
GM0880,7.1,2014JJ00
GM0880,6.7,2015JJ00
GM0880,5.9,2016JJ00
GM0880,5.0,2017JJ00
GM0880,4.3,2018JJ00
GM0880,3.7,2019JJ00
GM0880,4.1,2020JJ00
GM0880,3.4,2021JJ00
GM0880,3.1,2022JJ00
GM0880,3.1,2023JJ00
GM0351,6.5,2013JJ00
GM0351,6.5,2014JJ00
GM0351,6.2,2015JJ00
GM0351,5.6,2016JJ00
GM0351,4.6,2017JJ00
GM0351,3.8,2018JJ00
GM0351,3.5,2019JJ00
GM0351,3.7,2020JJ00
GM0351,2.9,2021JJ00
GM0351,2.6,2022JJ00
GM0351,2.7,2023JJ00
GM0479,8.6,2013JJ00
GM0479,8.9,2014JJ00
GM0479,8.0,2015JJ00
GM0479,7.3,2016JJ00
GM0479,6.0,2017JJ00
GM0479,5.2,2018JJ00
GM0479,4.5,2019JJ00
GM0479,5.1,2020JJ00
GM0479,4.7,2021JJ00
GM0479,3.6,2022JJ00
GM0479,3.6,2023JJ00
GM0297,7.1,2013JJ00
GM0297,7.2,2014JJ00
GM0297,6.7,2015JJ00
GM0297,5.5,2016JJ00
GM0297,4.8,2017JJ00
GM0297,4.0,2018JJ00
GM0297,3.5,2019JJ00
GM0297,4.1,2020JJ00
GM0297,3.2,2021JJ00
GM0297,2.9,2022JJ00
GM0297,3.0,2023JJ00
GM0473,7.8,2013JJ00
GM0473,7.9,2014JJ00
GM0473,7.4,2015JJ00
GM0473,6.8,2016JJ00
GM0473,6.0,2017JJ00
GM0473,4.9,2018JJ00
GM0473,4.4,2019JJ00
GM0473,4.8,2020JJ00
GM0473,4.0,2021JJ00
GM0473,3.6,2022JJ00
GM0473,3.5,2023JJ00
GM0050,7.1,2013JJ00
GM0050,7.2,2014JJ00
GM0050,7.1,2015JJ00
GM0050,6.5,2016JJ00
GM0050,5.2,2017JJ00
GM0050,4.3,2018JJ00
GM0050,3.8,2019JJ00
GM0050,4.1,2020JJ00
GM0050,3.5,2021JJ00
GM0050,2.9,2022JJ00
GM0050,3.0,2023JJ00
GM0355,7.8,2013JJ00
GM0355,7.6,2014JJ00
GM0355,7.3,2015JJ00
GM0355,6.5,2016JJ00
GM0355,5.7,2017JJ00
GM0355,4.9,2018JJ00
GM0355,4.2,2019JJ00
GM0355,4.8,2020JJ00
GM0355,3.8,2021JJ00
GM0355,3.5,2022JJ00
GM0355,3.6,2023JJ00
GM0299,8.0,2013JJ00
GM0299,8.1,2014JJ00
GM0299,7.3,2015JJ00
GM0299,6.9,2016JJ00
GM0299,5.7,2017JJ00
GM0299,4.6,2018JJ00
GM0299,4.2,2019JJ00
GM0299,4.6,2020JJ00
GM0299,3.8,2021JJ00
GM0299,3.4,2022JJ00
GM0299,3.2,2023JJ00
GM0637,8.7,2013JJ00
GM0637,9.0,2014JJ00
GM0637,8.8,2015JJ00
GM0637,7.9,2016JJ00
GM0637,6.6,2017JJ00
GM0637,5.1,2018JJ00
GM0637,4.6,2019JJ00
GM0637,5.2,2020JJ00
GM0637,4.9,2021JJ00
GM0637,3.9,2022JJ00
GM0637,3.7,2023JJ00
GM0638,6.2,2013JJ00
GM0638,6.4,2014JJ00
GM0638,5.8,2015JJ00
GM0638,5.3,2016JJ00
GM0638,4.6,2017JJ00
GM0638,3.7,2018JJ00
GM0638,3.3,2019JJ00
GM0638,3.7,2020JJ00
GM0638,3.0,2021JJ00
GM0638,2.8,2022JJ00
GM0638,2.7,2023JJ00
GM1892,6.9,2013JJ00
GM1892,7.2,2014JJ00
GM1892,6.8,2015JJ00
GM1892,5.8,2016JJ00
GM1892,4.8,2017JJ00
GM1892,4.0,2018JJ00
GM1892,3.7,2019JJ00
GM1892,4.2,2020JJ00
GM1892,3.3,2021JJ00
GM1892,2.9,2022JJ00
GM1892,2.9,2023JJ00
GM0879,6.5,2013JJ00
GM0879,6.6,2014JJ00
GM0879,6.4,2015JJ00
GM0879,5.7,2016JJ00
GM0879,4.7,2017JJ00
GM0879,4.2,2018JJ00
GM0879,3.6,2019JJ00
GM0879,3.9,2020JJ00
GM0879,3.0,2021JJ00
GM0879,2.8,2022JJ00
GM0879,2.8,2023JJ00
GM0301,8.6,2013JJ00
GM0301,9.6,2014JJ00
GM0301,8.7,2015JJ00
GM0301,8.2,2016JJ00
GM0301,6.7,2017JJ00
GM0301,5.9,2018JJ00
GM0301,4.5,2019JJ00
GM0301,5.1,2020JJ00
GM0301,4.0,2021JJ00
GM0301,3.5,2022JJ00
GM0301,3.5,2023JJ00
GM1896,6.6,2013JJ00
GM1896,6.5,2014JJ00
GM1896,6.1,2015JJ00
GM1896,5.3,2016JJ00
GM1896,4.6,2017JJ00
GM1896,3.9,2018JJ00
GM1896,3.5,2019JJ00
GM1896,3.8,2020JJ00
GM1896,2.9,2021JJ00
GM1896,2.6,2022JJ00
GM1896,2.7,2023JJ00
GM0642,7.8,2013JJ00
GM0642,7.7,2014JJ00
GM0642,7.9,2015JJ00
GM0642,6.9,2016JJ00
GM0642,5.8,2017JJ00
GM0642,5.1,2018JJ00
GM0642,4.6,2019JJ00
GM0642,5.0,2020JJ00
GM0642,3.9,2021JJ00
GM0642,3.4,2022JJ00
GM0642,3.5,2023JJ00
GM0193,7.6,2013JJ00
GM0193,7.6,2014JJ00
GM0193,7.8,2015JJ00
GM0193,7.6,2016JJ00
GM0193,5.8,2017JJ00
GM0193,4.7,2018JJ00
GM0193,4.6,2019JJ00
GM0193,4.6,2020JJ00
GM0193,3.7,2021JJ00
GM0193,3.3,2022JJ00
GM0193,3.4,2023JJ00
AM01  ,8.7,2013JJ00
AM01  ,9.0,2014JJ00
AM01  ,9.2,2015JJ00
AM01  ,8.0,2016JJ00
AM01  ,6.9,2017JJ00
AM01  ,6.0,2018JJ00
AM01  ,5.3,2019JJ00
AM01  ,5.4,2020JJ00
AM01  ,4.6,2021JJ00
AM01  ,3.8,2022JJ00
AM01  ,3.8,2023JJ00
AM02  ,8.9,2013JJ00
AM02  ,8.8,2014JJ00
AM02  ,8.4,2015JJ00
AM02  ,7.3,2016JJ00
AM02  ,6.2,2017JJ00
AM02  ,5.2,2018JJ00
AM02  ,4.4,2019JJ00
AM02  ,4.8,2020JJ00
AM02  ,4.1,2021JJ00
AM02  ,3.5,2022JJ00
AM02  ,3.6,2023JJ00
AM03  ,8.4,2013JJ00
AM03  ,8.4,2014JJ00
AM03  ,8.2,2015JJ00
AM03  ,7.2,2016JJ00
AM03  ,6.1,2017JJ00
AM03  ,5.1,2018JJ00
AM03  ,4.1,2019JJ00
AM03  ,4.8,2020JJ00
AM03  ,3.7,2021JJ00
AM03  ,3.1,2022JJ00
AM03  ,3.2,2023JJ00
AM05  ,8.5,2013JJ00
AM05  ,8.5,2014JJ00
AM05  ,8.1,2015JJ00
AM05  ,7.6,2016JJ00
AM05  ,6.2,2017JJ00
AM05  ,4.9,2018JJ00
AM05  ,4.3,2019JJ00
AM05  ,4.7,2020JJ00
AM05  ,3.9,2021JJ00
AM05  ,3.3,2022JJ00
AM05  ,3.4,2023JJ00
AM06  ,7.4,2013JJ00
AM06  ,7.8,2014JJ00
AM06  ,7.2,2015JJ00
AM06  ,6.7,2016JJ00
AM06  ,5.6,2017JJ00
AM06  ,4.7,2018JJ00
AM06  ,4.0,2019JJ00
AM06  ,4.5,2020JJ00
AM06  ,3.6,2021JJ00
AM06  ,3.2,2022JJ00
AM06  ,3.2,2023JJ00
AM07  ,8.4,2013JJ00
AM07  ,8.9,2014JJ00
AM07  ,8.3,2015JJ00
AM07  ,7.3,2016JJ00
AM07  ,6.2,2017JJ00
AM07  ,5.0,2018JJ00
AM07  ,4.5,2019JJ00
AM07  ,4.8,2020JJ00
AM07  ,4.6,2021JJ00
AM07  ,3.7,2022JJ00
AM07  ,3.4,2023JJ00
AM08  ,8.7,2013JJ00
AM08  ,8.6,2014JJ00
AM08  ,8.2,2015JJ00
AM08  ,7.3,2016JJ00
AM08  ,5.8,2017JJ00
AM08  ,5.1,2018JJ00
AM08  ,4.5,2019JJ00
AM08  ,5.0,2020JJ00
AM08  ,4.5,2021JJ00
AM08  ,3.8,2022JJ00
AM08  ,3.6,2023JJ00
AM09  ,7.3,2013JJ00
AM09  ,7.5,2014JJ00
AM09  ,7.0,2015JJ00
AM09  ,6.2,2016JJ00
AM09  ,5.2,2017JJ00
AM09  ,4.2,2018JJ00
AM09  ,3.7,2019JJ00
AM09  ,4.1,2020JJ00
AM09  ,3.2,2021JJ00
AM09  ,3.0,2022JJ00
AM09  ,2.9,2023JJ00
AM10  ,7.2,2013JJ00
AM10  ,7.4,2014JJ00
AM10  ,6.8,2015JJ00
AM10  ,6.0,2016JJ00
AM10  ,5.0,2017JJ00
AM10  ,4.2,2018JJ00
AM10  ,3.8,2019JJ00
AM10  ,4.2,2020JJ00
AM10  ,3.4,2021JJ00
AM10  ,3.0,2022JJ00
AM10  ,3.0,2023JJ00
AM11  ,10.1,2013JJ00
AM11  ,10.6,2014JJ00
AM11  ,8.7,2015JJ00
AM11  ,8.4,2016JJ00
AM11  ,6.6,2017JJ00
AM11  ,5.3,2018JJ00
AM11  ,4.7,2019JJ00
AM11  ,5.1,2020JJ00
AM11  ,4.9,2021JJ00
AM11  ,3.8,2022JJ00
AM11  ,3.7,2023JJ00
AM12  ,7.5,2013JJ00
AM12  ,7.8,2014JJ00
AM12  ,7.2,2015JJ00
AM12  ,6.3,2016JJ00
AM12  ,5.4,2017JJ00
AM12  ,4.6,2018JJ00
AM12  ,4.1,2019JJ00
AM12  ,4.6,2020JJ00
AM12  ,3.9,2021JJ00
AM12  ,3.3,2022JJ00
AM12  ,3.3,2023JJ00
AM13  ,7.4,2013JJ00
AM13  ,7.5,2014JJ00
AM13  ,7.3,2015JJ00
AM13  ,6.3,2016JJ00
AM13  ,5.3,2017JJ00
AM13  ,4.6,2018JJ00
AM13  ,4.1,2019JJ00
AM13  ,4.6,2020JJ00
AM13  ,4.0,2021JJ00
AM13  ,3.4,2022JJ00
AM13  ,3.5,2023JJ00
AM14  ,7.2,2013JJ00
AM14  ,7.3,2014JJ00
AM14  ,7.2,2015JJ00
AM14  ,5.9,2016JJ00
AM14  ,5.1,2017JJ00
AM14  ,4.3,2018JJ00
AM14  ,3.8,2019JJ00
AM14  ,4.2,2020JJ00
AM14  ,3.8,2021JJ00
AM14  ,3.1,2022JJ00
AM14  ,3.2,2023JJ00
AM15  ,7.2,2013JJ00
AM15  ,7.4,2014JJ00
AM15  ,6.6,2015JJ00
AM15  ,6.0,2016JJ00
AM15  ,5.3,2017JJ00
AM15  ,4.4,2018JJ00
AM15  ,3.9,2019JJ00
AM15  ,4.3,2020JJ00
AM15  ,3.5,2021JJ00
AM15  ,3.1,2022JJ00
AM15  ,3.1,2023JJ00
AM17  ,7.9,2013JJ00
AM17  ,8.0,2014JJ00
AM17  ,7.3,2015JJ00
AM17  ,6.6,2016JJ00
AM17  ,5.6,2017JJ00
AM17  ,4.8,2018JJ00
AM17  ,4.1,2019JJ00
AM17  ,4.8,2020JJ00
AM17  ,4.3,2021JJ00
AM17  ,3.4,2022JJ00
AM17  ,3.4,2023JJ00
AM18  ,9.2,2013JJ00
AM18  ,8.8,2014JJ00
AM18  ,8.2,2015JJ00
AM18  ,7.2,2016JJ00
AM18  ,6.3,2017JJ00
AM18  ,5.5,2018JJ00
AM18  ,4.9,2019JJ00
AM18  ,5.9,2020JJ00
AM18  ,5.9,2021JJ00
AM18  ,4.4,2022JJ00
AM18  ,4.6,2023JJ00
AM19  ,7.1,2013JJ00
AM19  ,7.0,2014JJ00
AM19  ,6.5,2015JJ00
AM19  ,6.2,2016JJ00
AM19  ,5.2,2017JJ00
AM19  ,4.3,2018JJ00
AM19  ,4.0,2019JJ00
AM19  ,4.5,2020JJ00
AM19  ,3.7,2021JJ00
AM19  ,3.2,2022JJ00
AM19  ,3.2,2023JJ00
AM20  ,7.5,2013JJ00
AM20  ,7.5,2014JJ00
AM20  ,7.2,2015JJ00
AM20  ,6.4,2016JJ00
AM20  ,5.3,2017JJ00
AM20  ,4.3,2018JJ00
AM20  ,4.1,2019JJ00
AM20  ,4.4,2020JJ00
AM20  ,3.7,2021JJ00
AM20  ,3.1,2022JJ00
AM20  ,3.1,2023JJ00
AM21  ,9.7,2013JJ00
AM21  ,10.4,2014JJ00
AM21  ,9.7,2015JJ00
AM21  ,8.7,2016JJ00
AM21  ,7.3,2017JJ00
AM21  ,5.7,2018JJ00
AM21  ,5.5,2019JJ00
AM21  ,5.8,2020JJ00
AM21  ,5.5,2021JJ00
AM21  ,4.3,2022JJ00
AM21  ,4.3,2023JJ00
AM22  ,10.2,2013JJ00
AM22  ,10.5,2014JJ00
AM22  ,10.1,2015JJ00
AM22  ,9.2,2016JJ00
AM22  ,7.3,2017JJ00
AM22  ,5.9,2018JJ00
AM22  ,5.6,2019JJ00
AM22  ,5.7,2020JJ00
AM22  ,5.6,2021JJ00
AM22  ,4.3,2022JJ00
AM22  ,4.3,2023JJ00
AM23  ,7.8,2013JJ00
AM23  ,7.9,2014JJ00
AM23  ,7.4,2015JJ00
AM23  ,6.6,2016JJ00
AM23  ,5.6,2017JJ00
AM23  ,4.8,2018JJ00
AM23  ,4.4,2019JJ00
AM23  ,4.9,2020JJ00
AM23  ,4.1,2021JJ00
AM23  ,3.4,2022JJ00
AM23  ,3.4,2023JJ00
AM24  ,6.9,2013JJ00
AM24  ,6.5,2014JJ00
AM24  ,6.6,2015JJ00
AM24  ,5.5,2016JJ00
AM24  ,4.8,2017JJ00
AM24  ,4.1,2018JJ00
AM24  ,3.9,2019JJ00
AM24  ,4.2,2020JJ00
AM24  ,3.6,2021JJ00
AM24  ,2.9,2022JJ00
AM24  ,2.9,2023JJ00
AM25  ,7.6,2013JJ00
AM25  ,7.8,2014JJ00
AM25  ,7.6,2015JJ00
AM25  ,6.6,2016JJ00
AM25  ,5.5,2017JJ00
AM25  ,4.5,2018JJ00
AM25  ,4.2,2019JJ00
AM25  ,4.5,2020JJ00
AM25  ,3.6,2021JJ00
AM25  ,3.3,2022JJ00
AM25  ,3.3,2023JJ00
AM26  ,7.9,2013JJ00
AM26  ,8.1,2014JJ00
AM26  ,7.8,2015JJ00
AM26  ,6.6,2016JJ00
AM26  ,5.5,2017JJ00
AM26  ,4.4,2018JJ00
AM26  ,4.3,2019JJ00
AM26  ,4.6,2020JJ00
AM26  ,3.5,2021JJ00
AM26  ,3.4,2022JJ00
AM26  ,3.4,2023JJ00
AM27  ,7.3,2013JJ00
AM27  ,7.7,2014JJ00
AM27  ,7.1,2015JJ00
AM27  ,6.1,2016JJ00
AM27  ,5.2,2017JJ00
AM27  ,4.3,2018JJ00
AM27  ,3.9,2019JJ00
AM27  ,4.2,2020JJ00
AM27  ,3.2,2021JJ00
AM27  ,3.0,2022JJ00
AM27  ,3.0,2023JJ00
AM28  ,7.9,2013JJ00
AM28  ,8.3,2014JJ00
AM28  ,7.7,2015JJ00
AM28  ,6.7,2016JJ00
AM28  ,5.5,2017JJ00
AM28  ,4.6,2018JJ00
AM28  ,4.3,2019JJ00
AM28  ,4.7,2020JJ00
AM28  ,3.9,2021JJ00
AM28  ,3.3,2022JJ00
AM28  ,3.4,2023JJ00
AM29  ,7.7,2013JJ00
AM29  ,8.0,2014JJ00
AM29  ,7.4,2015JJ00
AM29  ,6.1,2016JJ00
AM29  ,5.4,2017JJ00
AM29  ,4.4,2018JJ00
AM29  ,3.9,2019JJ00
AM29  ,4.6,2020JJ00
AM29  ,3.6,2021JJ00
AM29  ,3.4,2022JJ00
AM29  ,3.3,2023JJ00
AM30  ,8.6,2013JJ00
AM30  ,8.6,2014JJ00
AM30  ,8.0,2015JJ00
AM30  ,6.9,2016JJ00
AM30  ,6.0,2017JJ00
AM30  ,5.0,2018JJ00
AM30  ,4.6,2019JJ00
AM30  ,5.1,2020JJ00
AM30  ,4.0,2021JJ00
AM30  ,3.8,2022JJ00
AM30  ,3.6,2023JJ00
AM32  ,7.7,2013JJ00
AM32  ,8.1,2014JJ00
AM32  ,7.6,2015JJ00
AM32  ,6.5,2016JJ00
AM32  ,5.3,2017JJ00
AM32  ,4.6,2018JJ00
AM32  ,4.2,2019JJ00
AM32  ,4.7,2020JJ00
AM32  ,3.5,2021JJ00
AM32  ,3.2,2022JJ00
AM32  ,3.3,2023JJ00
AM33  ,7.4,2013JJ00
AM33  ,7.4,2014JJ00
AM33  ,6.9,2015JJ00
AM33  ,6.2,2016JJ00
AM33  ,5.3,2017JJ00
AM33  ,4.5,2018JJ00
AM33  ,4.0,2019JJ00
AM33  ,4.5,2020JJ00
AM33  ,3.5,2021JJ00
AM33  ,3.3,2022JJ00
AM33  ,3.2,2023JJ00
AM34  ,7.8,2013JJ00
AM34  ,7.8,2014JJ00
AM34  ,7.5,2015JJ00
AM34  ,6.8,2016JJ00
AM34  ,5.6,2017JJ00
AM34  ,4.6,2018JJ00
AM34  ,4.2,2019JJ00
AM34  ,4.7,2020JJ00
AM34  ,4.1,2021JJ00
AM34  ,3.4,2022JJ00
AM34  ,3.3,2023JJ00
AM35  ,6.9,2013JJ00
AM35  ,7.0,2014JJ00
AM35  ,6.6,2015JJ00
AM35  ,5.9,2016JJ00
AM35  ,4.9,2017JJ00
AM35  ,4.3,2018JJ00
AM35  ,3.8,2019JJ00
AM35  ,4.1,2020JJ00
AM35  ,3.5,2021JJ00
AM35  ,3.0,2022JJ00
AM35  ,3.0,2023JJ00
AM36  ,7.3,2013JJ00
AM36  ,7.1,2014JJ00
AM36  ,6.9,2015JJ00
AM36  ,6.5,2016JJ00
AM36  ,5.2,2017JJ00
AM36  ,4.3,2018JJ00
AM36  ,3.9,2019JJ00
AM36  ,4.2,2020JJ00
AM36  ,3.3,2021JJ00
AM36  ,3.0,2022JJ00
AM36  ,3.0,2023JJ00
AM37  ,7.5,2013JJ00
AM37  ,7.5,2014JJ00
AM37  ,7.2,2015JJ00
AM37  ,6.3,2016JJ00
AM37  ,5.6,2017JJ00
AM37  ,4.5,2018JJ00
AM37  ,4.2,2019JJ00
AM37  ,4.7,2020JJ00
AM37  ,3.9,2021JJ00
AM37  ,3.4,2022JJ00
AM37  ,3.5,2023JJ00
AM38  ,7.3,2013JJ00
AM38  ,7.5,2014JJ00
AM38  ,7.1,2015JJ00
AM38  ,6.4,2016JJ00
AM38  ,5.3,2017JJ00
AM38  ,4.4,2018JJ00
AM38  ,3.9,2019JJ00
AM38  ,4.3,2020JJ00
AM38  ,3.6,2021JJ00
AM38  ,3.1,2022JJ00
AM38  ,3.2,2023JJ00
AM99  ,,2013JJ00
AM99  ,,2014JJ00
AM99  ,,2015JJ00
AM99  ,,2016JJ00
AM99  ,,2017JJ00
AM99  ,,2018JJ00
AM99  ,,2019JJ00
AM99  ,,2020JJ00
AM99  ,,2021JJ00
AM99  ,,2022JJ00
AM99  ,,2023JJ00
NL01  ,8.0,2013JJ00
NL01  ,8.0,2014JJ00
NL01  ,7.5,2015JJ00
NL01  ,6.5,2016JJ00
NL01  ,5.4,2017JJ00
NL01  ,4.6,2018JJ00
NL01  ,4.3,2019JJ00
NL01  ,4.6,2020JJ00
NL01  ,4.0,2021JJ00
NL01  ,3.3,2022JJ00
NL01  ,3.4,2023JJ00
LD01  ,8.7,2013JJ00
LD01  ,8.8,2014JJ00
LD01  ,8.7,2015JJ00
LD01  ,7.3,2016JJ00
LD01  ,6.1,2017JJ00
LD01  ,5.3,2018JJ00
LD01  ,4.7,2019JJ00
LD01  ,4.8,2020JJ00
LD01  ,4.3,2021JJ00
LD01  ,3.4,2022JJ00
LD01  ,3.5,2023JJ00
LD02  ,7.9,2013JJ00
LD02  ,7.9,2014JJ00
LD02  ,7.1,2015JJ00
LD02  ,6.4,2016JJ00
LD02  ,5.1,2017JJ00
LD02  ,4.5,2018JJ00
LD02  ,4.0,2019JJ00
LD02  ,4.4,2020JJ00
LD02  ,3.6,2021JJ00
LD02  ,3.1,2022JJ00
LD02  ,3.2,2023JJ00
LD03  ,8.2,2013JJ00
LD03  ,8.0,2014JJ00
LD03  ,7.5,2015JJ00
LD03  ,6.6,2016JJ00
LD03  ,5.5,2017JJ00
LD03  ,4.8,2018JJ00
LD03  ,4.5,2019JJ00
LD03  ,4.7,2020JJ00
LD03  ,4.3,2021JJ00
LD03  ,3.4,2022JJ00
LD03  ,3.6,2023JJ00
LD04  ,7.5,2013JJ00
LD04  ,7.6,2014JJ00
LD04  ,7.0,2015JJ00
LD04  ,6.0,2016JJ00
LD04  ,5.1,2017JJ00
LD04  ,4.2,2018JJ00
LD04  ,4.1,2019JJ00
LD04  ,4.4,2020JJ00
LD04  ,3.5,2021JJ00
LD04  ,3.1,2022JJ00
LD04  ,3.1,2023JJ00
PV20  ,9.2,2013JJ00
PV20  ,9.7,2014JJ00
PV20  ,10.0,2015JJ00
PV20  ,8.4,2016JJ00
PV20  ,7.1,2017JJ00
PV20  ,6.2,2018JJ00
PV20  ,5.8,2019JJ00
PV20  ,5.5,2020JJ00
PV20  ,5.3,2021JJ00
PV20  ,3.9,2022JJ00
PV20  ,4.0,2023JJ00
PV21  ,8.7,2013JJ00
PV21  ,8.6,2014JJ00
PV21  ,8.3,2015JJ00
PV21  ,7.2,2016JJ00
PV21  ,5.7,2017JJ00
PV21  ,4.9,2018JJ00
PV21  ,4.2,2019JJ00
PV21  ,4.5,2020JJ00
PV21  ,3.8,2021JJ00
PV21  ,3.3,2022JJ00
PV21  ,3.5,2023JJ00
PV22  ,8.0,2013JJ00
PV22  ,8.0,2014JJ00
PV22  ,7.8,2015JJ00
PV22  ,6.0,2016JJ00
PV22  ,5.3,2017JJ00
PV22  ,4.7,2018JJ00
PV22  ,3.9,2019JJ00
PV22  ,4.5,2020JJ00
PV22  ,3.8,2021JJ00
PV22  ,2.9,2022JJ00
PV22  ,2.9,2023JJ00
PV23  ,7.9,2013JJ00
PV23  ,7.9,2014JJ00
PV23  ,7.2,2015JJ00
PV23  ,6.5,2016JJ00
PV23  ,5.2,2017JJ00
PV23  ,4.5,2018JJ00
PV23  ,4.0,2019JJ00
PV23  ,4.5,2020JJ00
PV23  ,3.5,2021JJ00
PV23  ,3.0,2022JJ00
PV23  ,3.2,2023JJ00
PV24  ,9.4,2013JJ00
PV24  ,9.7,2014JJ00
PV24  ,7.8,2015JJ00
PV24  ,7.7,2016JJ00
PV24  ,6.0,2017JJ00
PV24  ,4.7,2018JJ00
PV24  ,4.4,2019JJ00
PV24  ,4.7,2020JJ00
PV24  ,4.2,2021JJ00
PV24  ,3.4,2022JJ00
PV24  ,3.3,2023JJ00
PV25  ,7.7,2013JJ00
PV25  ,7.6,2014JJ00
PV25  ,6.9,2015JJ00
PV25  ,6.1,2016JJ00
PV25  ,4.9,2017JJ00
PV25  ,4.4,2018JJ00
PV25  ,3.9,2019JJ00
PV25  ,4.3,2020JJ00
PV25  ,3.5,2021JJ00
PV25  ,3.1,2022JJ00
PV25  ,3.1,2023JJ00
PV26  ,7.2,2013JJ00
PV26  ,7.2,2014JJ00
PV26  ,6.9,2015JJ00
PV26  ,5.8,2016JJ00
PV26  ,4.7,2017JJ00
PV26  ,4.2,2018JJ00
PV26  ,3.9,2019JJ00
PV26  ,4.2,2020JJ00
PV26  ,3.3,2021JJ00
PV26  ,2.9,2022JJ00
PV26  ,3.3,2023JJ00
PV27  ,8.1,2013JJ00
PV27  ,7.7,2014JJ00
PV27  ,7.1,2015JJ00
PV27  ,6.2,2016JJ00
PV27  ,5.5,2017JJ00
PV27  ,4.9,2018JJ00
PV27  ,4.5,2019JJ00
PV27  ,5.0,2020JJ00
PV27  ,4.3,2021JJ00
PV27  ,3.5,2022JJ00
PV27  ,3.7,2023JJ00
PV28  ,8.7,2013JJ00
PV28  ,8.6,2014JJ00
PV28  ,8.2,2015JJ00
PV28  ,7.4,2016JJ00
PV28  ,6.0,2017JJ00
PV28  ,5.1,2018JJ00
PV28  ,4.9,2019JJ00
PV28  ,4.9,2020JJ00
PV28  ,4.7,2021JJ00
PV28  ,3.6,2022JJ00
PV28  ,3.7,2023JJ00
PV29  ,6.5,2013JJ00
PV29  ,6.2,2014JJ00
PV29  ,6.0,2015JJ00
PV29  ,4.8,2016JJ00
PV29  ,4.2,2017JJ00
PV29  ,3.7,2018JJ00
PV29  ,3.7,2019JJ00
PV29  ,3.9,2020JJ00
PV29  ,3.2,2021JJ00
PV29  ,2.5,2022JJ00
PV29  ,2.6,2023JJ00
PV30  ,7.3,2013JJ00
PV30  ,7.5,2014JJ00
PV30  ,7.0,2015JJ00
PV30  ,5.9,2016JJ00
PV30  ,5.0,2017JJ00
PV30  ,4.0,2018JJ00
PV30  ,4.0,2019JJ00
PV30  ,4.3,2020JJ00
PV30  ,3.5,2021JJ00
PV30  ,3.0,2022JJ00
PV30  ,3.0,2023JJ00
PV31  ,8.0,2013JJ00
PV31  ,8.0,2014JJ00
PV31  ,7.2,2015JJ00
PV31  ,6.2,2016JJ00
PV31  ,5.3,2017JJ00
PV31  ,4.5,2018JJ00
PV31  ,4.2,2019JJ00
PV31  ,4.7,2020JJ00
PV31  ,3.7,2021JJ00
PV31  ,3.4,2022JJ00
PV31  ,3.2,2023JJ00
CR01  ,8.6,2013JJ00
CR01  ,9.0,2014JJ00
CR01  ,8.9,2015JJ00
CR01  ,7.8,2016JJ00
CR01  ,6.5,2017JJ00
CR01  ,5.6,2018JJ00
CR01  ,5.0,2019JJ00
CR01  ,5.0,2020JJ00
CR01  ,4.0,2021JJ00
CR01  ,3.3,2022JJ00
CR01  ,3.4,2023JJ00
CR02  ,9.0,2013JJ00
CR02  ,9.4,2014JJ00
CR02  ,8.9,2015JJ00
CR02  ,7.2,2016JJ00
CR02  ,6.1,2017JJ00
CR02  ,5.1,2018JJ00
CR02  ,4.6,2019JJ00
CR02  ,5.0,2020JJ00
CR02  ,4.5,2021JJ00
CR02  ,3.5,2022JJ00
CR02  ,3.8,2023JJ00
CR03  ,9.4,2013JJ00
CR03  ,9.9,2014JJ00
CR03  ,10.4,2015JJ00
CR03  ,8.7,2016JJ00
CR03  ,7.4,2017JJ00
CR03  ,6.5,2018JJ00
CR03  ,6.2,2019JJ00
CR03  ,5.7,2020JJ00
CR03  ,5.7,2021JJ00
CR03  ,4.1,2022JJ00
CR03  ,4.3,2023JJ00
CR04  ,9.3,2013JJ00
CR04  ,9.0,2014JJ00
CR04  ,9.0,2015JJ00
CR04  ,7.6,2016JJ00
CR04  ,6.1,2017JJ00
CR04  ,5.3,2018JJ00
CR04  ,4.5,2019JJ00
CR04  ,4.7,2020JJ00
CR04  ,4.2,2021JJ00
CR04  ,3.6,2022JJ00
CR04  ,3.7,2023JJ00
CR05  ,7.6,2013JJ00
CR05  ,7.7,2014JJ00
CR05  ,7.1,2015JJ00
CR05  ,6.3,2016JJ00
CR05  ,5.0,2017JJ00
CR05  ,4.4,2018JJ00
CR05  ,3.7,2019JJ00
CR05  ,4.1,2020JJ00
CR05  ,3.1,2021JJ00
CR05  ,3.0,2022JJ00
CR05  ,3.2,2023JJ00
CR06  ,8.4,2013JJ00
CR06  ,8.7,2014JJ00
CR06  ,7.9,2015JJ00
CR06  ,7.1,2016JJ00
CR06  ,5.5,2017JJ00
CR06  ,4.5,2018JJ00
CR06  ,4.1,2019JJ00
CR06  ,4.4,2020JJ00
CR06  ,3.6,2021JJ00
CR06  ,3.1,2022JJ00
CR06  ,3.3,2023JJ00
CR07  ,7.5,2013JJ00
CR07  ,7.5,2014JJ00
CR07  ,7.5,2015JJ00
CR07  ,5.8,2016JJ00
CR07  ,5.1,2017JJ00
CR07  ,4.6,2018JJ00
CR07  ,3.9,2019JJ00
CR07  ,4.3,2020JJ00
CR07  ,3.6,2021JJ00
CR07  ,2.9,2022JJ00
CR07  ,3.0,2023JJ00
CR08  ,8.5,2013JJ00
CR08  ,8.5,2014JJ00
CR08  ,8.5,2015JJ00
CR08  ,6.4,2016JJ00
CR08  ,5.9,2017JJ00
CR08  ,5.3,2018JJ00
CR08  ,4.2,2019JJ00
CR08  ,4.9,2020JJ00
CR08  ,4.4,2021JJ00
CR08  ,3.0,2022JJ00
CR08  ,3.0,2023JJ00
CR09  ,8.2,2013JJ00
CR09  ,8.0,2014JJ00
CR09  ,7.3,2015JJ00
CR09  ,5.9,2016JJ00
CR09  ,4.8,2017JJ00
CR09  ,4.2,2018JJ00
CR09  ,3.6,2019JJ00
CR09  ,4.3,2020JJ00
CR09  ,3.5,2021JJ00
CR09  ,2.9,2022JJ00
CR09  ,2.8,2023JJ00
CR10  ,7.3,2013JJ00
CR10  ,7.1,2014JJ00
CR10  ,6.7,2015JJ00
CR10  ,6.2,2016JJ00
CR10  ,4.8,2017JJ00
CR10  ,4.1,2018JJ00
CR10  ,3.9,2019JJ00
CR10  ,4.2,2020JJ00
CR10  ,3.1,2021JJ00
CR10  ,2.8,2022JJ00
CR10  ,2.9,2023JJ00
CR11  ,7.5,2013JJ00
CR11  ,7.8,2014JJ00
CR11  ,7.0,2015JJ00
CR11  ,6.3,2016JJ00
CR11  ,5.2,2017JJ00
CR11  ,4.6,2018JJ00
CR11  ,4.0,2019JJ00
CR11  ,4.4,2020JJ00
CR11  ,3.6,2021JJ00
CR11  ,2.8,2022JJ00
CR11  ,3.1,2023JJ00
CR12  ,8.3,2013JJ00
CR12  ,8.3,2014JJ00
CR12  ,7.6,2015JJ00
CR12  ,6.8,2016JJ00
CR12  ,5.5,2017JJ00
CR12  ,4.6,2018JJ00
CR12  ,4.1,2019JJ00
CR12  ,4.7,2020JJ00
CR12  ,3.8,2021JJ00
CR12  ,3.1,2022JJ00
CR12  ,3.3,2023JJ00
CR13  ,6.9,2013JJ00
CR13  ,6.8,2014JJ00
CR13  ,6.1,2015JJ00
CR13  ,5.7,2016JJ00
CR13  ,4.5,2017JJ00
CR13  ,4.1,2018JJ00
CR13  ,3.6,2019JJ00
CR13  ,4.0,2020JJ00
CR13  ,3.0,2021JJ00
CR13  ,2.9,2022JJ00
CR13  ,2.9,2023JJ00
CR14  ,7.3,2013JJ00
CR14  ,7.4,2014JJ00
CR14  ,6.7,2015JJ00
CR14  ,5.8,2016JJ00
CR14  ,4.7,2017JJ00
CR14  ,4.2,2018JJ00
CR14  ,3.6,2019JJ00
CR14  ,4.0,2020JJ00
CR14  ,3.0,2021JJ00
CR14  ,2.9,2022JJ00
CR14  ,2.8,2023JJ00
CR15  ,8.8,2013JJ00
CR15  ,8.7,2014JJ00
CR15  ,7.9,2015JJ00
CR15  ,6.9,2016JJ00
CR15  ,5.5,2017JJ00
CR15  ,5.0,2018JJ00
CR15  ,4.3,2019JJ00
CR15  ,4.7,2020JJ00
CR15  ,4.3,2021JJ00
CR15  ,3.6,2022JJ00
CR15  ,3.5,2023JJ00
CR16  ,7.0,2013JJ00
CR16  ,7.0,2014JJ00
CR16  ,6.3,2015JJ00
CR16  ,5.4,2016JJ00
CR16  ,4.3,2017JJ00
CR16  ,3.9,2018JJ00
CR16  ,3.6,2019JJ00
CR16  ,4.0,2020JJ00
CR16  ,3.1,2021JJ00
CR16  ,2.8,2022JJ00
CR16  ,2.9,2023JJ00
CR17  ,7.2,2013JJ00
CR17  ,7.2,2014JJ00
CR17  ,6.9,2015JJ00
CR17  ,5.8,2016JJ00
CR17  ,4.7,2017JJ00
CR17  ,4.2,2018JJ00
CR17  ,3.9,2019JJ00
CR17  ,4.2,2020JJ00
CR17  ,3.3,2021JJ00
CR17  ,2.9,2022JJ00
CR17  ,3.3,2023JJ00
CR18  ,6.9,2013JJ00
CR18  ,6.8,2014JJ00
CR18  ,6.1,2015JJ00
CR18  ,5.5,2016JJ00
CR18  ,4.8,2017JJ00
CR18  ,4.2,2018JJ00
CR18  ,3.8,2019JJ00
CR18  ,4.0,2020JJ00
CR18  ,3.1,2021JJ00
CR18  ,2.8,2022JJ00
CR18  ,2.9,2023JJ00
CR19  ,7.1,2013JJ00
CR19  ,7.0,2014JJ00
CR19  ,6.2,2015JJ00
CR19  ,5.5,2016JJ00
CR19  ,4.8,2017JJ00
CR19  ,4.2,2018JJ00
CR19  ,3.8,2019JJ00
CR19  ,4.2,2020JJ00
CR19  ,3.2,2021JJ00
CR19  ,2.9,2022JJ00
CR19  ,2.9,2023JJ00
CR20  ,6.7,2013JJ00
CR20  ,6.9,2014JJ00
CR20  ,6.2,2015JJ00
CR20  ,5.4,2016JJ00
CR20  ,4.6,2017JJ00
CR20  ,4.0,2018JJ00
CR20  ,3.7,2019JJ00
CR20  ,4.2,2020JJ00
CR20  ,3.4,2021JJ00
CR20  ,3.0,2022JJ00
CR20  ,3.1,2023JJ00
CR21  ,7.8,2013JJ00
CR21  ,7.2,2014JJ00
CR21  ,6.7,2015JJ00
CR21  ,6.0,2016JJ00
CR21  ,5.4,2017JJ00
CR21  ,4.6,2018JJ00
CR21  ,4.4,2019JJ00
CR21  ,4.7,2020JJ00
CR21  ,3.6,2021JJ00
CR21  ,3.3,2022JJ00
CR21  ,3.4,2023JJ00
CR22  ,8.2,2013JJ00
CR22  ,7.8,2014JJ00
CR22  ,7.3,2015JJ00
CR22  ,6.5,2016JJ00
CR22  ,5.3,2017JJ00
CR22  ,4.8,2018JJ00
CR22  ,4.3,2019JJ00
CR22  ,4.8,2020JJ00
CR22  ,3.9,2021JJ00
CR22  ,3.4,2022JJ00
CR22  ,3.4,2023JJ00
CR23  ,8.9,2013JJ00
CR23  ,8.3,2014JJ00
CR23  ,7.8,2015JJ00
CR23  ,6.7,2016JJ00
CR23  ,6.0,2017JJ00
CR23  ,5.4,2018JJ00
CR23  ,5.0,2019JJ00
CR23  ,5.6,2020JJ00
CR23  ,5.2,2021JJ00
CR23  ,4.0,2022JJ00
CR23  ,4.3,2023JJ00
CR24  ,7.3,2013JJ00
CR24  ,7.5,2014JJ00
CR24  ,6.8,2015JJ00
CR24  ,5.9,2016JJ00
CR24  ,5.0,2017JJ00
CR24  ,4.4,2018JJ00
CR24  ,4.0,2019JJ00
CR24  ,4.3,2020JJ00
CR24  ,3.6,2021JJ00
CR24  ,3.0,2022JJ00
CR24  ,3.1,2023JJ00
CR25  ,7.1,2013JJ00
CR25  ,6.8,2014JJ00
CR25  ,6.3,2015JJ00
CR25  ,5.8,2016JJ00
CR25  ,4.9,2017JJ00
CR25  ,4.2,2018JJ00
CR25  ,4.0,2019JJ00
CR25  ,4.2,2020JJ00
CR25  ,3.5,2021JJ00
CR25  ,3.1,2022JJ00
CR25  ,3.0,2023JJ00
CR26  ,9.7,2013JJ00
CR26  ,10.0,2014JJ00
CR26  ,9.5,2015JJ00
CR26  ,8.1,2016JJ00
CR26  ,6.9,2017JJ00
CR26  ,5.5,2018JJ00
CR26  ,5.4,2019JJ00
CR26  ,5.4,2020JJ00
CR26  ,5.2,2021JJ00
CR26  ,3.9,2022JJ00
CR26  ,3.9,2023JJ00
CR27  ,7.5,2013JJ00
CR27  ,7.5,2014JJ00
CR27  ,6.7,2015JJ00
CR27  ,6.1,2016JJ00
CR27  ,5.1,2017JJ00
CR27  ,4.6,2018JJ00
CR27  ,4.3,2019JJ00
CR27  ,4.4,2020JJ00
CR27  ,4.2,2021JJ00
CR27  ,3.2,2022JJ00
CR27  ,3.4,2023JJ00
CR28  ,6.9,2013JJ00
CR28  ,6.8,2014JJ00
CR28  ,6.5,2015JJ00
CR28  ,5.9,2016JJ00
CR28  ,4.7,2017JJ00
CR28  ,4.0,2018JJ00
CR28  ,3.9,2019JJ00
CR28  ,4.1,2020JJ00
CR28  ,3.4,2021JJ00
CR28  ,2.8,2022JJ00
CR28  ,2.9,2023JJ00
CR29  ,9.7,2013JJ00
CR29  ,9.5,2014JJ00
CR29  ,9.2,2015JJ00
CR29  ,8.4,2016JJ00
CR29  ,6.6,2017JJ00
CR29  ,5.6,2018JJ00
CR29  ,5.4,2019JJ00
CR29  ,5.1,2020JJ00
CR29  ,5.4,2021JJ00
CR29  ,4.0,2022JJ00
CR29  ,4.1,2023JJ00
CR30  ,7.2,2013JJ00
CR30  ,7.1,2014JJ00
CR30  ,6.6,2015JJ00
CR30  ,5.8,2016JJ00
CR30  ,4.8,2017JJ00
CR30  ,4.4,2018JJ00
CR30  ,4.2,2019JJ00
CR30  ,4.4,2020JJ00
CR30  ,3.8,2021JJ00
CR30  ,3.0,2022JJ00
CR30  ,3.0,2023JJ00
CR31  ,6.4,2013JJ00
CR31  ,6.1,2014JJ00
CR31  ,5.9,2015JJ00
CR31  ,4.6,2016JJ00
CR31  ,4.1,2017JJ00
CR31  ,3.6,2018JJ00
CR31  ,3.6,2019JJ00
CR31  ,3.9,2020JJ00
CR31  ,3.1,2021JJ00
CR31  ,2.6,2022JJ00
CR31  ,2.7,2023JJ00
CR32  ,6.5,2013JJ00
CR32  ,6.2,2014JJ00
CR32  ,6.0,2015JJ00
CR32  ,4.8,2016JJ00
CR32  ,4.3,2017JJ00
CR32  ,3.8,2018JJ00
CR32  ,3.7,2019JJ00
CR32  ,3.9,2020JJ00
CR32  ,3.2,2021JJ00
CR32  ,2.5,2022JJ00
CR32  ,2.6,2023JJ00
CR33  ,7.3,2013JJ00
CR33  ,7.4,2014JJ00
CR33  ,7.2,2015JJ00
CR33  ,6.0,2016JJ00
CR33  ,5.1,2017JJ00
CR33  ,4.2,2018JJ00
CR33  ,4.1,2019JJ00
CR33  ,4.4,2020JJ00
CR33  ,3.6,2021JJ00
CR33  ,3.1,2022JJ00
CR33  ,3.0,2023JJ00
CR34  ,7.5,2013JJ00
CR34  ,7.5,2014JJ00
CR34  ,7.1,2015JJ00
CR34  ,5.9,2016JJ00
CR34  ,5.0,2017JJ00
CR34  ,4.0,2018JJ00
CR34  ,4.1,2019JJ00
CR34  ,4.3,2020JJ00
CR34  ,3.4,2021JJ00
CR34  ,3.0,2022JJ00
CR34  ,3.2,2023JJ00
CR35  ,7.0,2013JJ00
CR35  ,7.2,2014JJ00
CR35  ,6.6,2015JJ00
CR35  ,5.6,2016JJ00
CR35  ,4.8,2017JJ00
CR35  ,3.8,2018JJ00
CR35  ,3.7,2019JJ00
CR35  ,4.0,2020JJ00
CR35  ,3.1,2021JJ00
CR35  ,2.8,2022JJ00
CR35  ,2.7,2023JJ00
CR36  ,7.5,2013JJ00
CR36  ,7.7,2014JJ00
CR36  ,7.0,2015JJ00
CR36  ,6.0,2016JJ00
CR36  ,5.0,2017JJ00
CR36  ,4.1,2018JJ00
CR36  ,4.0,2019JJ00
CR36  ,4.5,2020JJ00
CR36  ,3.7,2021JJ00
CR36  ,3.0,2022JJ00
CR36  ,3.1,2023JJ00
CR37  ,7.4,2013JJ00
CR37  ,7.5,2014JJ00
CR37  ,6.8,2015JJ00
CR37  ,5.7,2016JJ00
CR37  ,4.9,2017JJ00
CR37  ,4.2,2018JJ00
CR37  ,3.8,2019JJ00
CR37  ,4.5,2020JJ00
CR37  ,3.4,2021JJ00
CR37  ,3.2,2022JJ00
CR37  ,3.1,2023JJ00
CR38  ,7.1,2013JJ00
CR38  ,7.1,2014JJ00
CR38  ,6.4,2015JJ00
CR38  ,5.8,2016JJ00
CR38  ,5.0,2017JJ00
CR38  ,4.3,2018JJ00
CR38  ,4.0,2019JJ00
CR38  ,4.4,2020JJ00
CR38  ,3.3,2021JJ00
CR38  ,3.1,2022JJ00
CR38  ,3.0,2023JJ00
CR39  ,8.6,2013JJ00
CR39  ,8.5,2014JJ00
CR39  ,7.7,2015JJ00
CR39  ,6.5,2016JJ00
CR39  ,5.6,2017JJ00
CR39  ,4.8,2018JJ00
CR39  ,4.5,2019JJ00
CR39  ,5.0,2020JJ00
CR39  ,4.0,2021JJ00
CR39  ,3.7,2022JJ00
CR39  ,3.4,2023JJ00
CR40  ,9.4,2013JJ00
CR40  ,9.7,2014JJ00
CR40  ,7.8,2015JJ00
CR40  ,7.7,2016JJ00
CR40  ,6.0,2017JJ00
CR40  ,4.7,2018JJ00
CR40  ,4.4,2019JJ00
CR40  ,4.7,2020JJ00
CR40  ,4.2,2021JJ00
CR40  ,3.4,2022JJ00
CR40  ,3.3,2023JJ00
GM1680,7.0,2013JJ00
GM1680,7.3,2014JJ00
GM1680,7.0,2015JJ00
GM1680,5.7,2016JJ00
GM1680,5.0,2017JJ00
GM1680,4.2,2018JJ00
GM1680,3.7,2019JJ00
GM1680,4.1,2020JJ00
GM1680,3.8,2021JJ00
GM1680,2.8,2022JJ00
GM1680,2.6,2023JJ00
GM0358,6.2,2013JJ00
GM0358,6.0,2014JJ00
GM0358,5.7,2015JJ00
GM0358,5.0,2016JJ00
GM0358,3.8,2017JJ00
GM0358,3.3,2018JJ00
GM0358,3.4,2019JJ00
GM0358,3.9,2020JJ00
GM0358,3.3,2021JJ00
GM0358,2.7,2022JJ00
GM0358,2.8,2023JJ00
GM0197,6.4,2013JJ00
GM0197,6.5,2014JJ00
GM0197,5.7,2015JJ00
GM0197,5.1,2016JJ00
GM0197,4.2,2017JJ00
GM0197,3.7,2018JJ00
GM0197,3.3,2019JJ00
GM0197,3.5,2020JJ00
GM0197,2.5,2021JJ00
GM0197,2.6,2022JJ00
GM0197,2.6,2023JJ00
GM0059,8.7,2013JJ00
GM0059,9.1,2014JJ00
GM0059,7.9,2015JJ00
GM0059,6.8,2016JJ00
GM0059,5.1,2017JJ00
GM0059,4.4,2018JJ00
GM0059,4.0,2019JJ00
GM0059,4.5,2020JJ00
GM0059,3.9,2021JJ00
GM0059,3.1,2022JJ00
GM0059,3.2,2023JJ00
GM0482,6.4,2013JJ00
GM0482,6.0,2014JJ00
GM0482,5.5,2015JJ00
GM0482,5.0,2016JJ00
GM0482,4.4,2017JJ00
GM0482,4.1,2018JJ00
GM0482,3.8,2019JJ00
GM0482,4.3,2020JJ00
GM0482,3.5,2021JJ00
GM0482,2.9,2022JJ00
GM0482,2.8,2023JJ00
GM0613,6.4,2013JJ00
GM0613,6.4,2014JJ00
GM0613,6.1,2015JJ00
GM0613,5.0,2016JJ00
GM0613,4.1,2017JJ00
GM0613,3.6,2018JJ00
GM0613,3.4,2019JJ00
GM0613,3.9,2020JJ00
GM0613,3.1,2021JJ00
GM0613,2.6,2022JJ00
GM0613,2.7,2023JJ00
GM0361,7.5,2013JJ00
GM0361,7.3,2014JJ00
GM0361,6.5,2015JJ00
GM0361,6.1,2016JJ00
GM0361,5.2,2017JJ00
GM0361,4.6,2018JJ00
GM0361,4.1,2019JJ00
GM0361,4.5,2020JJ00
GM0361,3.4,2021JJ00
GM0361,3.1,2022JJ00
GM0361,3.2,2023JJ00
GM0141,9.9,2013JJ00
GM0141,10.4,2014JJ00
GM0141,9.6,2015JJ00
GM0141,8.4,2016JJ00
GM0141,6.6,2017JJ00
GM0141,5.4,2018JJ00
GM0141,4.4,2019JJ00
GM0141,5.2,2020JJ00
GM0141,4.7,2021JJ00
GM0141,3.5,2022JJ00
GM0141,4.0,2023JJ00
GM0034,10.4,2013JJ00
GM0034,11.0,2014JJ00
GM0034,8.5,2015JJ00
GM0034,8.8,2016JJ00
GM0034,6.6,2017JJ00
GM0034,5.2,2018JJ00
GM0034,4.8,2019JJ00
GM0034,5.1,2020JJ00
GM0034,5.0,2021JJ00
GM0034,3.9,2022JJ00
GM0034,3.6,2023JJ00
GM0484,6.7,2013JJ00
GM0484,6.5,2014JJ00
GM0484,6.3,2015JJ00
GM0484,5.8,2016JJ00
GM0484,4.7,2017JJ00
GM0484,4.2,2018JJ00
GM0484,4.0,2019JJ00
GM0484,4.2,2020JJ00
GM0484,3.6,2021JJ00
GM0484,2.7,2022JJ00
GM0484,2.9,2023JJ00
GM1723,5.9,2013JJ00
GM1723,5.6,2014JJ00
GM1723,5.4,2015JJ00
GM1723,4.8,2016JJ00
GM1723,4.2,2017JJ00
GM1723,3.6,2018JJ00
GM1723,3.4,2019JJ00
GM1723,3.5,2020JJ00
GM1723,2.6,2021JJ00
GM1723,2.3,2022JJ00
GM1723,2.4,2023JJ00
GM1959,5.8,2013JJ00
GM1959,6.2,2014JJ00
GM1959,5.8,2015JJ00
GM1959,4.7,2016JJ00
GM1959,3.9,2017JJ00
GM1959,3.3,2018JJ00
GM1959,3.1,2019JJ00
GM1959,3.4,2020JJ00
GM1959,2.7,2021JJ00
GM1959,2.4,2022JJ00
GM1959,2.4,2023JJ00
GM0060,6.2,2013JJ00
GM0060,5.9,2014JJ00
GM0060,5.6,2015JJ00
GM0060,5.0,2016JJ00
GM0060,4.1,2017JJ00
GM0060,3.4,2018JJ00
GM0060,3.1,2019JJ00
GM0060,3.9,2020JJ00
GM0060,3.1,2021JJ00
GM0060,2.6,2022JJ00
GM0060,2.7,2023JJ00
GM0307,7.2,2013JJ00
GM0307,7.3,2014JJ00
GM0307,7.5,2015JJ00
GM0307,5.6,2016JJ00
GM0307,4.8,2017JJ00
GM0307,4.0,2018JJ00
GM0307,3.7,2019JJ00
GM0307,4.1,2020JJ00
GM0307,4.2,2021JJ00
GM0307,2.8,2022JJ00
GM0307,3.6,2023JJ00
GM0362,7.9,2013JJ00
GM0362,7.4,2014JJ00
GM0362,6.7,2015JJ00
GM0362,5.6,2016JJ00
GM0362,5.1,2017JJ00
GM0362,4.8,2018JJ00
GM0362,4.4,2019JJ00
GM0362,4.8,2020JJ00
GM0362,3.9,2021JJ00
GM0362,3.3,2022JJ00
GM0362,3.6,2023JJ00
GM0363,9.9,2013JJ00
GM0363,9.0,2014JJ00
GM0363,8.7,2015JJ00
GM0363,7.4,2016JJ00
GM0363,6.7,2017JJ00
GM0363,6.1,2018JJ00
GM0363,5.6,2019JJ00
GM0363,6.3,2020JJ00
GM0363,6.0,2021JJ00
GM0363,4.5,2022JJ00
GM0363,4.9,2023JJ00
GM0200,7.4,2013JJ00
GM0200,7.2,2014JJ00
GM0200,6.5,2015JJ00
GM0200,6.2,2016JJ00
GM0200,5.1,2017JJ00
GM0200,4.8,2018JJ00
GM0200,3.9,2019JJ00
GM0200,4.6,2020JJ00
GM0200,3.1,2021JJ00
GM0200,3.2,2022JJ00
GM0200,3.2,2023JJ00
GM0202,9.8,2013JJ00
GM0202,10.7,2014JJ00
GM0202,9.9,2015JJ00
GM0202,8.1,2016JJ00
GM0202,6.5,2017JJ00
GM0202,5.8,2018JJ00
GM0202,5.0,2019JJ00
GM0202,5.2,2020JJ00
GM0202,5.7,2021JJ00
GM0202,4.5,2022JJ00
GM0202,4.1,2023JJ00
GM0106,8.4,2013JJ00
GM0106,8.6,2014JJ00
GM0106,8.8,2015JJ00
GM0106,6.5,2016JJ00
GM0106,5.9,2017JJ00
GM0106,5.2,2018JJ00
GM0106,4.2,2019JJ00
GM0106,4.8,2020JJ00
GM0106,4.0,2021JJ00
GM0106,3.3,2022JJ00
GM0106,3.5,2023JJ00
GM0743,6.6,2013JJ00
GM0743,6.8,2014JJ00
GM0743,6.5,2015JJ00
GM0743,5.3,2016JJ00
GM0743,4.6,2017JJ00
GM0743,3.8,2018JJ00
GM0743,3.6,2019JJ00
GM0743,3.9,2020JJ00
GM0743,2.9,2021JJ00
GM0743,2.6,2022JJ00
GM0743,2.6,2023JJ00
GM0744,6.6,2013JJ00
GM0744,6.6,2014JJ00
GM0744,6.5,2015JJ00
GM0744,5.3,2016JJ00
GM0744,4.4,2017JJ00
GM0744,3.8,2018JJ00
GM0744,3.9,2019JJ00
GM0744,3.8,2020JJ00
GM0744,2.9,2021JJ00
GM0744,2.6,2022JJ00
GM0744,2.7,2023JJ00
GM0308,7.2,2013JJ00
GM0308,7.0,2014JJ00
GM0308,7.2,2015JJ00
GM0308,6.0,2016JJ00
GM0308,4.7,2017JJ00
GM0308,4.1,2018JJ00
GM0308,3.8,2019JJ00
GM0308,4.1,2020JJ00
GM0308,3.2,2021JJ00
GM0308,3.2,2022JJ00
GM0308,3.3,2023JJ00
GM0489,6.7,2013JJ00
GM0489,6.6,2014JJ00
GM0489,6.1,2015JJ00
GM0489,5.2,2016JJ00
GM0489,4.6,2017JJ00
GM0489,4.1,2018JJ00
GM0489,3.5,2019JJ00
GM0489,4.0,2020JJ00
GM0489,3.6,2021JJ00
GM0489,3.1,2022JJ00
GM0489,3.0,2023JJ00
GM0203,6.0,2013JJ00
GM0203,5.9,2014JJ00
GM0203,5.0,2015JJ00
GM0203,4.6,2016JJ00
GM0203,4.0,2017JJ00
GM0203,3.5,2018JJ00
GM0203,3.1,2019JJ00
GM0203,3.4,2020JJ00
GM0203,2.8,2021JJ00
GM0203,2.5,2022JJ00
GM0203,2.6,2023JJ00
GM0888,7.3,2013JJ00
GM0888,6.8,2014JJ00
GM0888,6.7,2015JJ00
GM0888,5.6,2016JJ00
GM0888,4.5,2017JJ00
GM0888,4.1,2018JJ00
GM0888,3.8,2019JJ00
GM0888,4.3,2020JJ00
GM0888,3.1,2021JJ00
GM0888,3.0,2022JJ00
GM0888,3.0,2023JJ00
GM1954,7.1,2013JJ00
GM1954,7.0,2014JJ00
GM1954,6.2,2015JJ00
GM1954,5.6,2016JJ00
GM1954,4.5,2017JJ00
GM1954,4.0,2018JJ00
GM1954,3.5,2019JJ00
GM1954,4.1,2020JJ00
GM1954,3.0,2021JJ00
GM1954,2.8,2022JJ00
GM1954,2.7,2023JJ00
GM0889,7.1,2013JJ00
GM0889,7.0,2014JJ00
GM0889,6.8,2015JJ00
GM0889,6.0,2016JJ00
GM0889,4.7,2017JJ00
GM0889,4.0,2018JJ00
GM0889,3.7,2019JJ00
GM0889,4.4,2020JJ00
GM0889,3.3,2021JJ00
GM0889,3.0,2022JJ00
GM0889,2.9,2023JJ00
GM1945,7.9,2013JJ00
GM1945,7.8,2014JJ00
GM1945,7.0,2015JJ00
GM1945,6.1,2016JJ00
GM1945,5.2,2017JJ00
GM1945,4.4,2018JJ00
GM1945,4.1,2019JJ00
GM1945,4.5,2020JJ00
GM1945,3.1,2021JJ00
GM1945,2.9,2022JJ00
GM1945,2.9,2023JJ00
GM1724,6.3,2013JJ00
GM1724,6.2,2014JJ00
GM1724,5.7,2015JJ00
GM1724,4.9,2016JJ00
GM1724,3.9,2017JJ00
GM1724,3.4,2018JJ00
GM1724,3.2,2019JJ00
GM1724,3.5,2020JJ00
GM1724,2.4,2021JJ00
GM1724,2.5,2022JJ00
GM1724,2.4,2023JJ00
GM0893,6.9,2013JJ00
GM0893,6.7,2014JJ00
GM0893,6.2,2015JJ00
GM0893,5.8,2016JJ00
GM0893,4.7,2017JJ00
GM0893,4.1,2018JJ00
GM0893,3.6,2019JJ00
GM0893,4.0,2020JJ00
GM0893,3.3,2021JJ00
GM0893,2.9,2022JJ00
GM0893,2.8,2023JJ00
GM0373,6.6,2013JJ00
GM0373,6.5,2014JJ00
GM0373,5.8,2015JJ00
GM0373,4.8,2016JJ00
GM0373,4.4,2017JJ00
GM0373,4.1,2018JJ00
GM0373,3.8,2019JJ00
GM0373,3.9,2020JJ00
GM0373,2.8,2021JJ00
GM0373,2.8,2022JJ00
GM0373,2.8,2023JJ00
GM0748,8.1,2013JJ00
GM0748,7.9,2014JJ00
GM0748,8.5,2015JJ00
GM0748,7.0,2016JJ00
GM0748,5.9,2017JJ00
GM0748,4.7,2018JJ00
GM0748,4.5,2019JJ00
GM0748,4.9,2020JJ00
GM0748,3.6,2021JJ00
GM0748,3.2,2022JJ00
GM0748,3.3,2023JJ00
GM1859,6.7,2013JJ00
GM1859,7.0,2014JJ00
GM1859,6.2,2015JJ00
GM1859,5.2,2016JJ00
GM1859,4.1,2017JJ00
GM1859,3.9,2018JJ00
GM1859,3.5,2019JJ00
GM1859,3.8,2020JJ00
GM1859,2.6,2021JJ00
GM1859,2.7,2022JJ00
GM1859,2.7,2023JJ00
GM1721,6.5,2013JJ00
GM1721,6.4,2014JJ00
GM1721,5.9,2015JJ00
GM1721,4.9,2016JJ00
GM1721,4.2,2017JJ00
GM1721,3.5,2018JJ00
GM1721,3.4,2019JJ00
GM1721,3.7,2020JJ00
GM1721,2.6,2021JJ00
GM1721,2.4,2022JJ00
GM1721,2.5,2023JJ00
GM0753,7.0,2013JJ00
GM0753,6.9,2014JJ00
GM0753,6.1,2015JJ00
GM0753,5.6,2016JJ00
GM0753,4.4,2017JJ00
GM0753,3.8,2018JJ00
GM0753,3.7,2019JJ00
GM0753,3.9,2020JJ00
GM0753,3.8,2021JJ00
GM0753,3.2,2022JJ00
GM0753,2.9,2023JJ00
GM0209,7.6,2013JJ00
GM0209,7.0,2014JJ00
GM0209,6.5,2015JJ00
GM0209,5.7,2016JJ00
GM0209,4.6,2017JJ00
GM0209,3.9,2018JJ00
GM0209,3.5,2019JJ00
GM0209,3.8,2020JJ00
GM0209,2.9,2021JJ00
GM0209,2.9,2022JJ00
GM0209,3.0,2023JJ00
GM0375,7.1,2013JJ00
GM0375,7.5,2014JJ00
GM0375,6.7,2015JJ00
GM0375,6.0,2016JJ00
GM0375,5.1,2017JJ00
GM0375,4.4,2018JJ00
GM0375,4.0,2019JJ00
GM0375,4.5,2020JJ00
GM0375,3.9,2021JJ00
GM0375,3.3,2022JJ00
GM0375,3.5,2023JJ00
GM0310,6.8,2013JJ00
GM0310,6.7,2014JJ00
GM0310,6.1,2015JJ00
GM0310,5.1,2016JJ00
GM0310,4.6,2017JJ00
GM0310,4.0,2018JJ00
GM0310,3.8,2019JJ00
GM0310,4.0,2020JJ00
GM0310,3.0,2021JJ00
GM0310,2.9,2022JJ00
GM0310,3.0,2023JJ00
GM1728,6.0,2013JJ00
GM1728,5.9,2014JJ00
GM1728,5.3,2015JJ00
GM1728,5.0,2016JJ00
GM1728,3.8,2017JJ00
GM1728,3.4,2018JJ00
GM1728,3.3,2019JJ00
GM1728,3.4,2020JJ00
GM1728,2.7,2021JJ00
GM1728,2.4,2022JJ00
GM1728,2.5,2023JJ00
GM0376,7.0,2013JJ00
GM0376,6.8,2014JJ00
GM0376,6.6,2015JJ00
GM0376,5.8,2016JJ00
GM0376,4.7,2017JJ00
GM0376,4.0,2018JJ00
GM0376,3.6,2019JJ00
GM0376,3.7,2020JJ00
GM0376,3.0,2021JJ00
GM0376,2.6,2022JJ00
GM0376,2.6,2023JJ00
GM0377,6.2,2013JJ00
GM0377,6.1,2014JJ00
GM0377,5.9,2015JJ00
GM0377,5.0,2016JJ00
GM0377,4.4,2017JJ00
GM0377,3.8,2018JJ00
GM0377,3.6,2019JJ00
GM0377,3.9,2020JJ00
GM0377,3.1,2021JJ00
GM0377,2.8,2022JJ00
GM0377,2.8,2023JJ00
GM1901,6.3,2013JJ00
GM1901,6.1,2014JJ00
GM1901,5.5,2015JJ00
GM1901,4.9,2016JJ00
GM1901,4.2,2017JJ00
GM1901,3.7,2018JJ00
GM1901,3.5,2019JJ00
GM1901,3.7,2020JJ00
GM1901,2.7,2021JJ00
GM1901,2.4,2022JJ00
GM1901,2.8,2023JJ00
GM0755,6.2,2013JJ00
GM0755,5.9,2014JJ00
GM0755,5.4,2015JJ00
GM0755,4.4,2016JJ00
GM0755,3.8,2017JJ00
GM0755,3.4,2018JJ00
GM0755,3.3,2019JJ00
GM0755,3.5,2020JJ00
GM0755,2.5,2021JJ00
GM0755,2.5,2022JJ00
GM0755,2.5,2023JJ00
GM1681,7.8,2013JJ00
GM1681,7.6,2014JJ00
GM1681,7.7,2015JJ00
GM1681,5.9,2016JJ00
GM1681,5.2,2017JJ00
GM1681,4.6,2018JJ00
GM1681,3.9,2019JJ00
GM1681,4.2,2020JJ00
GM1681,3.5,2021JJ00
GM1681,2.7,2022JJ00
GM1681,2.7,2023JJ00
GM0147,6.5,2013JJ00
GM0147,6.9,2014JJ00
GM0147,6.6,2015JJ00
GM0147,5.8,2016JJ00
GM0147,4.4,2017JJ00
GM0147,3.8,2018JJ00
GM0147,3.6,2019JJ00
GM0147,3.9,2020JJ00
GM0147,3.0,2021JJ00
GM0147,2.6,2022JJ00
GM0147,2.8,2023JJ00
GM0654,5.9,2013JJ00
GM0654,5.4,2014JJ00
GM0654,5.4,2015JJ00
GM0654,4.2,2016JJ00
GM0654,3.8,2017JJ00
GM0654,3.2,2018JJ00
GM0654,3.2,2019JJ00
GM0654,3.4,2020JJ00
GM0654,2.6,2021JJ00
GM0654,2.3,2022JJ00
GM0654,2.3,2023JJ00
GM0757,7.2,2013JJ00
GM0757,6.8,2014JJ00
GM0757,6.5,2015JJ00
GM0757,5.9,2016JJ00
GM0757,4.8,2017JJ00
GM0757,4.1,2018JJ00
GM0757,3.8,2019JJ00
GM0757,4.1,2020JJ00
GM0757,3.6,2021JJ00
GM0757,2.9,2022JJ00
GM0757,2.8,2023JJ00
GM0758,7.9,2013JJ00
GM0758,7.8,2014JJ00
GM0758,7.7,2015JJ00
GM0758,6.2,2016JJ00
GM0758,5.4,2017JJ00
GM0758,4.5,2018JJ00
GM0758,4.7,2019JJ00
GM0758,4.8,2020JJ00
GM0758,4.1,2021JJ00
GM0758,3.4,2022JJ00
GM0758,3.3,2023JJ00
GM1876,6.6,2013JJ00
GM1876,6.3,2014JJ00
GM1876,5.3,2015JJ00
GM1876,4.7,2016JJ00
GM1876,4.1,2017JJ00
GM1876,3.7,2018JJ00
GM1876,3.0,2019JJ00
GM1876,3.5,2020JJ00
GM1876,2.5,2021JJ00
GM1876,2.6,2022JJ00
GM1876,2.4,2023JJ00
GM0213,6.8,2013JJ00
GM0213,7.2,2014JJ00
GM0213,5.9,2015JJ00
GM0213,5.1,2016JJ00
GM0213,4.5,2017JJ00
GM0213,4.1,2018JJ00
GM0213,3.6,2019JJ00
GM0213,4.0,2020JJ00
GM0213,3.2,2021JJ00
GM0213,2.7,2022JJ00
GM0213,2.7,2023JJ00
GM0899,8.5,2013JJ00
GM0899,8.3,2014JJ00
GM0899,8.1,2015JJ00
GM0899,6.1,2016JJ00
GM0899,5.7,2017JJ00
GM0899,4.7,2018JJ00
GM0899,4.5,2019JJ00
GM0899,4.7,2020JJ00
GM0899,3.8,2021JJ00
GM0899,3.3,2022JJ00
GM0899,3.6,2023JJ00
GM0312,5.7,2013JJ00
GM0312,5.7,2014JJ00
GM0312,5.0,2015JJ00
GM0312,4.7,2016JJ00
GM0312,3.6,2017JJ00
GM0312,3.5,2018JJ00
GM0312,3.3,2019JJ00
GM0312,3.6,2020JJ00
GM0312,2.7,2021JJ00
GM0312,2.4,2022JJ00
GM0312,2.6,2023JJ00
GM0313,6.1,2013JJ00
GM0313,6.3,2014JJ00
GM0313,5.8,2015JJ00
GM0313,4.6,2016JJ00
GM0313,3.8,2017JJ00
GM0313,3.3,2018JJ00
GM0313,3.1,2019JJ00
GM0313,3.3,2020JJ00
GM0313,2.4,2021JJ00
GM0313,2.4,2022JJ00
GM0313,2.5,2023JJ00
GM0214,6.3,2013JJ00
GM0214,6.3,2014JJ00
GM0214,5.4,2015JJ00
GM0214,5.0,2016JJ00
GM0214,4.0,2017JJ00
GM0214,3.4,2018JJ00
GM0214,3.3,2019JJ00
GM0214,3.3,2020JJ00
GM0214,2.4,2021JJ00
GM0214,2.7,2022JJ00
GM0214,2.6,2023JJ00
GM0502,8.7,2013JJ00
GM0502,8.9,2014JJ00
GM0502,8.4,2015JJ00
GM0502,7.2,2016JJ00
GM0502,6.1,2017JJ00
GM0502,5.1,2018JJ00
GM0502,5.2,2019JJ00
GM0502,5.0,2020JJ00
GM0502,4.7,2021JJ00
GM0502,3.5,2022JJ00
GM0502,3.9,2023JJ00
GM0383,6.0,2013JJ00
GM0383,6.5,2014JJ00
GM0383,5.6,2015JJ00
GM0383,4.5,2016JJ00
GM0383,4.0,2017JJ00
GM0383,3.7,2018JJ00
GM0383,3.5,2019JJ00
GM0383,3.8,2020JJ00
GM0383,2.8,2021JJ00
GM0383,2.6,2022JJ00
GM0383,2.7,2023JJ00
GM0109,7.2,2013JJ00
GM0109,7.8,2014JJ00
GM0109,7.4,2015JJ00
GM0109,6.0,2016JJ00
GM0109,5.2,2017JJ00
GM0109,4.5,2018JJ00
GM0109,3.7,2019JJ00
GM0109,4.2,2020JJ00
GM0109,3.8,2021JJ00
GM0109,2.8,2022JJ00
GM0109,2.8,2023JJ00
GM1706,6.7,2013JJ00
GM1706,6.8,2014JJ00
GM1706,6.4,2015JJ00
GM1706,5.4,2016JJ00
GM1706,4.4,2017JJ00
GM1706,3.8,2018JJ00
GM1706,3.7,2019JJ00
GM1706,4.2,2020JJ00
GM1706,2.9,2021JJ00
GM1706,2.7,2022JJ00
GM1706,2.7,2023JJ00
GM0216,7.8,2013JJ00
GM0216,8.2,2014JJ00
GM0216,7.4,2015JJ00
GM0216,6.4,2016JJ00
GM0216,5.0,2017JJ00
GM0216,4.3,2018JJ00
GM0216,4.0,2019JJ00
GM0216,4.3,2020JJ00
GM0216,3.8,2021JJ00
GM0216,3.3,2022JJ00
GM0216,3.1,2023JJ00
GM0148,6.2,2013JJ00
GM0148,6.0,2014JJ00
GM0148,5.4,2015JJ00
GM0148,5.2,2016JJ00
GM0148,4.1,2017JJ00
GM0148,3.6,2018JJ00
GM0148,3.2,2019JJ00
GM0148,3.4,2020JJ00
GM0148,2.8,2021JJ00
GM0148,2.2,2022JJ00
GM0148,2.5,2023JJ00
GM1891,8.9,2013JJ00
GM1891,8.7,2014JJ00
GM1891,7.4,2015JJ00
GM1891,6.7,2016JJ00
GM1891,5.2,2017JJ00
GM1891,4.5,2018JJ00
GM1891,4.0,2019JJ00
GM1891,4.5,2020JJ00
GM1891,3.4,2021JJ00
GM1891,3.4,2022JJ00
GM1891,3.1,2023JJ00
GM0503,9.4,2013JJ00
GM0503,9.3,2014JJ00
GM0503,8.3,2015JJ00
GM0503,7.6,2016JJ00
GM0503,6.4,2017JJ00
GM0503,5.8,2018JJ00
GM0503,5.4,2019JJ00
GM0503,5.6,2020JJ00
GM0503,6.2,2021JJ00
GM0503,4.3,2022JJ00
GM0503,4.5,2023JJ00
GM0762,6.6,2013JJ00
GM0762,6.8,2014JJ00
GM0762,6.1,2015JJ00
GM0762,5.5,2016JJ00
GM0762,4.5,2017JJ00
GM0762,3.8,2018JJ00
GM0762,3.5,2019JJ00
GM0762,4.0,2020JJ00
GM0762,2.7,2021JJ00
GM0762,2.8,2022JJ00
GM0762,2.7,2023JJ00
GM0150,8.1,2013JJ00
GM0150,8.6,2014JJ00
GM0150,7.4,2015JJ00
GM0150,7.0,2016JJ00
GM0150,5.9,2017JJ00
GM0150,5.2,2018JJ00
GM0150,4.4,2019JJ00
GM0150,4.9,2020JJ00
GM0150,4.1,2021JJ00
GM0150,3.1,2022JJ00
GM0150,3.4,2023JJ00
GM0384,9.5,2013JJ00
GM0384,8.4,2014JJ00
GM0384,7.9,2015JJ00
GM0384,7.0,2016JJ00
GM0384,6.3,2017JJ00
GM0384,5.5,2018JJ00
GM0384,4.9,2019JJ00
GM0384,5.2,2020JJ00
GM0384,4.4,2021JJ00
GM0384,3.8,2022JJ00
GM0384,3.8,2023JJ00
GM1980,6.8,2013JJ00
GM1980,7.0,2014JJ00
GM1980,6.1,2015JJ00
GM1980,5.1,2016JJ00
GM1980,4.4,2017JJ00
GM1980,3.9,2018JJ00
GM1980,3.5,2019JJ00
GM1980,4.0,2020JJ00
GM1980,2.9,2021JJ00
GM1980,2.6,2022JJ00
GM1980,2.7,2023JJ00
GM1774,6.1,2013JJ00
GM1774,6.2,2014JJ00
GM1774,5.5,2015JJ00
GM1774,5.1,2016JJ00
GM1774,4.2,2017JJ00
GM1774,3.6,2018JJ00
GM1774,3.4,2019JJ00
GM1774,3.7,2020JJ00
GM1774,2.9,2021JJ00
GM1774,2.6,2022JJ00
GM1774,2.5,2023JJ00
GM0221,8.5,2013JJ00
GM0221,8.5,2014JJ00
GM0221,8.2,2015JJ00
GM0221,7.0,2016JJ00
GM0221,5.9,2017JJ00
GM0221,4.9,2018JJ00
GM0221,4.4,2019JJ00
GM0221,4.9,2020JJ00
GM0221,4.4,2021JJ00
GM0221,3.3,2022JJ00
GM0221,3.4,2023JJ00
GM0222,8.0,2013JJ00
GM0222,7.4,2014JJ00
GM0222,7.7,2015JJ00
GM0222,6.6,2016JJ00
GM0222,5.2,2017JJ00
GM0222,4.5,2018JJ00
GM0222,3.8,2019JJ00
GM0222,4.4,2020JJ00
GM0222,3.9,2021JJ00
GM0222,3.3,2022JJ00
GM0222,3.3,2023JJ00
GM0766,6.7,2013JJ00
GM0766,6.5,2014JJ00
GM0766,6.4,2015JJ00
GM0766,5.5,2016JJ00
GM0766,4.5,2017JJ00
GM0766,4.0,2018JJ00
GM0766,3.5,2019JJ00
GM0766,3.6,2020JJ00
GM0766,2.6,2021JJ00
GM0766,2.6,2022JJ00
GM0766,2.6,2023JJ00
GM0505,8.6,2013JJ00
GM0505,8.8,2014JJ00
GM0505,7.9,2015JJ00
GM0505,7.1,2016JJ00
GM0505,5.8,2017JJ00
GM0505,5.2,2018JJ00
GM0505,5.2,2019JJ00
GM0505,5.3,2020JJ00
GM0505,4.7,2021JJ00
GM0505,3.5,2022JJ00
GM0505,3.4,2023JJ00
GM0498,6.1,2013JJ00
GM0498,6.0,2014JJ00
GM0498,5.8,2015JJ00
GM0498,4.8,2016JJ00
GM0498,3.9,2017JJ00
GM0498,3.8,2018JJ00
GM0498,3.4,2019JJ00
GM0498,3.5,2020JJ00
GM0498,2.7,2021JJ00
GM0498,2.6,2022JJ00
GM0498,2.5,2023JJ00
GM1719,6.0,2013JJ00
GM1719,6.4,2014JJ00
GM1719,5.9,2015JJ00
GM1719,5.0,2016JJ00
GM1719,4.1,2017JJ00
GM1719,3.4,2018JJ00
GM1719,3.3,2019JJ00
GM1719,3.4,2020JJ00
GM1719,2.7,2021JJ00
GM1719,2.6,2022JJ00
GM1719,2.4,2023JJ00
GM0303,7.6,2013JJ00
GM0303,7.3,2014JJ00
GM0303,6.7,2015JJ00
GM0303,6.4,2016JJ00
GM0303,4.9,2017JJ00
GM0303,4.2,2018JJ00
GM0303,3.7,2019JJ00
GM0303,3.9,2020JJ00
GM0303,3.0,2021JJ00
GM0303,2.7,2022JJ00
GM0303,2.7,2023JJ00
GM0225,7.1,2013JJ00
GM0225,7.0,2014JJ00
GM0225,6.3,2015JJ00
GM0225,5.8,2016JJ00
GM0225,4.5,2017JJ00
GM0225,4.1,2018JJ00
GM0225,3.6,2019JJ00
GM0225,3.8,2020JJ00
GM0225,3.7,2021JJ00
GM0225,2.6,2022JJ00
GM0225,2.7,2023JJ00
GM0226,7.2,2013JJ00
GM0226,7.2,2014JJ00
GM0226,6.5,2015JJ00
GM0226,5.7,2016JJ00
GM0226,4.8,2017JJ00
GM0226,4.5,2018JJ00
GM0226,3.7,2019JJ00
GM0226,4.0,2020JJ00
GM0226,3.2,2021JJ00
GM0226,3.1,2022JJ00
GM0226,2.8,2023JJ00
GM1711,7.7,2013JJ00
GM1711,7.5,2014JJ00
GM1711,6.5,2015JJ00
GM1711,5.6,2016JJ00
GM1711,4.6,2017JJ00
GM1711,4.0,2018JJ00
GM1711,3.8,2019JJ00
GM1711,4.3,2020JJ00
GM1711,2.9,2021JJ00
GM1711,2.9,2022JJ00
GM1711,2.9,2023JJ00
GM0385,6.0,2013JJ00
GM0385,6.0,2014JJ00
GM0385,5.4,2015JJ00
GM0385,4.5,2016JJ00
GM0385,3.8,2017JJ00
GM0385,3.5,2018JJ00
GM0385,3.2,2019JJ00
GM0385,3.5,2020JJ00
GM0385,2.9,2021JJ00
GM0385,2.6,2022JJ00
GM0385,2.4,2023JJ00
GM0228,6.9,2013JJ00
GM0228,7.0,2014JJ00
GM0228,6.7,2015JJ00
GM0228,6.1,2016JJ00
GM0228,4.3,2017JJ00
GM0228,3.9,2018JJ00
GM0228,3.5,2019JJ00
GM0228,4.1,2020JJ00
GM0228,3.2,2021JJ00
GM0228,2.9,2022JJ00
GM0228,3.0,2023JJ00
GM0317,6.4,2013JJ00
GM0317,6.3,2014JJ00
GM0317,5.9,2015JJ00
GM0317,5.5,2016JJ00
GM0317,4.3,2017JJ00
GM0317,3.7,2018JJ00
GM0317,3.6,2019JJ00
GM0317,3.8,2020JJ00
GM0317,3.3,2021JJ00
GM0317,2.7,2022JJ00
GM0317,2.6,2023JJ00
GM1979,9.0,2013JJ00
GM1979,9.4,2014JJ00
GM1979,8.9,2015JJ00
GM1979,7.2,2016JJ00
GM1979,6.1,2017JJ00
GM1979,5.1,2018JJ00
GM1979,4.6,2019JJ00
GM1979,5.0,2020JJ00
GM1979,4.5,2021JJ00
GM1979,3.5,2022JJ00
GM1979,3.8,2023JJ00
GM0770,6.2,2013JJ00
GM0770,6.0,2014JJ00
GM0770,5.5,2015JJ00
GM0770,4.7,2016JJ00
GM0770,3.8,2017JJ00
GM0770,3.4,2018JJ00
GM0770,3.2,2019JJ00
GM0770,3.5,2020JJ00
GM0770,2.6,2021JJ00
GM0770,2.5,2022JJ00
GM0770,2.4,2023JJ00
GM1903,6.2,2013JJ00
GM1903,6.4,2014JJ00
GM1903,5.8,2015JJ00
GM1903,5.2,2016JJ00
GM1903,4.1,2017JJ00
GM1903,3.5,2018JJ00
GM1903,3.3,2019JJ00
GM1903,3.8,2020JJ00
GM1903,2.6,2021JJ00
GM1903,2.6,2022JJ00
GM1903,2.5,2023JJ00
GM0772,8.8,2013JJ00
GM0772,9.1,2014JJ00
GM0772,8.3,2015JJ00
GM0772,7.1,2016JJ00
GM0772,6.3,2017JJ00
GM0772,4.7,2018JJ00
GM0772,4.7,2019JJ00
GM0772,5.3,2020JJ00
GM0772,4.8,2021JJ00
GM0772,3.4,2022JJ00
GM0772,3.6,2023JJ00
GM0230,6.5,2013JJ00
GM0230,6.1,2014JJ00
GM0230,5.3,2015JJ00
GM0230,4.9,2016JJ00
GM0230,4.0,2017JJ00
GM0230,3.6,2018JJ00
GM0230,3.4,2019JJ00
GM0230,3.7,2020JJ00
GM0230,3.1,2021JJ00
GM0230,2.6,2022JJ00
GM0230,2.7,2023JJ00
GM0114,9.1,2013JJ00
GM0114,8.9,2014JJ00
GM0114,9.1,2015JJ00
GM0114,6.7,2016JJ00
GM0114,6.3,2017JJ00
GM0114,5.7,2018JJ00
GM0114,4.5,2019JJ00
GM0114,5.3,2020JJ00
GM0114,4.8,2021JJ00
GM0114,3.1,2022JJ00
GM0114,3.1,2023JJ00
GM0388,7.2,2013JJ00
GM0388,7.0,2014JJ00
GM0388,6.4,2015JJ00
GM0388,6.1,2016JJ00
GM0388,5.0,2017JJ00
GM0388,4.2,2018JJ00
GM0388,3.9,2019JJ00
GM0388,4.1,2020JJ00
GM0388,3.4,2021JJ00
GM0388,3.0,2022JJ00
GM0388,3.3,2023JJ00
GM0153,10.5,2013JJ00
GM0153,10.0,2014JJ00
GM0153,9.0,2015JJ00
GM0153,8.4,2016JJ00
GM0153,7.2,2017JJ00
GM0153,5.9,2018JJ00
GM0153,5.2,2019JJ00
GM0153,5.8,2020JJ00
GM0153,5.2,2021JJ00
GM0153,3.8,2022JJ00
GM0153,4.3,2023JJ00
GM0232,6.9,2013JJ00
GM0232,6.9,2014JJ00
GM0232,6.3,2015JJ00
GM0232,5.4,2016JJ00
GM0232,4.2,2017JJ00
GM0232,4.1,2018JJ00
GM0232,3.6,2019JJ00
GM0232,4.1,2020JJ00
GM0232,3.3,2021JJ00
GM0232,2.8,2022JJ00
GM0232,2.7,2023JJ00
GM0233,6.9,2013JJ00
GM0233,6.5,2014JJ00
GM0233,6.1,2015JJ00
GM0233,5.4,2016JJ00
GM0233,4.2,2017JJ00
GM0233,3.9,2018JJ00
GM0233,3.6,2019JJ00
GM0233,3.8,2020JJ00
GM0233,3.0,2021JJ00
GM0233,2.6,2022JJ00
GM0233,2.7,2023JJ00
GM0777,7.4,2013JJ00
GM0777,7.3,2014JJ00
GM0777,6.7,2015JJ00
GM0777,5.3,2016JJ00
GM0777,5.0,2017JJ00
GM0777,4.0,2018JJ00
GM0777,3.8,2019JJ00
GM0777,4.2,2020JJ00
GM0777,3.4,2021JJ00
GM0777,3.3,2022JJ00
GM0777,2.9,2023JJ00
GM1940,7.2,2013JJ00
GM1940,7.1,2014JJ00
GM1940,6.6,2015JJ00
GM1940,6.1,2016JJ00
GM1940,4.9,2017JJ00
GM1940,4.2,2018JJ00
GM1940,3.5,2019JJ00
GM1940,3.7,2020JJ00
GM1940,3.1,2021JJ00
GM1940,2.8,2022JJ00
GM1940,3.0,2023JJ00
GM0779,6.4,2013JJ00
GM0779,6.5,2014JJ00
GM0779,6.2,2015JJ00
GM0779,5.3,2016JJ00
GM0779,4.3,2017JJ00
GM0779,3.6,2018JJ00
GM0779,3.4,2019JJ00
GM0779,3.7,2020JJ00
GM0779,2.8,2021JJ00
GM0779,2.6,2022JJ00
GM0779,2.5,2023JJ00
GM1771,7.1,2013JJ00
GM1771,7.2,2014JJ00
GM1771,7.2,2015JJ00
GM1771,5.9,2016JJ00
GM1771,4.7,2017JJ00
GM1771,3.9,2018JJ00
GM1771,3.8,2019JJ00
GM1771,4.3,2020JJ00
GM1771,3.5,2021JJ00
GM1771,2.8,2022JJ00
GM1771,3.1,2023JJ00
GM1652,6.5,2013JJ00
GM1652,6.6,2014JJ00
GM1652,6.0,2015JJ00
GM1652,4.9,2016JJ00
GM1652,4.1,2017JJ00
GM1652,3.7,2018JJ00
GM1652,3.4,2019JJ00
GM1652,3.6,2020JJ00
GM1652,2.6,2021JJ00
GM1652,2.5,2022JJ00
GM1652,2.5,2023JJ00
GM0907,7.5,2013JJ00
GM0907,7.7,2014JJ00
GM0907,7.0,2015JJ00
GM0907,5.6,2016JJ00
GM0907,4.9,2017JJ00
GM0907,4.2,2018JJ00
GM0907,3.8,2019JJ00
GM0907,4.4,2020JJ00
GM0907,3.4,2021JJ00
GM0907,3.0,2022JJ00
GM0907,3.0,2023JJ00
GM0784,6.8,2013JJ00
GM0784,6.9,2014JJ00
GM0784,6.5,2015JJ00
GM0784,5.8,2016JJ00
GM0784,4.5,2017JJ00
GM0784,4.0,2018JJ00
GM0784,3.8,2019JJ00
GM0784,3.9,2020JJ00
GM0784,3.1,2021JJ00
GM0784,2.7,2022JJ00
GM0784,2.8,2023JJ00
GM1924,5.6,2013JJ00
GM1924,5.4,2014JJ00
GM1924,5.1,2015JJ00
GM1924,4.3,2016JJ00
GM1924,3.9,2017JJ00
GM1924,3.5,2018JJ00
GM1924,3.3,2019JJ00
GM1924,3.5,2020JJ00
GM1924,2.6,2021JJ00
GM1924,2.4,2022JJ00
GM1924,2.5,2023JJ00
GM0664,7.0,2013JJ00
GM0664,6.5,2014JJ00
GM0664,6.3,2015JJ00
GM0664,5.0,2016JJ00
GM0664,4.3,2017JJ00
GM0664,3.7,2018JJ00
GM0664,3.8,2019JJ00
GM0664,3.9,2020JJ00
GM0664,3.1,2021JJ00
GM0664,2.4,2022JJ00
GM0664,2.8,2023JJ00
GM0785,6.4,2013JJ00
GM0785,6.3,2014JJ00
GM0785,6.0,2015JJ00
GM0785,4.9,2016JJ00
GM0785,4.3,2017JJ00
GM0785,3.6,2018JJ00
GM0785,3.5,2019JJ00
GM0785,3.8,2020JJ00
GM0785,2.7,2021JJ00
GM0785,2.8,2022JJ00
GM0785,2.8,2023JJ00
GM1942,7.0,2013JJ00
GM1942,7.4,2014JJ00
GM1942,6.6,2015JJ00
GM1942,5.8,2016JJ00
GM1942,4.9,2017JJ00
GM1942,4.1,2018JJ00
GM1942,3.8,2019JJ00
GM1942,4.4,2020JJ00
GM1942,3.1,2021JJ00
GM1942,3.1,2022JJ00
GM1942,3.3,2023JJ00
GM0512,7.9,2013JJ00
GM0512,7.8,2014JJ00
GM0512,7.0,2015JJ00
GM0512,6.2,2016JJ00
GM0512,5.1,2017JJ00
GM0512,4.7,2018JJ00
GM0512,4.2,2019JJ00
GM0512,4.5,2020JJ00
GM0512,4.1,2021JJ00
GM0512,3.2,2022JJ00
GM0512,3.2,2023JJ00
GM0513,8.6,2013JJ00
GM0513,8.4,2014JJ00
GM0513,8.6,2015JJ00
GM0513,7.7,2016JJ00
GM0513,5.5,2017JJ00
GM0513,4.5,2018JJ00
GM0513,4.7,2019JJ00
GM0513,4.6,2020JJ00
GM0513,4.3,2021JJ00
GM0513,3.3,2022JJ00
GM0513,3.4,2023JJ00
GM0518,10.8,2013JJ00
GM0518,11.4,2014JJ00
GM0518,10.8,2015JJ00
GM0518,9.1,2016JJ00
GM0518,7.8,2017JJ00
GM0518,6.2,2018JJ00
GM0518,6.1,2019JJ00
GM0518,5.9,2020JJ00
GM0518,5.9,2021JJ00
GM0518,4.3,2022JJ00
GM0518,4.3,2023JJ00
GM0014,10.5,2013JJ00
GM0014,11.3,2014JJ00
GM0014,12.6,2015JJ00
GM0014,10.4,2016JJ00
GM0014,8.8,2017JJ00
GM0014,7.8,2018JJ00
GM0014,7.2,2019JJ00
GM0014,6.5,2020JJ00
GM0014,6.8,2021JJ00
GM0014,4.8,2022JJ00
GM0014,5.0,2023JJ00
GM1729,6.6,2013JJ00
GM1729,6.9,2014JJ00
GM1729,6.6,2015JJ00
GM1729,5.7,2016JJ00
GM1729,4.3,2017JJ00
GM1729,3.9,2018JJ00
GM1729,3.7,2019JJ00
GM1729,3.8,2020JJ00
GM1729,3.0,2021JJ00
GM1729,2.7,2022JJ00
GM1729,2.8,2023JJ00
GM0158,7.0,2013JJ00
GM0158,7.2,2014JJ00
GM0158,6.0,2015JJ00
GM0158,6.0,2016JJ00
GM0158,4.9,2017JJ00
GM0158,4.0,2018JJ00
GM0158,3.6,2019JJ00
GM0158,3.9,2020JJ00
GM0158,3.4,2021JJ00
GM0158,2.7,2022JJ00
GM0158,2.8,2023JJ00
GM0392,8.1,2013JJ00
GM0392,7.4,2014JJ00
GM0392,6.9,2015JJ00
GM0392,6.3,2016JJ00
GM0392,5.7,2017JJ00
GM0392,4.8,2018JJ00
GM0392,4.7,2019JJ00
GM0392,4.9,2020JJ00
GM0392,3.7,2021JJ00
GM0392,3.4,2022JJ00
GM0392,3.6,2023JJ00
GM0394,7.2,2013JJ00
GM0394,6.7,2014JJ00
GM0394,6.2,2015JJ00
GM0394,5.2,2016JJ00
GM0394,4.5,2017JJ00
GM0394,4.0,2018JJ00
GM0394,3.7,2019JJ00
GM0394,4.3,2020JJ00
GM0394,4.3,2021JJ00
GM0394,3.1,2022JJ00
GM0394,3.1,2023JJ00
GM1655,7.0,2013JJ00
GM1655,7.1,2014JJ00
GM1655,6.6,2015JJ00
GM1655,5.8,2016JJ00
GM1655,4.6,2017JJ00
GM1655,3.7,2018JJ00
GM1655,3.7,2019JJ00
GM1655,3.9,2020JJ00
GM1655,3.0,2021JJ00
GM1655,2.7,2022JJ00
GM1655,2.9,2023JJ00
GM0160,7.6,2013JJ00
GM0160,6.8,2014JJ00
GM0160,6.8,2015JJ00
GM0160,6.2,2016JJ00
GM0160,4.8,2017JJ00
GM0160,3.9,2018JJ00
GM0160,3.6,2019JJ00
GM0160,4.1,2020JJ00
GM0160,2.9,2021JJ00
GM0160,2.8,2022JJ00
GM0160,2.8,2023JJ00
GM0243,7.4,2013JJ00
GM0243,7.0,2014JJ00
GM0243,6.5,2015JJ00
GM0243,6.0,2016JJ00
GM0243,5.0,2017JJ00
GM0243,4.1,2018JJ00
GM0243,3.9,2019JJ00
GM0243,4.1,2020JJ00
GM0243,3.4,2021JJ00
GM0243,2.9,2022JJ00
GM0243,3.0,2023JJ00
GM0523,5.8,2013JJ00
GM0523,5.7,2014JJ00
GM0523,5.1,2015JJ00
GM0523,4.5,2016JJ00
GM0523,3.9,2017JJ00
GM0523,3.7,2018JJ00
GM0523,3.2,2019JJ00
GM0523,3.5,2020JJ00
GM0523,2.6,2021JJ00
GM0523,2.5,2022JJ00
GM0523,2.5,2023JJ00
GM0072,8.8,2013JJ00
GM0072,8.8,2014JJ00
GM0072,8.5,2015JJ00
GM0072,7.3,2016JJ00
GM0072,6.2,2017JJ00
GM0072,5.1,2018JJ00
GM0072,4.5,2019JJ00
GM0072,4.8,2020JJ00
GM0072,3.9,2021JJ00
GM0072,3.4,2022JJ00
GM0072,3.4,2023JJ00
GM0244,6.7,2013JJ00
GM0244,6.4,2014JJ00
GM0244,5.7,2015JJ00
GM0244,4.9,2016JJ00
GM0244,4.1,2017JJ00
GM0244,3.8,2018JJ00
GM0244,3.4,2019JJ00
GM0244,3.8,2020JJ00
GM0244,2.8,2021JJ00
GM0244,2.8,2022JJ00
GM0244,2.7,2023JJ00
GM0396,6.7,2013JJ00
GM0396,7.2,2014JJ00
GM0396,6.5,2015JJ00
GM0396,5.9,2016JJ00
GM0396,4.7,2017JJ00
GM0396,4.0,2018JJ00
GM0396,3.9,2019JJ00
GM0396,4.1,2020JJ00
GM0396,3.5,2021JJ00
GM0396,2.9,2022JJ00
GM0396,3.1,2023JJ00
GM0397,6.7,2013JJ00
GM0397,6.7,2014JJ00
GM0397,6.0,2015JJ00
GM0397,5.4,2016JJ00
GM0397,4.7,2017JJ00
GM0397,3.9,2018JJ00
GM0397,3.6,2019JJ00
GM0397,4.0,2020JJ00
GM0397,3.4,2021JJ00
GM0397,2.9,2022JJ00
GM0397,3.0,2023JJ00
GM0246,6.3,2013JJ00
GM0246,6.3,2014JJ00
GM0246,5.7,2015JJ00
GM0246,5.0,2016JJ00
GM0246,4.0,2017JJ00
GM0246,3.4,2018JJ00
GM0246,3.2,2019JJ00
GM0246,3.5,2020JJ00
GM0246,2.7,2021JJ00
GM0246,2.6,2022JJ00
GM0246,2.4,2023JJ00
GM0074,8.4,2013JJ00
GM0074,8.9,2014JJ00
GM0074,7.7,2015JJ00
GM0074,6.6,2016JJ00
GM0074,5.9,2017JJ00
GM0074,4.8,2018JJ00
GM0074,4.3,2019JJ00
GM0074,4.4,2020JJ00
GM0074,3.9,2021JJ00
GM0074,3.1,2022JJ00
GM0074,3.5,2023JJ00
GM0917,10.0,2013JJ00
GM0917,10.5,2014JJ00
GM0917,9.2,2015JJ00
GM0917,7.7,2016JJ00
GM0917,6.7,2017JJ00
GM0917,5.3,2018JJ00
GM0917,5.5,2019JJ00
GM0917,5.7,2020JJ00
GM0917,4.9,2021JJ00
GM0917,4.2,2022JJ00
GM0917,4.1,2023JJ00
GM1658,6.0,2013JJ00
GM1658,6.1,2014JJ00
GM1658,5.5,2015JJ00
GM1658,4.9,2016JJ00
GM1658,3.9,2017JJ00
GM1658,3.4,2018JJ00
GM1658,3.4,2019JJ00
GM1658,3.6,2020JJ00
GM1658,2.7,2021JJ00
GM1658,2.5,2022JJ00
GM1658,2.6,2023JJ00
GM0399,6.5,2013JJ00
GM0399,6.2,2014JJ00
GM0399,5.7,2015JJ00
GM0399,5.0,2016JJ00
GM0399,4.5,2017JJ00
GM0399,4.0,2018JJ00
GM0399,3.9,2019JJ00
GM0399,4.1,2020JJ00
GM0399,3.3,2021JJ00
GM0399,2.7,2022JJ00
GM0399,2.8,2023JJ00
GM0400,7.9,2013JJ00
GM0400,7.9,2014JJ00
GM0400,7.2,2015JJ00
GM0400,6.4,2016JJ00
GM0400,5.6,2017JJ00
GM0400,4.7,2018JJ00
GM0400,4.3,2019JJ00
GM0400,4.6,2020JJ00
GM0400,3.5,2021JJ00
GM0400,3.3,2022JJ00
GM0400,3.4,2023JJ00
GM0163,7.0,2013JJ00
GM0163,7.4,2014JJ00
GM0163,6.6,2015JJ00
GM0163,5.8,2016JJ00
GM0163,4.1,2017JJ00
GM0163,3.5,2018JJ00
GM0163,3.3,2019JJ00
GM0163,3.7,2020JJ00
GM0163,2.8,2021JJ00
GM0163,2.4,2022JJ00
GM0163,2.5,2023JJ00
GM0794,8.4,2013JJ00
GM0794,9.0,2014JJ00
GM0794,8.1,2015JJ00
GM0794,7.0,2016JJ00
GM0794,5.7,2017JJ00
GM0794,4.8,2018JJ00
GM0794,4.8,2019JJ00
GM0794,5.4,2020JJ00
GM0794,3.9,2021JJ00
GM0794,3.3,2022JJ00
GM0794,3.8,2023JJ00
GM0531,5.9,2013JJ00
GM0531,5.6,2014JJ00
GM0531,5.2,2015JJ00
GM0531,4.5,2016JJ00
GM0531,3.9,2017JJ00
GM0531,3.8,2018JJ00
GM0531,3.3,2019JJ00
GM0531,3.7,2020JJ00
GM0531,3.0,2021JJ00
GM0531,2.7,2022JJ00
GM0531,2.7,2023JJ00
GM0164,8.2,2013JJ00
GM0164,8.4,2014JJ00
GM0164,8.7,2015JJ00
GM0164,7.2,2016JJ00
GM0164,5.4,2017JJ00
GM0164,4.8,2018JJ00
GM0164,4.3,2019JJ00
GM0164,5.3,2020JJ00
GM0164,3.8,2021JJ00
GM0164,3.5,2022JJ00
GM0164,3.5,2023JJ00
GM0796,7.6,2013JJ00
GM0796,8.1,2014JJ00
GM0796,7.5,2015JJ00
GM0796,6.3,2016JJ00
GM0796,5.5,2017JJ00
GM0796,4.0,2018JJ00
GM0796,4.1,2019JJ00
GM0796,4.4,2020JJ00
GM0796,3.3,2021JJ00
GM0796,3.4,2022JJ00
GM0796,3.0,2023JJ00
GM0252,7.0,2013JJ00
GM0252,6.7,2014JJ00
GM0252,6.1,2015JJ00
GM0252,5.4,2016JJ00
GM0252,4.6,2017JJ00
GM0252,4.0,2018JJ00
GM0252,3.6,2019JJ00
GM0252,3.9,2020JJ00
GM0252,3.3,2021JJ00
GM0252,2.8,2022JJ00
GM0252,2.9,2023JJ00
GM0797,6.6,2013JJ00
GM0797,6.7,2014JJ00
GM0797,6.7,2015JJ00
GM0797,5.4,2016JJ00
GM0797,4.7,2017JJ00
GM0797,3.8,2018JJ00
GM0797,3.6,2019JJ00
GM0797,4.0,2020JJ00
GM0797,3.1,2021JJ00
GM0797,2.6,2022JJ00
GM0797,2.5,2023JJ00
GM0534,6.6,2013JJ00
GM0534,6.8,2014JJ00
GM0534,6.4,2015JJ00
GM0534,5.2,2016JJ00
GM0534,4.5,2017JJ00
GM0534,3.7,2018JJ00
GM0534,3.6,2019JJ00
GM0534,4.0,2020JJ00
GM0534,3.2,2021JJ00
GM0534,2.7,2022JJ00
GM0534,2.7,2023JJ00
GM0798,5.8,2013JJ00
GM0798,5.7,2014JJ00
GM0798,5.2,2015JJ00
GM0798,4.9,2016JJ00
GM0798,3.9,2017JJ00
GM0798,3.3,2018JJ00
GM0798,3.2,2019JJ00
GM0798,3.4,2020JJ00
GM0798,2.2,2021JJ00
GM0798,2.4,2022JJ00
GM0798,2.4,2023JJ00
GM0402,7.7,2013JJ00
GM0402,8.1,2014JJ00
GM0402,7.1,2015JJ00
GM0402,6.3,2016JJ00
GM0402,5.4,2017JJ00
GM0402,4.9,2018JJ00
GM0402,4.4,2019JJ00
GM0402,4.4,2020JJ00
GM0402,4.0,2021JJ00
GM0402,3.1,2022JJ00
GM0402,3.2,2023JJ00
GM1963,5.8,2013JJ00
GM1963,5.8,2014JJ00
GM1963,5.5,2015JJ00
GM1963,4.8,2016JJ00
GM1963,3.8,2017JJ00
GM1963,3.6,2018JJ00
GM1963,3.7,2019JJ00
GM1963,3.6,2020JJ00
GM1963,3.1,2021JJ00
GM1963,2.5,2022JJ00
GM1963,2.5,2023JJ00
GM1735,6.6,2013JJ00
GM1735,6.7,2014JJ00
GM1735,5.8,2015JJ00
GM1735,4.9,2016JJ00
GM1735,4.4,2017JJ00
GM1735,3.9,2018JJ00
GM1735,3.7,2019JJ00
GM1735,3.9,2020JJ00
GM1735,2.5,2021JJ00
GM1735,2.7,2022JJ00
GM1735,2.6,2023JJ00
GM1966,7.7,2013JJ00
GM1966,7.5,2014JJ00
GM1966,7.3,2015JJ00
GM1966,6.1,2016JJ00
GM1966,5.1,2017JJ00
GM1966,4.5,2018JJ00
GM1966,4.6,2019JJ00
GM1966,4.2,2020JJ00
GM1966,3.6,2021JJ00
GM1966,3.1,2022JJ00
GM1966,3.0,2023JJ00
GM1911,5.8,2013JJ00
GM1911,5.8,2014JJ00
GM1911,5.5,2015JJ00
GM1911,5.1,2016JJ00
GM1911,4.1,2017JJ00
GM1911,3.6,2018JJ00
GM1911,3.3,2019JJ00
GM1911,3.7,2020JJ00
GM1911,2.6,2021JJ00
GM1911,2.6,2022JJ00
GM1911,2.7,2023JJ00
GM0118,9.4,2013JJ00
GM0118,8.9,2014JJ00
GM0118,8.0,2015JJ00
GM0118,6.4,2016JJ00
GM0118,5.1,2017JJ00
GM0118,4.3,2018JJ00
GM0118,3.8,2019JJ00
GM0118,4.5,2020JJ00
GM0118,3.6,2021JJ00
GM0118,3.0,2022JJ00
GM0118,3.0,2023JJ00
GM0405,8.1,2013JJ00
GM0405,8.0,2014JJ00
GM0405,6.9,2015JJ00
GM0405,6.5,2016JJ00
GM0405,5.8,2017JJ00
GM0405,4.9,2018JJ00
GM0405,4.4,2019JJ00
GM0405,4.5,2020JJ00
GM0405,3.9,2021JJ00
GM0405,3.1,2022JJ00
GM0405,3.2,2023JJ00
GM1507,6.2,2013JJ00
GM1507,6.7,2014JJ00
GM1507,5.8,2015JJ00
GM1507,4.6,2016JJ00
GM1507,3.9,2017JJ00
GM1507,3.4,2018JJ00
GM1507,3.2,2019JJ00
GM1507,3.8,2020JJ00
GM1507,2.6,2021JJ00
GM1507,2.7,2022JJ00
GM1507,2.5,2023JJ00
GM0321,6.2,2013JJ00
GM0321,6.0,2014JJ00
GM0321,5.7,2015JJ00
GM0321,5.1,2016JJ00
GM0321,4.2,2017JJ00
GM0321,3.9,2018JJ00
GM0321,3.7,2019JJ00
GM0321,3.6,2020JJ00
GM0321,2.9,2021JJ00
GM0321,2.5,2022JJ00
GM0321,2.7,2023JJ00
GM0406,7.7,2013JJ00
GM0406,7.5,2014JJ00
GM0406,7.0,2015JJ00
GM0406,6.0,2016JJ00
GM0406,5.1,2017JJ00
GM0406,4.3,2018JJ00
GM0406,4.1,2019JJ00
GM0406,4.4,2020JJ00
GM0406,4.0,2021JJ00
GM0406,2.9,2022JJ00
GM0406,3.2,2023JJ00
GM0677,6.2,2013JJ00
GM0677,5.8,2014JJ00
GM0677,6.0,2015JJ00
GM0677,4.7,2016JJ00
GM0677,4.1,2017JJ00
GM0677,3.5,2018JJ00
GM0677,3.6,2019JJ00
GM0677,3.9,2020JJ00
GM0677,2.7,2021JJ00
GM0677,2.4,2022JJ00
GM0677,2.4,2023JJ00
GM0353,7.1,2013JJ00
GM0353,6.6,2014JJ00
GM0353,6.1,2015JJ00
GM0353,5.5,2016JJ00
GM0353,4.6,2017JJ00
GM0353,4.0,2018JJ00
GM0353,3.8,2019JJ00
GM0353,4.2,2020JJ00
GM0353,3.2,2021JJ00
GM0353,2.7,2022JJ00
GM0353,3.2,2023JJ00
GM1884,5.9,2013JJ00
GM1884,5.7,2014JJ00
GM1884,5.2,2015JJ00
GM1884,4.7,2016JJ00
GM1884,4.0,2017JJ00
GM1884,3.8,2018JJ00
GM1884,3.4,2019JJ00
GM1884,3.6,2020JJ00
GM1884,3.3,2021JJ00
GM1884,2.6,2022JJ00
GM1884,2.6,2023JJ00
GM0166,7.0,2013JJ00
GM0166,7.2,2014JJ00
GM0166,6.3,2015JJ00
GM0166,5.5,2016JJ00
GM0166,4.7,2017JJ00
GM0166,4.1,2018JJ00
GM0166,3.6,2019JJ00
GM0166,3.9,2020JJ00
GM0166,3.0,2021JJ00
GM0166,2.7,2022JJ00
GM0166,2.9,2023JJ00
GM0678,5.5,2013JJ00
GM0678,5.3,2014JJ00
GM0678,5.0,2015JJ00
GM0678,4.3,2016JJ00
GM0678,3.5,2017JJ00
GM0678,3.2,2018JJ00
GM0678,3.3,2019JJ00
GM0678,3.4,2020JJ00
GM0678,2.4,2021JJ00
GM0678,2.2,2022JJ00
GM0678,2.2,2023JJ00
GM0537,6.2,2013JJ00
GM0537,5.6,2014JJ00
GM0537,5.2,2015JJ00
GM0537,4.7,2016JJ00
GM0537,4.1,2017JJ00
GM0537,3.6,2018JJ00
GM0537,3.6,2019JJ00
GM0537,3.6,2020JJ00
GM0537,3.2,2021JJ00
GM0537,2.7,2022JJ00
GM0537,2.7,2023JJ00
GM0928,10.2,2013JJ00
GM0928,9.9,2014JJ00
GM0928,8.7,2015JJ00
GM0928,7.6,2016JJ00
GM0928,6.1,2017JJ00
GM0928,5.2,2018JJ00
GM0928,4.8,2019JJ00
GM0928,5.5,2020JJ00
GM0928,4.0,2021JJ00
GM0928,3.9,2022JJ00
GM0928,3.5,2023JJ00
GM1598,6.2,2013JJ00
GM1598,6.0,2014JJ00
GM1598,5.1,2015JJ00
GM1598,4.5,2016JJ00
GM1598,4.0,2017JJ00
GM1598,3.7,2018JJ00
GM1598,3.3,2019JJ00
GM1598,3.5,2020JJ00
GM1598,2.5,2021JJ00
GM1598,2.4,2022JJ00
GM1598,2.6,2023JJ00
GM0542,7.0,2013JJ00
GM0542,6.9,2014JJ00
GM0542,6.0,2015JJ00
GM0542,5.4,2016JJ00
GM0542,4.6,2017JJ00
GM0542,4.1,2018JJ00
GM0542,3.8,2019JJ00
GM0542,4.2,2020JJ00
GM0542,3.2,2021JJ00
GM0542,2.9,2022JJ00
GM0542,3.0,2023JJ00
GM1931,6.3,2013JJ00
GM1931,6.2,2014JJ00
GM1931,5.2,2015JJ00
GM1931,5.0,2016JJ00
GM1931,4.2,2017JJ00
GM1931,3.7,2018JJ00
GM1931,3.5,2019JJ00
GM1931,3.9,2020JJ00
GM1931,2.7,2021JJ00
GM1931,2.7,2022JJ00
GM1931,2.6,2023JJ00
GM1659,6.4,2013JJ00
GM1659,6.4,2014JJ00
GM1659,6.1,2015JJ00
GM1659,5.2,2016JJ00
GM1659,4.1,2017JJ00
GM1659,3.7,2018JJ00
GM1659,3.6,2019JJ00
GM1659,3.8,2020JJ00
GM1659,3.0,2021JJ00
GM1659,2.6,2022JJ00
GM1659,2.6,2023JJ00
GM1982,6.7,2013JJ00
GM1982,6.9,2014JJ00
GM1982,6.4,2015JJ00
GM1982,5.8,2016JJ00
GM1982,4.7,2017JJ00
GM1982,3.8,2018JJ00
GM1982,3.6,2019JJ00
GM1982,3.9,2020JJ00
GM1982,3.0,2021JJ00
GM1982,2.5,2022JJ00
GM1982,2.5,2023JJ00
GM0882,8.4,2013JJ00
GM0882,8.0,2014JJ00
GM0882,7.7,2015JJ00
GM0882,6.1,2016JJ00
GM0882,5.1,2017JJ00
GM0882,4.6,2018JJ00
GM0882,4.3,2019JJ00
GM0882,4.7,2020JJ00
GM0882,4.0,2021JJ00
GM0882,3.2,2022JJ00
GM0882,3.5,2023JJ00
GM0415,6.3,2013JJ00
GM0415,6.0,2014JJ00
GM0415,5.9,2015JJ00
GM0415,5.1,2016JJ00
GM0415,4.2,2017JJ00
GM0415,3.7,2018JJ00
GM0415,3.5,2019JJ00
GM0415,4.0,2020JJ00
GM0415,3.1,2021JJ00
GM0415,2.7,2022JJ00
GM0415,2.8,2023JJ00
GM1621,6.1,2013JJ00
GM1621,5.8,2014JJ00
GM1621,5.5,2015JJ00
GM1621,4.8,2016JJ00
GM1621,4.0,2017JJ00
GM1621,3.5,2018JJ00
GM1621,3.4,2019JJ00
GM1621,3.6,2020JJ00
GM1621,3.2,2021JJ00
GM1621,2.6,2022JJ00
GM1621,2.6,2023JJ00
GM0417,6.7,2013JJ00
GM0417,6.4,2014JJ00
GM0417,6.1,2015JJ00
GM0417,5.6,2016JJ00
GM0417,4.4,2017JJ00
GM0417,4.0,2018JJ00
GM0417,3.6,2019JJ00
GM0417,3.8,2020JJ00
GM0417,3.2,2021JJ00
GM0417,2.7,2022JJ00
GM0417,2.7,2023JJ00
GM0080,11.4,2013JJ00
GM0080,10.4,2014JJ00
GM0080,11.5,2015JJ00
GM0080,9.4,2016JJ00
GM0080,7.7,2017JJ00
GM0080,6.8,2018JJ00
GM0080,5.4,2019JJ00
GM0080,5.4,2020JJ00
GM0080,5.8,2021JJ00
GM0080,4.5,2022JJ00
GM0080,4.6,2023JJ00
GM0546,8.9,2013JJ00
GM0546,8.4,2014JJ00
GM0546,7.5,2015JJ00
GM0546,7.4,2016JJ00
GM0546,6.2,2017JJ00
GM0546,5.2,2018JJ00
GM0546,5.0,2019JJ00
GM0546,5.3,2020JJ00
GM0546,4.2,2021JJ00
GM0546,4.0,2022JJ00
GM0546,3.7,2023JJ00
GM0547,6.9,2013JJ00
GM0547,6.9,2014JJ00
GM0547,6.5,2015JJ00
GM0547,5.5,2016JJ00
GM0547,4.6,2017JJ00
GM0547,4.3,2018JJ00
GM0547,3.9,2019JJ00
GM0547,4.1,2020JJ00
GM0547,3.8,2021JJ00
GM0547,3.1,2022JJ00
GM0547,3.0,2023JJ00
GM1916,8.3,2013JJ00
GM1916,7.9,2014JJ00
GM1916,7.2,2015JJ00
GM1916,6.3,2016JJ00
GM1916,5.4,2017JJ00
GM1916,4.5,2018JJ00
GM1916,4.4,2019JJ00
GM1916,4.8,2020JJ00
GM1916,3.6,2021JJ00
GM1916,3.1,2022JJ00
GM1916,3.1,2023JJ00
GM0995,10.4,2013JJ00
GM0995,10.6,2014JJ00
GM0995,8.3,2015JJ00
GM0995,8.0,2016JJ00
GM0995,6.9,2017JJ00
GM0995,4.8,2018JJ00
GM0995,4.7,2019JJ00
GM0995,5.0,2020JJ00
GM0995,4.0,2021JJ00
GM0995,3.4,2022JJ00
GM0995,3.6,2023JJ00
GM1640,6.0,2013JJ00
GM1640,6.2,2014JJ00
GM1640,5.7,2015JJ00
GM1640,5.0,2016JJ00
GM1640,4.2,2017JJ00
GM1640,3.8,2018JJ00
GM1640,3.5,2019JJ00
GM1640,3.9,2020JJ00
GM1640,2.6,2021JJ00
GM1640,2.8,2022JJ00
GM1640,2.7,2023JJ00
GM0327,6.4,2013JJ00
GM0327,6.4,2014JJ00
GM0327,6.1,2015JJ00
GM0327,5.2,2016JJ00
GM0327,4.2,2017JJ00
GM0327,3.8,2018JJ00
GM0327,3.4,2019JJ00
GM0327,3.7,2020JJ00
GM0327,2.9,2021JJ00
GM0327,2.7,2022JJ00
GM0327,2.7,2023JJ00
GM1705,7.8,2013JJ00
GM1705,6.5,2014JJ00
GM1705,5.8,2015JJ00
GM1705,5.5,2016JJ00
GM1705,4.6,2017JJ00
GM1705,4.1,2018JJ00
GM1705,3.5,2019JJ00
GM1705,3.8,2020JJ00
GM1705,2.9,2021JJ00
GM1705,2.4,2022JJ00
GM1705,2.5,2023JJ00
GM0553,6.4,2013JJ00
GM0553,6.4,2014JJ00
GM0553,5.9,2015JJ00
GM0553,5.6,2016JJ00
GM0553,4.2,2017JJ00
GM0553,3.7,2018JJ00
GM0553,3.6,2019JJ00
GM0553,3.7,2020JJ00
GM0553,2.9,2021JJ00
GM0553,2.6,2022JJ00
GM0553,2.7,2023JJ00
GM0262,6.9,2013JJ00
GM0262,7.2,2014JJ00
GM0262,6.2,2015JJ00
GM0262,5.6,2016JJ00
GM0262,4.5,2017JJ00
GM0262,3.8,2018JJ00
GM0262,3.4,2019JJ00
GM0262,3.8,2020JJ00
GM0262,3.0,2021JJ00
GM0262,2.6,2022JJ00
GM0262,2.7,2023JJ00
GM0809,7.0,2013JJ00
GM0809,6.7,2014JJ00
GM0809,6.6,2015JJ00
GM0809,5.1,2016JJ00
GM0809,4.4,2017JJ00
GM0809,3.7,2018JJ00
GM0809,3.5,2019JJ00
GM0809,3.9,2020JJ00
GM0809,3.1,2021JJ00
GM0809,2.6,2022JJ00
GM0809,2.5,2023JJ00
GM0331,5.8,2013JJ00
GM0331,5.7,2014JJ00
GM0331,5.4,2015JJ00
GM0331,4.6,2016JJ00
GM0331,3.8,2017JJ00
GM0331,3.4,2018JJ00
GM0331,3.2,2019JJ00
GM0331,3.6,2020JJ00
GM0331,2.6,2021JJ00
GM0331,2.4,2022JJ00
GM0331,2.5,2023JJ00
GM0168,7.4,2013JJ00
GM0168,7.7,2014JJ00
GM0168,7.2,2015JJ00
GM0168,6.2,2016JJ00
GM0168,4.8,2017JJ00
GM0168,4.1,2018JJ00
GM0168,3.7,2019JJ00
GM0168,4.0,2020JJ00
GM0168,3.3,2021JJ00
GM0168,2.8,2022JJ00
GM0168,2.7,2023JJ00
GM0263,6.9,2013JJ00
GM0263,6.5,2014JJ00
GM0263,5.6,2015JJ00
GM0263,5.0,2016JJ00
GM0263,4.1,2017JJ00
GM0263,3.6,2018JJ00
GM0263,3.4,2019JJ00
GM0263,3.6,2020JJ00
GM0263,2.7,2021JJ00
GM0263,2.4,2022JJ00
GM0263,2.7,2023JJ00
GM1641,6.4,2013JJ00
GM1641,6.5,2014JJ00
GM1641,5.7,2015JJ00
GM1641,5.3,2016JJ00
GM1641,4.2,2017JJ00
GM1641,3.8,2018JJ00
GM1641,3.7,2019JJ00
GM1641,4.1,2020JJ00
GM1641,3.0,2021JJ00
GM1641,2.9,2022JJ00
GM1641,2.6,2023JJ00
GM1991,6.9,2013JJ00
GM1991,6.6,2014JJ00
GM1991,6.0,2015JJ00
GM1991,5.2,2016JJ00
GM1991,4.5,2017JJ00
GM1991,3.7,2018JJ00
GM1991,3.7,2019JJ00
GM1991,4.2,2020JJ00
GM1991,3.0,2021JJ00
GM1991,2.6,2022JJ00
GM1991,2.6,2023JJ00
GM0556,8.1,2013JJ00
GM0556,8.3,2014JJ00
GM0556,7.6,2015JJ00
GM0556,6.7,2016JJ00
GM0556,5.7,2017JJ00
GM0556,4.9,2018JJ00
GM0556,4.2,2019JJ00
GM0556,4.6,2020JJ00
GM0556,3.9,2021JJ00
GM0556,3.3,2022JJ00
GM0556,3.3,2023JJ00
GM0935,9.3,2013JJ00
GM0935,9.1,2014JJ00
GM0935,8.2,2015JJ00
GM0935,7.3,2016JJ00
GM0935,6.1,2017JJ00
GM0935,5.3,2018JJ00
GM0935,5.1,2019JJ00
GM0935,5.8,2020JJ00
GM0935,4.7,2021JJ00
GM0935,4.7,2022JJ00
GM0935,4.0,2023JJ00
GM0420,6.7,2013JJ00
GM0420,6.5,2014JJ00
GM0420,5.4,2015JJ00
GM0420,4.9,2016JJ00
GM0420,4.6,2017JJ00
GM0420,4.0,2018JJ00
GM0420,3.5,2019JJ00
GM0420,3.7,2020JJ00
GM0420,2.8,2021JJ00
GM0420,2.9,2022JJ00
GM0420,2.8,2023JJ00
GM0938,6.9,2013JJ00
GM0938,7.0,2014JJ00
GM0938,6.5,2015JJ00
GM0938,5.5,2016JJ00
GM0938,4.7,2017JJ00
GM0938,4.2,2018JJ00
GM0938,3.5,2019JJ00
GM0938,4.0,2020JJ00
GM0938,3.0,2021JJ00
GM0938,2.7,2022JJ00
GM0938,2.7,2023JJ00
GM1948,6.5,2013JJ00
GM1948,6.6,2014JJ00
GM1948,5.9,2015JJ00
GM1948,5.1,2016JJ00
GM1948,4.3,2017JJ00
GM1948,3.4,2018JJ00
GM1948,3.4,2019JJ00
GM1948,3.8,2020JJ00
GM1948,2.7,2021JJ00
GM1948,2.6,2022JJ00
GM1948,2.6,2023JJ00
GM0119,7.8,2013JJ00
GM0119,8.1,2014JJ00
GM0119,7.2,2015JJ00
GM0119,6.0,2016JJ00
GM0119,5.1,2017JJ00
GM0119,4.4,2018JJ00
GM0119,3.7,2019JJ00
GM0119,4.5,2020JJ00
GM0119,3.7,2021JJ00
GM0119,3.2,2022JJ00
GM0119,3.0,2023JJ00
GM0687,6.7,2013JJ00
GM0687,6.5,2014JJ00
GM0687,6.2,2015JJ00
GM0687,5.0,2016JJ00
GM0687,4.4,2017JJ00
GM0687,4.1,2018JJ00
GM0687,4.0,2019JJ00
GM0687,4.2,2020JJ00
GM0687,3.8,2021JJ00
GM0687,2.5,2022JJ00
GM0687,2.8,2023JJ00
GM1842,5.5,2013JJ00
GM1842,5.3,2014JJ00
GM1842,5.1,2015JJ00
GM1842,4.4,2016JJ00
GM1842,3.7,2017JJ00
GM1842,3.4,2018JJ00
GM1842,3.3,2019JJ00
GM1842,3.6,2020JJ00
GM1842,2.5,2021JJ00
GM1842,2.4,2022JJ00
GM1842,2.5,2023JJ00
GM1731,6.8,2013JJ00
GM1731,6.8,2014JJ00
GM1731,6.6,2015JJ00
GM1731,5.2,2016JJ00
GM1731,4.5,2017JJ00
GM1731,4.1,2018JJ00
GM1731,3.6,2019JJ00
GM1731,3.9,2020JJ00
GM1731,3.0,2021JJ00
GM1731,2.5,2022JJ00
GM1731,2.7,2023JJ00
GM1952,8.8,2013JJ00
GM1952,9.3,2014JJ00
GM1952,8.2,2015JJ00
GM1952,7.6,2016JJ00
GM1952,6.3,2017JJ00
GM1952,5.4,2018JJ00
GM1952,5.6,2019JJ00
GM1952,5.4,2020JJ00
GM1952,5.2,2021JJ00
GM1952,3.2,2022JJ00
GM1952,3.7,2023JJ00
GM1709,6.1,2013JJ00
GM1709,6.4,2014JJ00
GM1709,6.0,2015JJ00
GM1709,5.4,2016JJ00
GM1709,4.5,2017JJ00
GM1709,3.8,2018JJ00
GM1709,3.4,2019JJ00
GM1709,3.9,2020JJ00
GM1709,3.1,2021JJ00
GM1709,2.9,2022JJ00
GM1709,2.6,2023JJ00
GM1978,5.4,2013JJ00
GM1978,5.3,2014JJ00
GM1978,4.9,2015JJ00
GM1978,4.4,2016JJ00
GM1978,3.7,2017JJ00
GM1978,3.5,2018JJ00
GM1978,3.3,2019JJ00
GM1978,3.5,2020JJ00
GM1978,2.9,2021JJ00
GM1978,2.5,2022JJ00
GM1978,2.3,2023JJ00
GM1955,7.7,2013JJ00
GM1955,7.8,2014JJ00
GM1955,6.8,2015JJ00
GM1955,5.7,2016JJ00
GM1955,4.5,2017JJ00
GM1955,4.0,2018JJ00
GM1955,3.7,2019JJ00
GM1955,4.1,2020JJ00
GM1955,2.9,2021JJ00
GM1955,2.7,2022JJ00
GM1955,2.8,2023JJ00
GM0335,5.7,2013JJ00
GM0335,5.6,2014JJ00
GM0335,5.1,2015JJ00
GM0335,4.8,2016JJ00
GM0335,3.8,2017JJ00
GM0335,3.4,2018JJ00
GM0335,3.2,2019JJ00
GM0335,3.5,2020JJ00
GM0335,2.8,2021JJ00
GM0335,2.5,2022JJ00
GM0335,2.5,2023JJ00
GM0944,6.8,2013JJ00
GM0944,6.8,2014JJ00
GM0944,6.2,2015JJ00
GM0944,5.6,2016JJ00
GM0944,4.5,2017JJ00
GM0944,4.1,2018JJ00
GM0944,3.7,2019JJ00
GM0944,3.6,2020JJ00
GM0944,2.8,2021JJ00
GM0944,2.7,2022JJ00
GM0944,2.7,2023JJ00
GM1740,6.1,2013JJ00
GM1740,6.2,2014JJ00
GM1740,5.3,2015JJ00
GM1740,4.9,2016JJ00
GM1740,4.0,2017JJ00
GM1740,3.5,2018JJ00
GM1740,3.4,2019JJ00
GM1740,3.6,2020JJ00
GM1740,2.7,2021JJ00
GM1740,2.6,2022JJ00
GM1740,2.6,2023JJ00
GM0946,6.6,2013JJ00
GM0946,6.6,2014JJ00
GM0946,5.8,2015JJ00
GM0946,5.1,2016JJ00
GM0946,4.2,2017JJ00
GM0946,3.5,2018JJ00
GM0946,3.3,2019JJ00
GM0946,3.6,2020JJ00
GM0946,2.7,2021JJ00
GM0946,2.5,2022JJ00
GM0946,2.5,2023JJ00
GM0356,7.9,2013JJ00
GM0356,7.2,2014JJ00
GM0356,7.0,2015JJ00
GM0356,6.1,2016JJ00
GM0356,5.2,2017JJ00
GM0356,4.4,2018JJ00
GM0356,4.1,2019JJ00
GM0356,4.6,2020JJ00
GM0356,3.7,2021JJ00
GM0356,3.1,2022JJ00
GM0356,3.3,2023JJ00
GM0569,6.0,2013JJ00
GM0569,5.8,2014JJ00
GM0569,5.3,2015JJ00
GM0569,4.7,2016JJ00
GM0569,4.0,2017JJ00
GM0569,3.3,2018JJ00
GM0569,3.3,2019JJ00
GM0569,3.4,2020JJ00
GM0569,2.6,2021JJ00
GM0569,2.5,2022JJ00
GM0569,2.5,2023JJ00
GM0267,6.3,2013JJ00
GM0267,6.3,2014JJ00
GM0267,5.2,2015JJ00
GM0267,4.8,2016JJ00
GM0267,3.9,2017JJ00
GM0267,3.5,2018JJ00
GM0267,3.4,2019JJ00
GM0267,3.7,2020JJ00
GM0267,2.7,2021JJ00
GM0267,2.5,2022JJ00
GM0267,2.5,2023JJ00
GM0268,10.8,2013JJ00
GM0268,10.2,2014JJ00
GM0268,9.2,2015JJ00
GM0268,8.2,2016JJ00
GM0268,6.3,2017JJ00
GM0268,6.1,2018JJ00
GM0268,4.9,2019JJ00
GM0268,5.4,2020JJ00
GM0268,5.2,2021JJ00
GM0268,4.4,2022JJ00
GM0268,4.2,2023JJ00
GM1930,7.1,2013JJ00
GM1930,7.2,2014JJ00
GM1930,7.6,2015JJ00
GM1930,6.5,2016JJ00
GM1930,5.3,2017JJ00
GM1930,4.4,2018JJ00
GM1930,4.9,2019JJ00
GM1930,4.8,2020JJ00
GM1930,4.4,2021JJ00
GM1930,3.2,2022JJ00
GM1930,3.3,2023JJ00
GM1970,8.1,2013JJ00
GM1970,8.0,2014JJ00
GM1970,7.3,2015JJ00
GM1970,6.3,2016JJ00
GM1970,5.2,2017JJ00
GM1970,4.4,2018JJ00
GM1970,3.8,2019JJ00
GM1970,4.0,2020JJ00
GM1970,3.1,2021JJ00
GM1970,2.9,2022JJ00
GM1970,3.3,2023JJ00
GM1695,7.0,2013JJ00
GM1695,6.8,2014JJ00
GM1695,6.1,2015JJ00
GM1695,4.9,2016JJ00
GM1695,4.5,2017JJ00
GM1695,3.9,2018JJ00
GM1695,3.5,2019JJ00
GM1695,3.7,2020JJ00
GM1695,2.9,2021JJ00
GM1695,2.4,2022JJ00
GM1695,2.5,2023JJ00
GM1699,7.1,2013JJ00
GM1699,7.2,2014JJ00
GM1699,7.0,2015JJ00
GM1699,5.5,2016JJ00
GM1699,4.7,2017JJ00
GM1699,4.3,2018JJ00
GM1699,3.8,2019JJ00
GM1699,4.2,2020JJ00
GM1699,3.3,2021JJ00
GM1699,2.7,2022JJ00
GM1699,2.6,2023JJ00
GM0171,7.5,2013JJ00
GM0171,7.7,2014JJ00
GM0171,6.6,2015JJ00
GM0171,5.8,2016JJ00
GM0171,4.7,2017JJ00
GM0171,3.9,2018JJ00
GM0171,3.7,2019JJ00
GM0171,4.0,2020JJ00
GM0171,3.2,2021JJ00
GM0171,2.8,2022JJ00
GM0171,2.9,2023JJ00
GM0575,6.2,2013JJ00
GM0575,6.3,2014JJ00
GM0575,5.8,2015JJ00
GM0575,5.2,2016JJ00
GM0575,4.3,2017JJ00
GM0575,3.9,2018JJ00
GM0575,3.7,2019JJ00
GM0575,3.9,2020JJ00
GM0575,3.2,2021JJ00
GM0575,2.9,2022JJ00
GM0575,2.7,2023JJ00
GM0820,6.9,2013JJ00
GM0820,6.7,2014JJ00
GM0820,6.5,2015JJ00
GM0820,5.1,2016JJ00
GM0820,4.3,2017JJ00
GM0820,3.7,2018JJ00
GM0820,3.6,2019JJ00
GM0820,4.0,2020JJ00
GM0820,3.0,2021JJ00
GM0820,2.7,2022JJ00
GM0820,2.6,2023JJ00
GM0302,6.5,2013JJ00
GM0302,6.2,2014JJ00
GM0302,5.5,2015JJ00
GM0302,5.0,2016JJ00
GM0302,3.8,2017JJ00
GM0302,3.5,2018JJ00
GM0302,3.2,2019JJ00
GM0302,3.5,2020JJ00
GM0302,2.5,2021JJ00
GM0302,2.5,2022JJ00
GM0302,2.5,2023JJ00
GM0579,6.5,2013JJ00
GM0579,6.2,2014JJ00
GM0579,5.8,2015JJ00
GM0579,5.1,2016JJ00
GM0579,4.4,2017JJ00
GM0579,4.0,2018JJ00
GM0579,3.6,2019JJ00
GM0579,3.9,2020JJ00
GM0579,3.0,2021JJ00
GM0579,2.8,2022JJ00
GM0579,2.9,2023JJ00
GM0823,6.1,2013JJ00
GM0823,6.4,2014JJ00
GM0823,5.7,2015JJ00
GM0823,5.2,2016JJ00
GM0823,4.2,2017JJ00
GM0823,3.5,2018JJ00
GM0823,3.4,2019JJ00
GM0823,3.6,2020JJ00
GM0823,2.5,2021JJ00
GM0823,2.4,2022JJ00
GM0823,2.4,2023JJ00
GM0824,6.5,2013JJ00
GM0824,6.6,2014JJ00
GM0824,6.2,2015JJ00
GM0824,5.1,2016JJ00
GM0824,4.2,2017JJ00
GM0824,3.6,2018JJ00
GM0824,3.4,2019JJ00
GM0824,3.7,2020JJ00
GM0824,2.8,2021JJ00
GM0824,2.5,2022JJ00
GM0824,2.5,2023JJ00
GM1895,9.1,2013JJ00
GM1895,9.8,2014JJ00
GM1895,9.1,2015JJ00
GM1895,8.2,2016JJ00
GM1895,7.4,2017JJ00
GM1895,5.9,2018JJ00
GM1895,5.4,2019JJ00
GM1895,5.4,2020JJ00
GM1895,4.3,2021JJ00
GM1895,3.3,2022JJ00
GM1895,3.7,2023JJ00
GM0269,6.7,2013JJ00
GM0269,6.5,2014JJ00
GM0269,5.9,2015JJ00
GM0269,5.6,2016JJ00
GM0269,4.0,2017JJ00
GM0269,3.5,2018JJ00
GM0269,3.5,2019JJ00
GM0269,3.5,2020JJ00
GM0269,2.8,2021JJ00
GM0269,2.6,2022JJ00
GM0269,2.5,2023JJ00
GM0173,7.3,2013JJ00
GM0173,7.5,2014JJ00
GM0173,6.4,2015JJ00
GM0173,6.1,2016JJ00
GM0173,4.8,2017JJ00
GM0173,4.2,2018JJ00
GM0173,4.1,2019JJ00
GM0173,4.5,2020JJ00
GM0173,3.7,2021JJ00
GM0173,2.8,2022JJ00
GM0173,2.8,2023JJ00
GM1773,6.4,2013JJ00
GM1773,6.4,2014JJ00
GM1773,6.1,2015JJ00
GM1773,4.9,2016JJ00
GM1773,3.9,2017JJ00
GM1773,3.7,2018JJ00
GM1773,3.4,2019JJ00
GM1773,3.6,2020JJ00
GM1773,2.8,2021JJ00
GM1773,2.5,2022JJ00
GM1773,2.7,2023JJ00
GM0175,7.2,2013JJ00
GM0175,6.8,2014JJ00
GM0175,5.9,2015JJ00
GM0175,5.6,2016JJ00
GM0175,4.4,2017JJ00
GM0175,3.8,2018JJ00
GM0175,3.5,2019JJ00
GM0175,4.0,2020JJ00
GM0175,3.1,2021JJ00
GM0175,2.6,2022JJ00
GM0175,2.7,2023JJ00
GM1586,6.8,2013JJ00
GM1586,6.9,2014JJ00
GM1586,6.1,2015JJ00
GM1586,5.2,2016JJ00
GM1586,4.2,2017JJ00
GM1586,3.6,2018JJ00
GM1586,3.2,2019JJ00
GM1586,3.6,2020JJ00
GM1586,2.4,2021JJ00
GM1586,2.7,2022JJ00
GM1586,2.6,2023JJ00
GM0826,7.7,2013JJ00
GM0826,7.7,2014JJ00
GM0826,7.4,2015JJ00
GM0826,6.3,2016JJ00
GM0826,5.1,2017JJ00
GM0826,3.9,2018JJ00
GM0826,3.8,2019JJ00
GM0826,4.2,2020JJ00
GM0826,3.4,2021JJ00
GM0826,2.9,2022JJ00
GM0826,3.0,2023JJ00
GM0085,8.1,2013JJ00
GM0085,8.1,2014JJ00
GM0085,7.2,2015JJ00
GM0085,6.8,2016JJ00
GM0085,5.2,2017JJ00
GM0085,4.5,2018JJ00
GM0085,3.9,2019JJ00
GM0085,4.3,2020JJ00
GM0085,3.4,2021JJ00
GM0085,3.0,2022JJ00
GM0085,3.0,2023JJ00
GM0431,6.0,2013JJ00
GM0431,6.1,2014JJ00
GM0431,5.5,2015JJ00
GM0431,5.1,2016JJ00
GM0431,4.1,2017JJ00
GM0431,3.7,2018JJ00
GM0431,3.3,2019JJ00
GM0431,3.6,2020JJ00
GM0431,2.8,2021JJ00
GM0431,2.7,2022JJ00
GM0431,2.7,2023JJ00
GM0432,6.5,2013JJ00
GM0432,6.0,2014JJ00
GM0432,5.4,2015JJ00
GM0432,4.8,2016JJ00
GM0432,4.2,2017JJ00
GM0432,3.5,2018JJ00
GM0432,3.3,2019JJ00
GM0432,3.5,2020JJ00
GM0432,2.5,2021JJ00
GM0432,2.5,2022JJ00
GM0432,2.5,2023JJ00
GM0086,7.8,2013JJ00
GM0086,8.1,2014JJ00
GM0086,7.5,2015JJ00
GM0086,6.5,2016JJ00
GM0086,5.1,2017JJ00
GM0086,4.3,2018JJ00
GM0086,3.6,2019JJ00
GM0086,4.0,2020JJ00
GM0086,3.4,2021JJ00
GM0086,2.8,2022JJ00
GM0086,2.9,2023JJ00
GM0828,7.8,2013JJ00
GM0828,8.4,2014JJ00
GM0828,6.8,2015JJ00
GM0828,5.9,2016JJ00
GM0828,5.1,2017JJ00
GM0828,4.2,2018JJ00
GM0828,3.9,2019JJ00
GM0828,4.2,2020JJ00
GM0828,3.9,2021JJ00
GM0828,2.9,2022JJ00
GM0828,3.0,2023JJ00
GM1509,7.4,2013JJ00
GM1509,7.4,2014JJ00
GM1509,7.2,2015JJ00
GM1509,6.5,2016JJ00
GM1509,5.0,2017JJ00
GM1509,4.2,2018JJ00
GM1509,3.7,2019JJ00
GM1509,3.9,2020JJ00
GM1509,2.9,2021JJ00
GM1509,2.8,2022JJ00
GM1509,2.8,2023JJ00
GM0437,6.8,2013JJ00
GM0437,6.7,2014JJ00
GM0437,6.0,2015JJ00
GM0437,5.7,2016JJ00
GM0437,4.9,2017JJ00
GM0437,4.4,2018JJ00
GM0437,4.1,2019JJ00
GM0437,4.4,2020JJ00
GM0437,3.5,2021JJ00
GM0437,2.9,2022JJ00
GM0437,3.2,2023JJ00
GM0589,5.8,2013JJ00
GM0589,5.5,2014JJ00
GM0589,5.5,2015JJ00
GM0589,4.6,2016JJ00
GM0589,3.7,2017JJ00
GM0589,3.4,2018JJ00
GM0589,3.3,2019JJ00
GM0589,3.4,2020JJ00
GM0589,2.5,2021JJ00
GM0589,2.4,2022JJ00
GM0589,2.5,2023JJ00
GM1734,7.0,2013JJ00
GM1734,6.7,2014JJ00
GM1734,5.8,2015JJ00
GM1734,5.4,2016JJ00
GM1734,4.5,2017JJ00
GM1734,3.9,2018JJ00
GM1734,3.4,2019JJ00
GM1734,3.6,2020JJ00
GM1734,3.0,2021JJ00
GM1734,2.6,2022JJ00
GM1734,2.5,2023JJ00
GM0590,6.3,2013JJ00
GM0590,6.3,2014JJ00
GM0590,5.9,2015JJ00
GM0590,5.0,2016JJ00
GM0590,4.2,2017JJ00
GM0590,4.1,2018JJ00
GM0590,3.7,2019JJ00
GM0590,3.9,2020JJ00
GM0590,3.6,2021JJ00
GM0590,2.8,2022JJ00
GM0590,2.9,2023JJ00
GM1894,6.4,2013JJ00
GM1894,6.5,2014JJ00
GM1894,5.8,2015JJ00
GM1894,5.0,2016JJ00
GM1894,4.1,2017JJ00
GM1894,3.5,2018JJ00
GM1894,3.2,2019JJ00
GM1894,3.8,2020JJ00
GM1894,2.8,2021JJ00
GM1894,2.8,2022JJ00
GM1894,2.6,2023JJ00
GM0765,9.3,2013JJ00
GM0765,9.4,2014JJ00
GM0765,9.6,2015JJ00
GM0765,7.9,2016JJ00
GM0765,6.1,2017JJ00
GM0765,5.3,2018JJ00
GM0765,4.9,2019JJ00
GM0765,4.9,2020JJ00
GM0765,4.1,2021JJ00
GM0765,3.4,2022JJ00
GM0765,3.4,2023JJ00
GM1926,6.0,2013JJ00
GM1926,5.7,2014JJ00
GM1926,5.7,2015JJ00
GM1926,5.1,2016JJ00
GM1926,4.2,2017JJ00
GM1926,3.5,2018JJ00
GM1926,3.3,2019JJ00
GM1926,3.7,2020JJ00
GM1926,3.1,2021JJ00
GM1926,2.5,2022JJ00
GM1926,2.8,2023JJ00
GM0439,7.8,2013JJ00
GM0439,7.6,2014JJ00
GM0439,6.7,2015JJ00
GM0439,6.3,2016JJ00
GM0439,5.4,2017JJ00
GM0439,4.6,2018JJ00
GM0439,4.0,2019JJ00
GM0439,4.7,2020JJ00
GM0439,4.2,2021JJ00
GM0439,3.3,2022JJ00
GM0439,3.2,2023JJ00
GM0273,6.1,2013JJ00
GM0273,6.1,2014JJ00
GM0273,5.5,2015JJ00
GM0273,4.7,2016JJ00
GM0273,3.6,2017JJ00
GM0273,3.4,2018JJ00
GM0273,3.1,2019JJ00
GM0273,3.5,2020JJ00
GM0273,2.4,2021JJ00
GM0273,2.4,2022JJ00
GM0273,2.4,2023JJ00
GM0177,6.4,2013JJ00
GM0177,6.2,2014JJ00
GM0177,6.1,2015JJ00
GM0177,5.3,2016JJ00
GM0177,4.0,2017JJ00
GM0177,3.5,2018JJ00
GM0177,3.3,2019JJ00
GM0177,3.5,2020JJ00
GM0177,2.5,2021JJ00
GM0177,2.2,2022JJ00
GM0177,2.5,2023JJ00
GM0703,5.9,2013JJ00
GM0703,5.7,2014JJ00
GM0703,5.4,2015JJ00
GM0703,4.4,2016JJ00
GM0703,3.8,2017JJ00
GM0703,3.3,2018JJ00
GM0703,3.3,2019JJ00
GM0703,3.6,2020JJ00
GM0703,2.6,2021JJ00
GM0703,2.3,2022JJ00
GM0703,2.5,2023JJ00
GM0274,7.7,2013JJ00
GM0274,7.2,2014JJ00
GM0274,6.7,2015JJ00
GM0274,5.7,2016JJ00
GM0274,4.9,2017JJ00
GM0274,4.2,2018JJ00
GM0274,3.7,2019JJ00
GM0274,4.2,2020JJ00
GM0274,3.1,2021JJ00
GM0274,2.7,2022JJ00
GM0274,2.9,2023JJ00
GM0339,5.7,2013JJ00
GM0339,5.3,2014JJ00
GM0339,4.9,2015JJ00
GM0339,4.4,2016JJ00
GM0339,3.6,2017JJ00
GM0339,3.0,2018JJ00
GM0339,2.9,2019JJ00
GM0339,3.1,2020JJ00
GM0339,2.3,2021JJ00
GM0339,2.2,2022JJ00
GM0339,2.3,2023JJ00
GM1667,6.2,2013JJ00
GM1667,5.9,2014JJ00
GM1667,5.2,2015JJ00
GM1667,4.5,2016JJ00
GM1667,3.8,2017JJ00
GM1667,3.2,2018JJ00
GM1667,3.2,2019JJ00
GM1667,3.6,2020JJ00
GM1667,2.5,2021JJ00
GM1667,2.5,2022JJ00
GM1667,2.5,2023JJ00
GM0275,8.2,2013JJ00
GM0275,8.1,2014JJ00
GM0275,7.4,2015JJ00
GM0275,6.7,2016JJ00
GM0275,5.3,2017JJ00
GM0275,4.7,2018JJ00
GM0275,4.4,2019JJ00
GM0275,4.8,2020JJ00
GM0275,4.2,2021JJ00
GM0275,3.4,2022JJ00
GM0275,3.2,2023JJ00
GM0340,7.0,2013JJ00
GM0340,6.7,2014JJ00
GM0340,6.0,2015JJ00
GM0340,5.3,2016JJ00
GM0340,4.4,2017JJ00
GM0340,3.8,2018JJ00
GM0340,3.6,2019JJ00
GM0340,3.8,2020JJ00
GM0340,2.9,2021JJ00
GM0340,2.8,2022JJ00
GM0340,3.1,2023JJ00
GM0597,7.6,2013JJ00
GM0597,7.2,2014JJ00
GM0597,6.5,2015JJ00
GM0597,5.8,2016JJ00
GM0597,4.8,2017JJ00
GM0597,4.1,2018JJ00
GM0597,4.2,2019JJ00
GM0597,4.3,2020JJ00
GM0597,5.0,2021JJ00
GM0597,3.1,2022JJ00
GM0597,3.2,2023JJ00
GM1742,7.0,2013JJ00
GM1742,6.8,2014JJ00
GM1742,5.9,2015JJ00
GM1742,5.3,2016JJ00
GM1742,4.0,2017JJ00
GM1742,3.6,2018JJ00
GM1742,3.2,2019JJ00
GM1742,3.5,2020JJ00
GM1742,2.6,2021JJ00
GM1742,2.4,2022JJ00
GM1742,2.5,2023JJ00
GM0603,8.7,2013JJ00
GM0603,8.5,2014JJ00
GM0603,8.5,2015JJ00
GM0603,7.5,2016JJ00
GM0603,5.9,2017JJ00
GM0603,4.8,2018JJ00
GM0603,4.6,2019JJ00
GM0603,4.9,2020JJ00
GM0603,4.7,2021JJ00
GM0603,3.5,2022JJ00
GM0603,3.4,2023JJ00
GM1669,6.7,2013JJ00
GM1669,6.7,2014JJ00
GM1669,6.4,2015JJ00
GM1669,5.5,2016JJ00
GM1669,4.6,2017JJ00
GM1669,4.0,2018JJ00
GM1669,3.6,2019JJ00
GM1669,4.2,2020JJ00
GM1669,3.3,2021JJ00
GM1669,3.1,2022JJ00
GM1669,2.9,2023JJ00
GM0957,7.8,2013JJ00
GM0957,7.9,2014JJ00
GM0957,7.4,2015JJ00
GM0957,6.8,2016JJ00
GM0957,6.0,2017JJ00
GM0957,5.0,2018JJ00
GM0957,4.6,2019JJ00
GM0957,5.1,2020JJ00
GM0957,4.2,2021JJ00
GM0957,3.6,2022JJ00
GM0957,3.6,2023JJ00
GM0736,6.3,2013JJ00
GM0736,6.2,2014JJ00
GM0736,5.8,2015JJ00
GM0736,5.0,2016JJ00
GM0736,4.2,2017JJ00
GM0736,3.7,2018JJ00
GM0736,3.5,2019JJ00
GM0736,3.6,2020JJ00
GM0736,3.0,2021JJ00
GM0736,2.7,2022JJ00
GM0736,2.7,2023JJ00
GM1674,7.7,2013JJ00
GM1674,8.1,2014JJ00
GM1674,7.5,2015JJ00
GM1674,6.3,2016JJ00
GM1674,5.9,2017JJ00
GM1674,4.6,2018JJ00
GM1674,4.6,2019JJ00
GM1674,5.0,2020JJ00
GM1674,4.3,2021JJ00
GM1674,3.4,2022JJ00
GM1674,3.3,2023JJ00
GM0599,13.0,2013JJ00
GM0599,12.5,2014JJ00
GM0599,12.2,2015JJ00
GM0599,11.7,2016JJ00
GM0599,8.8,2017JJ00
GM0599,7.2,2018JJ00
GM0599,6.9,2019JJ00
GM0599,6.1,2020JJ00
GM0599,7.3,2021JJ00
GM0599,5.2,2022JJ00
GM0599,5.3,2023JJ00
GM0277,6.4,2013JJ00
GM0277,6.3,2014JJ00
GM0277,5.5,2015JJ00
GM0277,4.8,2016JJ00
GM0277,4.0,2017JJ00
GM0277,3.3,2018JJ00
GM0277,3.4,2019JJ00
GM0277,3.1,2020JJ00
GM0277,2.3,2021JJ00
GM0277,2.0,2022JJ00
GM0277,2.2,2023JJ00
GM0840,7.1,2013JJ00
GM0840,7.7,2014JJ00
GM0840,6.6,2015JJ00
GM0840,6.0,2016JJ00
GM0840,4.9,2017JJ00
GM0840,3.7,2018JJ00
GM0840,3.5,2019JJ00
GM0840,3.8,2020JJ00
GM0840,2.7,2021JJ00
GM0840,2.7,2022JJ00
GM0840,2.5,2023JJ00
GM0441,6.5,2013JJ00
GM0441,6.3,2014JJ00
GM0441,5.7,2015JJ00
GM0441,4.7,2016JJ00
GM0441,4.2,2017JJ00
GM0441,3.8,2018JJ00
GM0441,3.4,2019JJ00
GM0441,3.7,2020JJ00
GM0441,2.7,2021JJ00
GM0441,2.6,2022JJ00
GM0441,2.7,2023JJ00
GM0279,5.9,2013JJ00
GM0279,5.8,2014JJ00
GM0279,5.3,2015JJ00
GM0279,4.5,2016JJ00
GM0279,3.8,2017JJ00
GM0279,3.4,2018JJ00
GM0279,3.2,2019JJ00
GM0279,3.4,2020JJ00
GM0279,2.5,2021JJ00
GM0279,2.4,2022JJ00
GM0279,2.6,2023JJ00
GM0606,9.3,2013JJ00
GM0606,9.8,2014JJ00
GM0606,9.6,2015JJ00
GM0606,8.1,2016JJ00
GM0606,6.7,2017JJ00
GM0606,5.6,2018JJ00
GM0606,5.1,2019JJ00
GM0606,5.4,2020JJ00
GM0606,5.0,2021JJ00
GM0606,3.9,2022JJ00
GM0606,3.7,2023JJ00
GM0088,6.4,2013JJ00
GM0088,5.3,2014JJ00
GM0088,4.9,2015JJ00
GM0088,4.8,2016JJ00
GM0088,4.3,2017JJ00
GM0088,3.9,2018JJ00
GM0088,3.5,2019JJ00
GM0088,4.3,2020JJ00
GM0088,3.2,2021JJ00
GM0088,2.7,2022JJ00
GM0088,2.9,2023JJ00
GM1676,5.6,2013JJ00
GM1676,5.4,2014JJ00
GM1676,5.1,2015JJ00
GM1676,4.2,2016JJ00
GM1676,4.0,2017JJ00
GM1676,3.3,2018JJ00
GM1676,3.3,2019JJ00
GM1676,3.4,2020JJ00
GM1676,3.2,2021JJ00
GM1676,2.3,2022JJ00
GM1676,2.2,2023JJ00
GM0965,7.4,2013JJ00
GM0965,7.3,2014JJ00
GM0965,6.9,2015JJ00
GM0965,5.5,2016JJ00
GM0965,4.5,2017JJ00
GM0965,4.2,2018JJ00
GM0965,3.7,2019JJ00
GM0965,4.3,2020JJ00
GM0965,3.3,2021JJ00
GM0965,2.8,2022JJ00
GM0965,2.8,2023JJ00
GM0845,5.8,2013JJ00
GM0845,6.0,2014JJ00
GM0845,5.8,2015JJ00
GM0845,5.0,2016JJ00
GM0845,4.3,2017JJ00
GM0845,3.8,2018JJ00
GM0845,3.5,2019JJ00
GM0845,3.6,2020JJ00
GM0845,2.7,2021JJ00
GM0845,2.5,2022JJ00
GM0845,2.4,2023JJ00
GM1883,8.9,2013JJ00
GM1883,8.7,2014JJ00
GM1883,7.3,2015JJ00
GM1883,6.1,2016JJ00
GM1883,5.9,2017JJ00
GM1883,4.7,2018JJ00
GM1883,4.4,2019JJ00
GM1883,4.9,2020JJ00
GM1883,3.8,2021JJ00
GM1883,3.6,2022JJ00
GM1883,3.3,2023JJ00
GM0610,6.2,2013JJ00
GM0610,5.5,2014JJ00
GM0610,5.5,2015JJ00
GM0610,4.9,2016JJ00
GM0610,4.4,2017JJ00
GM0610,4.1,2018JJ00
GM0610,3.9,2019JJ00
GM0610,4.1,2020JJ00
GM0610,3.4,2021JJ00
GM0610,2.8,2022JJ00
GM0610,2.9,2023JJ00
GM1714,6.1,2013JJ00
GM1714,5.5,2014JJ00
GM1714,5.3,2015JJ00
GM1714,4.4,2016JJ00
GM1714,4.3,2017JJ00
GM1714,3.6,2018JJ00
GM1714,3.6,2019JJ00
GM1714,3.7,2020JJ00
GM1714,2.7,2021JJ00
GM1714,2.5,2022JJ00
GM1714,2.8,2023JJ00
GM0090,9.2,2013JJ00
GM0090,9.3,2014JJ00
GM0090,9.0,2015JJ00
GM0090,8.5,2016JJ00
GM0090,5.7,2017JJ00
GM0090,4.6,2018JJ00
GM0090,4.4,2019JJ00
GM0090,4.8,2020JJ00
GM0090,3.8,2021JJ00
GM0090,3.3,2022JJ00
GM0090,3.8,2023JJ00
GM0342,7.4,2013JJ00
GM0342,7.4,2014JJ00
GM0342,7.1,2015JJ00
GM0342,5.8,2016JJ00
GM0342,4.8,2017JJ00
GM0342,4.4,2018JJ00
GM0342,3.9,2019JJ00
GM0342,4.1,2020JJ00
GM0342,3.2,2021JJ00
GM0342,3.0,2022JJ00
GM0342,3.1,2023JJ00
GM0847,6.3,2013JJ00
GM0847,6.6,2014JJ00
GM0847,6.3,2015JJ00
GM0847,5.2,2016JJ00
GM0847,4.1,2017JJ00
GM0847,3.6,2018JJ00
GM0847,3.3,2019JJ00
GM0847,3.7,2020JJ00
GM0847,2.8,2021JJ00
GM0847,2.7,2022JJ00
GM0847,2.7,2023JJ00
GM0848,6.5,2013JJ00
GM0848,6.2,2014JJ00
GM0848,5.9,2015JJ00
GM0848,5.0,2016JJ00
GM0848,4.0,2017JJ00
GM0848,3.9,2018JJ00
GM0848,3.7,2019JJ00
GM0848,3.9,2020JJ00
GM0848,2.9,2021JJ00
GM0848,2.9,2022JJ00
GM0848,2.6,2023JJ00
GM0037,8.4,2013JJ00
GM0037,8.7,2014JJ00
GM0037,8.6,2015JJ00
GM0037,7.5,2016JJ00
GM0037,6.1,2017JJ00
GM0037,5.7,2018JJ00
GM0037,4.8,2019JJ00
GM0037,4.8,2020JJ00
GM0037,3.8,2021JJ00
GM0037,3.3,2022JJ00
GM0037,3.4,2023JJ00
GM0180,6.4,2013JJ00
GM0180,6.1,2014JJ00
GM0180,5.7,2015JJ00
GM0180,5.1,2016JJ00
GM0180,3.9,2017JJ00
GM0180,3.4,2018JJ00
GM0180,3.1,2019JJ00
GM0180,3.3,2020JJ00
GM0180,2.6,2021JJ00
GM0180,2.3,2022JJ00
GM0180,2.5,2023JJ00
GM0532,6.9,2013JJ00
GM0532,6.7,2014JJ00
GM0532,6.0,2015JJ00
GM0532,5.4,2016JJ00
GM0532,4.4,2017JJ00
GM0532,4.0,2018JJ00
GM0532,3.8,2019JJ00
GM0532,3.9,2020JJ00
GM0532,2.9,2021JJ00
GM0532,2.8,2022JJ00
GM0532,2.8,2023JJ00
GM0851,6.5,2013JJ00
GM0851,6.6,2014JJ00
GM0851,6.8,2015JJ00
GM0851,6.1,2016JJ00
GM0851,4.7,2017JJ00
GM0851,4.1,2018JJ00
GM0851,3.8,2019JJ00
GM0851,4.0,2020JJ00
GM0851,3.0,2021JJ00
GM0851,2.8,2022JJ00
GM0851,2.5,2023JJ00
GM1708,8.2,2013JJ00
GM1708,7.3,2014JJ00
GM1708,6.6,2015JJ00
GM1708,6.5,2016JJ00
GM1708,4.9,2017JJ00
GM1708,4.1,2018JJ00
GM1708,3.9,2019JJ00
GM1708,4.0,2020JJ00
GM1708,2.9,2021JJ00
GM1708,3.0,2022JJ00
GM1708,2.9,2023JJ00
GM0971,7.1,2013JJ00
GM0971,7.1,2014JJ00
GM0971,6.2,2015JJ00
GM0971,5.3,2016JJ00
GM0971,4.5,2017JJ00
GM0971,3.9,2018JJ00
GM0971,3.8,2019JJ00
GM0971,4.1,2020JJ00
GM0971,3.0,2021JJ00
GM0971,2.8,2022JJ00
GM0971,2.7,2023JJ00
GM1904,6.6,2013JJ00
GM1904,6.5,2014JJ00
GM1904,6.7,2015JJ00
GM1904,5.5,2016JJ00
GM1904,4.4,2017JJ00
GM1904,3.7,2018JJ00
GM1904,3.4,2019JJ00
GM1904,3.9,2020JJ00
GM1904,2.8,2021JJ00
GM1904,2.7,2022JJ00
GM1904,2.9,2023JJ00
GM1900,7.8,2013JJ00
GM1900,8.0,2014JJ00
GM1900,7.4,2015JJ00
GM1900,6.4,2016JJ00
GM1900,5.1,2017JJ00
GM1900,4.5,2018JJ00
GM1900,3.9,2019JJ00
GM1900,4.3,2020JJ00
GM1900,3.0,2021JJ00
GM1900,3.0,2022JJ00
GM1900,3.4,2023JJ00
GM0715,6.6,2013JJ00
GM0715,6.5,2014JJ00
GM0715,6.1,2015JJ00
GM0715,4.7,2016JJ00
GM0715,4.2,2017JJ00
GM0715,3.6,2018JJ00
GM0715,3.7,2019JJ00
GM0715,4.0,2020JJ00
GM0715,3.4,2021JJ00
GM0715,2.8,2022JJ00
GM0715,2.7,2023JJ00
GM0093,5.3,2013JJ00
GM0093,6.2,2014JJ00
GM0093,5.6,2015JJ00
GM0093,5.6,2016JJ00
GM0093,4.6,2017JJ00
GM0093,3.8,2018JJ00
GM0093,3.5,2019JJ00
GM0093,3.8,2020JJ00
GM0093,2.9,2021JJ00
GM0093,2.6,2022JJ00
GM0093,2.7,2023JJ00
GM0448,6.0,2013JJ00
GM0448,5.6,2014JJ00
GM0448,5.3,2015JJ00
GM0448,4.6,2016JJ00
GM0448,4.2,2017JJ00
GM0448,3.8,2018JJ00
GM0448,3.4,2019JJ00
GM0448,3.7,2020JJ00
GM0448,2.8,2021JJ00
GM0448,2.6,2022JJ00
GM0448,2.6,2023JJ00
GM1525,6.1,2013JJ00
GM1525,6.1,2014JJ00
GM1525,5.9,2015JJ00
GM1525,5.1,2016JJ00
GM1525,4.3,2017JJ00
GM1525,3.9,2018JJ00
GM1525,3.6,2019JJ00
GM1525,3.8,2020JJ00
GM1525,3.0,2021JJ00
GM1525,2.9,2022JJ00
GM1525,2.8,2023JJ00
GM0716,6.0,2013JJ00
GM0716,5.9,2014JJ00
GM0716,5.7,2015JJ00
GM0716,4.7,2016JJ00
GM0716,3.9,2017JJ00
GM0716,3.4,2018JJ00
GM0716,3.4,2019JJ00
GM0716,3.7,2020JJ00
GM0716,3.2,2021JJ00
GM0716,2.3,2022JJ00
GM0716,2.6,2023JJ00
GM0281,8.6,2013JJ00
GM0281,8.6,2014JJ00
GM0281,8.2,2015JJ00
GM0281,6.7,2016JJ00
GM0281,5.4,2017JJ00
GM0281,4.9,2018JJ00
GM0281,4.4,2019JJ00
GM0281,5.0,2020JJ00
GM0281,4.2,2021JJ00
GM0281,3.6,2022JJ00
GM0281,3.8,2023JJ00
GM0855,8.8,2013JJ00
GM0855,8.8,2014JJ00
GM0855,8.1,2015JJ00
GM0855,6.7,2016JJ00
GM0855,5.9,2017JJ00
GM0855,4.5,2018JJ00
GM0855,4.8,2019JJ00
GM0855,5.0,2020JJ00
GM0855,4.2,2021JJ00
GM0855,3.6,2022JJ00
GM0855,3.9,2023JJ00
GM0183,7.1,2013JJ00
GM0183,7.2,2014JJ00
GM0183,5.7,2015JJ00
GM0183,5.2,2016JJ00
GM0183,4.1,2017JJ00
GM0183,3.5,2018JJ00
GM0183,3.1,2019JJ00
GM0183,3.5,2020JJ00
GM0183,2.6,2021JJ00
GM0183,2.3,2022JJ00
GM0183,2.4,2023JJ00
GM1700,7.6,2013JJ00
GM1700,7.3,2014JJ00
GM1700,6.0,2015JJ00
GM1700,5.7,2016JJ00
GM1700,4.3,2017JJ00
GM1700,3.8,2018JJ00
GM1700,3.5,2019JJ00
GM1700,3.8,2020JJ00
GM1700,3.0,2021JJ00
GM1700,2.6,2022JJ00
GM1700,2.7,2023JJ00
GM1730,6.9,2013JJ00
GM1730,6.7,2014JJ00
GM1730,6.7,2015JJ00
GM1730,5.2,2016JJ00
GM1730,4.8,2017JJ00
GM1730,4.2,2018JJ00
GM1730,3.8,2019JJ00
GM1730,4.1,2020JJ00
GM1730,3.3,2021JJ00
GM1730,2.8,2022JJ00
GM1730,2.8,2023JJ00
GM0737,7.8,2013JJ00
GM0737,7.7,2014JJ00
GM0737,7.5,2015JJ00
GM0737,6.4,2016JJ00
GM0737,5.1,2017JJ00
GM0737,4.2,2018JJ00
GM0737,3.7,2019JJ00
GM0737,4.2,2020JJ00
GM0737,3.2,2021JJ00
GM0737,2.8,2022JJ00
GM0737,2.9,2023JJ00
GM0450,6.2,2013JJ00
GM0450,6.1,2014JJ00
GM0450,5.4,2015JJ00
GM0450,4.9,2016JJ00
GM0450,4.1,2017JJ00
GM0450,3.7,2018JJ00
GM0450,3.4,2019JJ00
GM0450,3.8,2020JJ00
GM0450,2.9,2021JJ00
GM0450,2.5,2022JJ00
GM0450,2.7,2023JJ00
GM0451,6.9,2013JJ00
GM0451,7.0,2014JJ00
GM0451,6.4,2015JJ00
GM0451,5.6,2016JJ00
GM0451,4.7,2017JJ00
GM0451,4.1,2018JJ00
GM0451,4.1,2019JJ00
GM0451,4.3,2020JJ00
GM0451,3.7,2021JJ00
GM0451,3.2,2022JJ00
GM0451,3.1,2023JJ00
GM0184,6.3,2013JJ00
GM0184,6.0,2014JJ00
GM0184,5.5,2015JJ00
GM0184,4.7,2016JJ00
GM0184,3.7,2017JJ00
GM0184,3.2,2018JJ00
GM0184,3.0,2019JJ00
GM0184,3.3,2020JJ00
GM0184,2.5,2021JJ00
GM0184,2.3,2022JJ00
GM0184,2.5,2023JJ00
GM0344,8.1,2013JJ00
GM0344,8.5,2014JJ00
GM0344,8.2,2015JJ00
GM0344,6.8,2016JJ00
GM0344,5.1,2017JJ00
GM0344,4.8,2018JJ00
GM0344,4.6,2019JJ00
GM0344,4.7,2020JJ00
GM0344,3.6,2021JJ00
GM0344,3.1,2022JJ00
GM0344,3.9,2023JJ00
GM1581,6.7,2013JJ00
GM1581,6.2,2014JJ00
GM1581,5.9,2015JJ00
GM1581,5.1,2016JJ00
GM1581,4.4,2017JJ00
GM1581,3.9,2018JJ00
GM1581,3.9,2019JJ00
GM1581,4.0,2020JJ00
GM1581,3.1,2021JJ00
GM1581,2.8,2022JJ00
GM1581,2.9,2023JJ00
GM0981,8.5,2013JJ00
GM0981,8.8,2014JJ00
GM0981,8.9,2015JJ00
GM0981,8.2,2016JJ00
GM0981,6.8,2017JJ00
GM0981,6.1,2018JJ00
GM0981,5.9,2019JJ00
GM0981,6.3,2020JJ00
GM0981,5.5,2021JJ00
GM0981,4.3,2022JJ00
GM0981,4.3,2023JJ00
GM0994,7.8,2013JJ00
GM0994,7.6,2014JJ00
GM0994,7.4,2015JJ00
GM0994,6.2,2016JJ00
GM0994,4.9,2017JJ00
GM0994,4.2,2018JJ00
GM0994,3.9,2019JJ00
GM0994,4.3,2020JJ00
GM0994,3.4,2021JJ00
GM0994,2.9,2022JJ00
GM0994,2.9,2023JJ00
GM0858,7.1,2013JJ00
GM0858,7.5,2014JJ00
GM0858,6.6,2015JJ00
GM0858,5.5,2016JJ00
GM0858,4.7,2017JJ00
GM0858,3.9,2018JJ00
GM0858,3.8,2019JJ00
GM0858,4.2,2020JJ00
GM0858,3.2,2021JJ00
GM0858,2.9,2022JJ00
GM0858,2.8,2023JJ00
GM0047,8.5,2013JJ00
GM0047,9.0,2014JJ00
GM0047,9.2,2015JJ00
GM0047,7.7,2016JJ00
GM0047,6.2,2017JJ00
GM0047,5.6,2018JJ00
GM0047,5.0,2019JJ00
GM0047,5.0,2020JJ00
GM0047,4.0,2021JJ00
GM0047,3.2,2022JJ00
GM0047,3.5,2023JJ00
GM0345,7.8,2013JJ00
GM0345,7.6,2014JJ00
GM0345,7.6,2015JJ00
GM0345,6.1,2016JJ00
GM0345,5.0,2017JJ00
GM0345,4.0,2018JJ00
GM0345,3.8,2019JJ00
GM0345,4.1,2020JJ00
GM0345,3.2,2021JJ00
GM0345,2.8,2022JJ00
GM0345,3.1,2023JJ00
GM0717,5.5,2013JJ00
GM0717,5.1,2014JJ00
GM0717,4.8,2015JJ00
GM0717,4.0,2016JJ00
GM0717,3.6,2017JJ00
GM0717,3.3,2018JJ00
GM0717,3.2,2019JJ00
GM0717,3.3,2020JJ00
GM0717,2.5,2021JJ00
GM0717,2.1,2022JJ00
GM0717,2.2,2023JJ00
GM0861,6.8,2013JJ00
GM0861,6.5,2014JJ00
GM0861,5.8,2015JJ00
GM0861,5.2,2016JJ00
GM0861,4.4,2017JJ00
GM0861,3.5,2018JJ00
GM0861,3.4,2019JJ00
GM0861,3.9,2020JJ00
GM0861,3.2,2021JJ00
GM0861,2.6,2022JJ00
GM0861,2.7,2023JJ00
GM0453,6.8,2013JJ00
GM0453,6.9,2014JJ00
GM0453,6.1,2015JJ00
GM0453,5.3,2016JJ00
GM0453,4.7,2017JJ00
GM0453,4.1,2018JJ00
GM0453,3.8,2019JJ00
GM0453,4.2,2020JJ00
GM0453,3.4,2021JJ00
GM0453,3.1,2022JJ00
GM0453,3.2,2023JJ00
GM0983,8.5,2013JJ00
GM0983,8.7,2014JJ00
GM0983,8.0,2015JJ00
GM0983,6.3,2016JJ00
GM0983,5.9,2017JJ00
GM0983,5.0,2018JJ00
GM0983,4.5,2019JJ00
GM0983,5.3,2020JJ00
GM0983,3.9,2021JJ00
GM0983,3.8,2022JJ00
GM0983,3.6,2023JJ00
GM0984,7.3,2013JJ00
GM0984,7.3,2014JJ00
GM0984,6.6,2015JJ00
GM0984,6.1,2016JJ00
GM0984,4.7,2017JJ00
GM0984,4.0,2018JJ00
GM0984,3.8,2019JJ00
GM0984,4.4,2020JJ00
GM0984,3.5,2021JJ00
GM0984,3.1,2022JJ00
GM0984,3.1,2023JJ00
GM1961,6.6,2013JJ00
GM1961,6.6,2014JJ00
GM1961,6.2,2015JJ00
GM1961,5.5,2016JJ00
GM1961,4.3,2017JJ00
GM1961,3.9,2018JJ00
GM1961,3.4,2019JJ00
GM1961,3.7,2020JJ00
GM1961,2.6,2021JJ00
GM1961,2.6,2022JJ00
GM1961,2.8,2023JJ00
GM0622,9.2,2013JJ00
GM0622,8.5,2014JJ00
GM0622,8.8,2015JJ00
GM0622,7.2,2016JJ00
GM0622,6.1,2017JJ00
GM0622,5.4,2018JJ00
GM0622,4.7,2019JJ00
GM0622,4.9,2020JJ00
GM0622,4.7,2021JJ00
GM0622,3.9,2022JJ00
GM0622,3.6,2023JJ00
GM0096,5.9,2013JJ00
GM0096,5.8,2014JJ00
GM0096,5.4,2015JJ00
GM0096,4.9,2016JJ00
GM0096,3.8,2017JJ00
GM0096,3.6,2018JJ00
GM0096,3.6,2019JJ00
GM0096,3.7,2020JJ00
GM0096,2.8,2021JJ00
GM0096,2.7,2022JJ00
GM0096,3.0,2023JJ00
GM0718,8.2,2013JJ00
GM0718,8.0,2014JJ00
GM0718,7.9,2015JJ00
GM0718,6.2,2016JJ00
GM0718,5.6,2017JJ00
GM0718,5.1,2018JJ00
GM0718,4.9,2019JJ00
GM0718,5.0,2020JJ00
GM0718,3.8,2021JJ00
GM0718,3.2,2022JJ00
GM0718,3.3,2023JJ00
GM0986,7.0,2013JJ00
GM0986,7.2,2014JJ00
GM0986,6.9,2015JJ00
GM0986,5.6,2016JJ00
GM0986,4.6,2017JJ00
GM0986,3.8,2018JJ00
GM0986,3.5,2019JJ00
GM0986,3.9,2020JJ00
GM0986,3.0,2021JJ00
GM0986,2.6,2022JJ00
GM0986,2.6,2023JJ00
GM1992,6.4,2013JJ00
GM1992,6.3,2014JJ00
GM1992,5.9,2015JJ00
GM1992,5.3,2016JJ00
GM1992,4.4,2017JJ00
GM1992,3.8,2018JJ00
GM1992,3.5,2019JJ00
GM1992,3.7,2020JJ00
GM1992,3.3,2021JJ00
GM1992,2.9,2022JJ00
GM1992,2.8,2023JJ00
GM0626,6.8,2013JJ00
GM0626,6.7,2014JJ00
GM0626,6.3,2015JJ00
GM0626,5.4,2016JJ00
GM0626,4.5,2017JJ00
GM0626,4.0,2018JJ00
GM0626,3.7,2019JJ00
GM0626,4.0,2020JJ00
GM0626,3.4,2021JJ00
GM0626,2.8,2022JJ00
GM0626,2.8,2023JJ00
GM0285,6.3,2013JJ00
GM0285,6.2,2014JJ00
GM0285,5.7,2015JJ00
GM0285,5.0,2016JJ00
GM0285,4.0,2017JJ00
GM0285,3.8,2018JJ00
GM0285,3.3,2019JJ00
GM0285,3.6,2020JJ00
GM0285,2.4,2021JJ00
GM0285,2.5,2022JJ00
GM0285,2.5,2023JJ00
GM0865,6.4,2013JJ00
GM0865,6.8,2014JJ00
GM0865,6.1,2015JJ00
GM0865,5.1,2016JJ00
GM0865,4.3,2017JJ00
GM0865,3.7,2018JJ00
GM0865,3.6,2019JJ00
GM0865,3.8,2020JJ00
GM0865,2.9,2021JJ00
GM0865,2.6,2022JJ00
GM0865,2.5,2023JJ00
GM1949,7.7,2013JJ00
GM1949,7.7,2014JJ00
GM1949,7.4,2015JJ00
GM1949,6.3,2016JJ00
GM1949,5.0,2017JJ00
GM1949,4.3,2018JJ00
GM1949,4.1,2019JJ00
GM1949,4.3,2020JJ00
GM1949,3.0,2021JJ00
GM1949,2.9,2022JJ00
GM1949,3.1,2023JJ00
GM0866,6.4,2013JJ00
GM0866,6.7,2014JJ00
GM0866,6.1,2015JJ00
GM0866,5.4,2016JJ00
GM0866,4.3,2017JJ00
GM0866,3.7,2018JJ00
GM0866,3.3,2019JJ00
GM0866,3.8,2020JJ00
GM0866,2.9,2021JJ00
GM0866,2.6,2022JJ00
GM0866,2.9,2023JJ00
GM0867,6.7,2013JJ00
GM0867,6.8,2014JJ00
GM0867,6.5,2015JJ00
GM0867,5.7,2016JJ00
GM0867,4.6,2017JJ00
GM0867,3.8,2018JJ00
GM0867,3.8,2019JJ00
GM0867,4.2,2020JJ00
GM0867,3.1,2021JJ00
GM0867,2.8,2022JJ00
GM0867,2.8,2023JJ00
GM0627,6.6,2013JJ00
GM0627,6.9,2014JJ00
GM0627,6.3,2015JJ00
GM0627,5.6,2016JJ00
GM0627,4.6,2017JJ00
GM0627,4.1,2018JJ00
GM0627,3.5,2019JJ00
GM0627,3.9,2020JJ00
GM0627,2.7,2021JJ00
GM0627,2.6,2022JJ00
GM0627,2.6,2023JJ00
GM0289,8.2,2013JJ00
GM0289,7.9,2014JJ00
GM0289,7.5,2015JJ00
GM0289,7.2,2016JJ00
GM0289,5.6,2017JJ00
GM0289,5.3,2018JJ00
GM0289,4.9,2019JJ00
GM0289,5.0,2020JJ00
GM0289,4.1,2021JJ00
GM0289,3.9,2022JJ00
GM0289,4.4,2023JJ00
GM0629,6.9,2013JJ00
GM0629,6.9,2014JJ00
GM0629,6.4,2015JJ00
GM0629,5.6,2016JJ00
GM0629,4.8,2017JJ00
GM0629,4.2,2018JJ00
GM0629,3.9,2019JJ00
GM0629,4.3,2020JJ00
GM0629,3.4,2021JJ00
GM0629,3.0,2022JJ00
GM0629,3.2,2023JJ00
GM0852,6.1,2013JJ00
GM0852,5.6,2014JJ00
GM0852,5.6,2015JJ00
GM0852,4.9,2016JJ00
GM0852,4.4,2017JJ00
GM0852,3.9,2018JJ00
GM0852,3.4,2019JJ00
GM0852,3.8,2020JJ00
GM0852,3.0,2021JJ00
GM0852,2.6,2022JJ00
GM0852,2.6,2023JJ00
GM0988,7.6,2013JJ00
GM0988,7.2,2014JJ00
GM0988,6.5,2015JJ00
GM0988,6.2,2016JJ00
GM0988,5.3,2017JJ00
GM0988,4.5,2018JJ00
GM0988,4.1,2019JJ00
GM0988,4.5,2020JJ00
GM0988,3.6,2021JJ00
GM0988,3.3,2022JJ00
GM0988,3.1,2023JJ00
GM1960,6.2,2013JJ00
GM1960,6.1,2014JJ00
GM1960,5.5,2015JJ00
GM1960,4.6,2016JJ00
GM1960,3.8,2017JJ00
GM1960,3.6,2018JJ00
GM1960,3.2,2019JJ00
GM1960,3.8,2020JJ00
GM1960,2.9,2021JJ00
GM1960,2.6,2022JJ00
GM1960,2.6,2023JJ00
GM0668,6.6,2013JJ00
GM0668,7.0,2014JJ00
GM0668,6.2,2015JJ00
GM0668,5.2,2016JJ00
GM0668,4.1,2017JJ00
GM0668,3.8,2018JJ00
GM0668,3.3,2019JJ00
GM0668,3.7,2020JJ00
GM0668,2.6,2021JJ00
GM0668,2.5,2022JJ00
GM0668,2.5,2023JJ00
GM1969,7.3,2013JJ00
GM1969,7.3,2014JJ00
GM1969,6.8,2015JJ00
GM1969,5.8,2016JJ00
GM1969,4.8,2017JJ00
GM1969,4.2,2018JJ00
GM1969,4.1,2019JJ00
GM1969,4.0,2020JJ00
GM1969,3.8,2021JJ00
GM1969,2.8,2022JJ00
GM1969,2.8,2023JJ00
GM1701,7.3,2013JJ00
GM1701,7.0,2014JJ00
GM1701,6.9,2015JJ00
GM1701,5.5,2016JJ00
GM1701,4.6,2017JJ00
GM1701,4.0,2018JJ00
GM1701,3.4,2019JJ00
GM1701,3.9,2020JJ00
GM1701,3.1,2021JJ00
GM1701,2.6,2022JJ00
GM1701,2.5,2023JJ00
GM0293,8.4,2013JJ00
GM0293,8.1,2014JJ00
GM0293,7.6,2015JJ00
GM0293,6.4,2016JJ00
GM0293,5.5,2017JJ00
GM0293,4.6,2018JJ00
GM0293,4.0,2019JJ00
GM0293,4.2,2020JJ00
GM0293,3.5,2021JJ00
GM0293,3.0,2022JJ00
GM0293,3.1,2023JJ00
GM1950,8.0,2013JJ00
GM1950,8.3,2014JJ00
GM1950,8.1,2015JJ00
GM1950,7.4,2016JJ00
GM1950,6.0,2017JJ00
GM1950,5.1,2018JJ00
GM1950,4.5,2019JJ00
GM1950,4.8,2020JJ00
GM1950,3.5,2021JJ00
GM1950,3.1,2022JJ00
GM1950,3.0,2023JJ00
GM1783,6.0,2013JJ00
GM1783,5.9,2014JJ00
GM1783,5.3,2015JJ00
GM1783,4.8,2016JJ00
GM1783,3.9,2017JJ00
GM1783,3.7,2018JJ00
GM1783,3.4,2019JJ00
GM1783,3.4,2020JJ00
GM1783,2.5,2021JJ00
GM1783,2.3,2022JJ00
GM1783,2.4,2023JJ00
GM0098,7.7,2013JJ00
GM0098,8.0,2014JJ00
GM0098,7.1,2015JJ00
GM0098,6.3,2016JJ00
GM0098,4.9,2017JJ00
GM0098,4.1,2018JJ00
GM0098,3.7,2019JJ00
GM0098,4.0,2020JJ00
GM0098,3.2,2021JJ00
GM0098,2.7,2022JJ00
GM0098,2.9,2023JJ00
GM0189,6.7,2013JJ00
GM0189,6.6,2014JJ00
GM0189,5.9,2015JJ00
GM0189,5.2,2016JJ00
GM0189,3.9,2017JJ00
GM0189,3.4,2018JJ00
GM0189,3.3,2019JJ00
GM0189,3.5,2020JJ00
GM0189,2.7,2021JJ00
GM0189,2.4,2022JJ00
GM0189,2.4,2023JJ00
GM0296,7.5,2013JJ00
GM0296,7.1,2014JJ00
GM0296,6.4,2015JJ00
GM0296,5.5,2016JJ00
GM0296,4.6,2017JJ00
GM0296,4.0,2018JJ00
GM0296,3.8,2019JJ00
GM0296,4.2,2020JJ00
GM0296,3.4,2021JJ00
GM0296,2.7,2022JJ00
GM0296,2.8,2023JJ00
GM1696,6.6,2013JJ00
GM1696,6.3,2014JJ00
GM1696,5.9,2015JJ00
GM1696,4.9,2016JJ00
GM1696,4.2,2017JJ00
GM1696,3.8,2018JJ00
GM1696,3.5,2019JJ00
GM1696,3.9,2020JJ00
GM1696,3.3,2021JJ00
GM1696,2.8,2022JJ00
GM1696,2.6,2023JJ00
GM0352,6.4,2013JJ00
GM0352,6.0,2014JJ00
GM0352,5.5,2015JJ00
GM0352,4.8,2016JJ00
GM0352,4.2,2017JJ00
GM0352,3.7,2018JJ00
GM0352,3.4,2019JJ00
GM0352,3.7,2020JJ00
GM0352,3.2,2021JJ00
GM0352,2.6,2022JJ00
GM0352,2.6,2023JJ00
GM0294,7.8,2013JJ00
GM0294,7.6,2014JJ00
GM0294,6.8,2015JJ00
GM0294,5.7,2016JJ00
GM0294,4.9,2017JJ00
GM0294,4.2,2018JJ00
GM0294,4.0,2019JJ00
GM0294,4.2,2020JJ00
GM0294,3.0,2021JJ00
GM0294,2.9,2022JJ00
GM0294,2.9,2023JJ00
GM0873,6.0,2013JJ00
GM0873,6.2,2014JJ00
GM0873,6.3,2015JJ00
GM0873,5.5,2016JJ00
GM0873,4.4,2017JJ00
GM0873,3.7,2018JJ00
GM0873,3.7,2019JJ00
GM0873,4.3,2020JJ00
GM0873,3.1,2021JJ00
GM0873,2.7,2022JJ00
GM0873,2.7,2023JJ00
GM0632,6.2,2013JJ00
GM0632,6.0,2014JJ00
GM0632,5.5,2015JJ00
GM0632,5.2,2016JJ00
GM0632,4.0,2017JJ00
GM0632,3.8,2018JJ00
GM0632,3.6,2019JJ00
GM0632,3.8,2020JJ00
GM0632,3.3,2021JJ00
GM0632,2.5,2022JJ00
GM0632,2.7,2023JJ00
GM1690,6.6,2013JJ00
GM1690,6.6,2014JJ00
GM1690,6.2,2015JJ00
GM1690,4.9,2016JJ00
GM1690,4.1,2017JJ00
GM1690,3.6,2018JJ00
GM1690,3.2,2019JJ00
GM1690,3.7,2020JJ00
GM1690,3.0,2021JJ00
GM1690,2.4,2022JJ00
GM1690,2.5,2023JJ00
GM0880,6.7,2013JJ00
GM0880,6.6,2014JJ00
GM0880,6.2,2015JJ00
GM0880,5.3,2016JJ00
GM0880,4.5,2017JJ00
GM0880,4.0,2018JJ00
GM0880,3.5,2019JJ00
GM0880,3.9,2020JJ00
GM0880,3.0,2021JJ00
GM0880,2.8,2022JJ00
GM0880,2.8,2023JJ00
GM0351,6.2,2013JJ00
GM0351,6.2,2014JJ00
GM0351,5.6,2015JJ00
GM0351,4.9,2016JJ00
GM0351,3.9,2017JJ00
GM0351,3.4,2018JJ00
GM0351,3.3,2019JJ00
GM0351,3.5,2020JJ00
GM0351,2.6,2021JJ00
GM0351,2.4,2022JJ00
GM0351,2.6,2023JJ00
GM0479,8.4,2013JJ00
GM0479,7.9,2014JJ00
GM0479,7.5,2015JJ00
GM0479,6.6,2016JJ00
GM0479,5.4,2017JJ00
GM0479,4.9,2018JJ00
GM0479,4.4,2019JJ00
GM0479,4.9,2020JJ00
GM0479,4.0,2021JJ00
GM0479,3.4,2022JJ00
GM0479,3.5,2023JJ00
GM0297,6.7,2013JJ00
GM0297,6.5,2014JJ00
GM0297,6.2,2015JJ00
GM0297,5.0,2016JJ00
GM0297,4.2,2017JJ00
GM0297,3.7,2018JJ00
GM0297,3.4,2019JJ00
GM0297,3.9,2020JJ00
GM0297,2.9,2021JJ00
GM0297,2.6,2022JJ00
GM0297,2.9,2023JJ00
GM0473,7.6,2013JJ00
GM0473,7.6,2014JJ00
GM0473,7.0,2015JJ00
GM0473,6.0,2016JJ00
GM0473,5.4,2017JJ00
GM0473,4.6,2018JJ00
GM0473,4.2,2019JJ00
GM0473,4.6,2020JJ00
GM0473,3.8,2021JJ00
GM0473,3.5,2022JJ00
GM0473,3.4,2023JJ00
GM0050,6.6,2013JJ00
GM0050,6.6,2014JJ00
GM0050,6.3,2015JJ00
GM0050,6.1,2016JJ00
GM0050,4.7,2017JJ00
GM0050,3.9,2018JJ00
GM0050,3.7,2019JJ00
GM0050,3.9,2020JJ00
GM0050,3.0,2021JJ00
GM0050,2.7,2022JJ00
GM0050,2.8,2023JJ00
GM0355,7.6,2013JJ00
GM0355,7.4,2014JJ00
GM0355,7.2,2015JJ00
GM0355,6.2,2016JJ00
GM0355,5.3,2017JJ00
GM0355,4.8,2018JJ00
GM0355,4.3,2019JJ00
GM0355,4.6,2020JJ00
GM0355,3.4,2021JJ00
GM0355,3.2,2022JJ00
GM0355,3.6,2023JJ00
GM0299,7.6,2013JJ00
GM0299,7.8,2014JJ00
GM0299,6.6,2015JJ00
GM0299,6.1,2016JJ00
GM0299,4.9,2017JJ00
GM0299,4.2,2018JJ00
GM0299,3.9,2019JJ00
GM0299,4.3,2020JJ00
GM0299,3.2,2021JJ00
GM0299,3.0,2022JJ00
GM0299,3.1,2023JJ00
GM0637,8.7,2013JJ00
GM0637,8.4,2014JJ00
GM0637,8.1,2015JJ00
GM0637,7.1,2016JJ00
GM0637,6.0,2017JJ00
GM0637,4.5,2018JJ00
GM0637,4.5,2019JJ00
GM0637,5.0,2020JJ00
GM0637,4.7,2021JJ00
GM0637,3.5,2022JJ00
GM0637,3.4,2023JJ00
GM0638,6.1,2013JJ00
GM0638,6.2,2014JJ00
GM0638,5.6,2015JJ00
GM0638,4.9,2016JJ00
GM0638,4.0,2017JJ00
GM0638,3.5,2018JJ00
GM0638,3.2,2019JJ00
GM0638,3.5,2020JJ00
GM0638,2.8,2021JJ00
GM0638,2.5,2022JJ00
GM0638,2.5,2023JJ00
GM1892,6.4,2013JJ00
GM1892,6.8,2014JJ00
GM1892,6.2,2015JJ00
GM1892,5.2,2016JJ00
GM1892,4.3,2017JJ00
GM1892,3.6,2018JJ00
GM1892,3.5,2019JJ00
GM1892,3.9,2020JJ00
GM1892,2.8,2021JJ00
GM1892,2.6,2022JJ00
GM1892,2.7,2023JJ00
GM0879,6.0,2013JJ00
GM0879,6.3,2014JJ00
GM0879,6.0,2015JJ00
GM0879,5.2,2016JJ00
GM0879,4.2,2017JJ00
GM0879,3.6,2018JJ00
GM0879,3.4,2019JJ00
GM0879,3.7,2020JJ00
GM0879,2.7,2021JJ00
GM0879,2.6,2022JJ00
GM0879,2.5,2023JJ00
GM0301,8.6,2013JJ00
GM0301,9.1,2014JJ00
GM0301,8.0,2015JJ00
GM0301,7.5,2016JJ00
GM0301,6.1,2017JJ00
GM0301,5.8,2018JJ00
GM0301,4.3,2019JJ00
GM0301,4.9,2020JJ00
GM0301,3.7,2021JJ00
GM0301,3.3,2022JJ00
GM0301,3.4,2023JJ00
GM1896,6.5,2013JJ00
GM1896,6.2,2014JJ00
GM1896,5.7,2015JJ00
GM1896,4.9,2016JJ00
GM1896,4.0,2017JJ00
GM1896,3.5,2018JJ00
GM1896,3.3,2019JJ00
GM1896,3.5,2020JJ00
GM1896,2.7,2021JJ00
GM1896,2.4,2022JJ00
GM1896,2.6,2023JJ00
GM0642,7.4,2013JJ00
GM0642,7.2,2014JJ00
GM0642,7.5,2015JJ00
GM0642,6.0,2016JJ00
GM0642,5.0,2017JJ00
GM0642,4.6,2018JJ00
GM0642,4.4,2019JJ00
GM0642,4.7,2020JJ00
GM0642,3.6,2021JJ00
GM0642,3.1,2022JJ00
GM0642,3.2,2023JJ00
GM0193,7.6,2013JJ00
GM0193,7.7,2014JJ00
GM0193,7.6,2015JJ00
GM0193,7.1,2016JJ00
GM0193,5.2,2017JJ00
GM0193,4.6,2018JJ00
GM0193,4.7,2019JJ00
GM0193,4.8,2020JJ00
GM0193,3.4,2021JJ00
GM0193,3.1,2022JJ00
GM0193,3.3,2023JJ00
AM01  ,8.9,2013JJ00
AM01  ,9.3,2014JJ00
AM01  ,9.5,2015JJ00
AM01  ,7.9,2016JJ00
AM01  ,6.7,2017JJ00
AM01  ,5.9,2018JJ00
AM01  ,5.4,2019JJ00
AM01  ,5.3,2020JJ00
AM01  ,4.9,2021JJ00
AM01  ,3.7,2022JJ00
AM01  ,3.8,2023JJ00
AM02  ,8.7,2013JJ00
AM02  ,8.6,2014JJ00
AM02  ,8.3,2015JJ00
AM02  ,7.2,2016JJ00
AM02  ,5.7,2017JJ00
AM02  ,4.9,2018JJ00
AM02  ,4.2,2019JJ00
AM02  ,4.5,2020JJ00
AM02  ,3.8,2021JJ00
AM02  ,3.3,2022JJ00
AM02  ,3.5,2023JJ00
AM03  ,8.3,2013JJ00
AM03  ,8.2,2014JJ00
AM03  ,8.0,2015JJ00
AM03  ,6.1,2016JJ00
AM03  ,5.4,2017JJ00
AM03  ,4.8,2018JJ00
AM03  ,4.0,2019JJ00
AM03  ,4.6,2020JJ00
AM03  ,4.0,2021JJ00
AM03  ,2.9,2022JJ00
AM03  ,2.9,2023JJ00
AM05  ,8.3,2013JJ00
AM05  ,8.3,2014JJ00
AM05  ,7.6,2015JJ00
AM05  ,6.8,2016JJ00
AM05  ,5.5,2017JJ00
AM05  ,4.6,2018JJ00
AM05  ,4.1,2019JJ00
AM05  ,4.7,2020JJ00
AM05  ,3.8,2021JJ00
AM05  ,3.1,2022JJ00
AM05  ,3.3,2023JJ00
AM06  ,7.3,2013JJ00
AM06  ,7.4,2014JJ00
AM06  ,6.6,2015JJ00
AM06  ,6.1,2016JJ00
AM06  ,5.0,2017JJ00
AM06  ,4.5,2018JJ00
AM06  ,3.8,2019JJ00
AM06  ,4.3,2020JJ00
AM06  ,3.3,2021JJ00
AM06  ,2.9,2022JJ00
AM06  ,3.0,2023JJ00
AM07  ,8.5,2013JJ00
AM07  ,8.7,2014JJ00
AM07  ,7.9,2015JJ00
AM07  ,6.8,2016JJ00
AM07  ,5.6,2017JJ00
AM07  ,4.9,2018JJ00
AM07  ,4.3,2019JJ00
AM07  ,4.6,2020JJ00
AM07  ,4.3,2021JJ00
AM07  ,3.6,2022JJ00
AM07  ,3.4,2023JJ00
AM08  ,9.3,2013JJ00
AM08  ,8.8,2014JJ00
AM08  ,7.9,2015JJ00
AM08  ,7.1,2016JJ00
AM08  ,5.6,2017JJ00
AM08  ,5.2,2018JJ00
AM08  ,4.4,2019JJ00
AM08  ,4.8,2020JJ00
AM08  ,4.3,2021JJ00
AM08  ,3.7,2022JJ00
AM08  ,3.6,2023JJ00
AM09  ,7.2,2013JJ00
AM09  ,7.1,2014JJ00
AM09  ,6.6,2015JJ00
AM09  ,5.7,2016JJ00
AM09  ,4.6,2017JJ00
AM09  ,4.0,2018JJ00
AM09  ,3.5,2019JJ00
AM09  ,3.9,2020JJ00
AM09  ,2.9,2021JJ00
AM09  ,2.8,2022JJ00
AM09  ,2.8,2023JJ00
AM10  ,7.0,2013JJ00
AM10  ,7.0,2014JJ00
AM10  ,6.3,2015JJ00
AM10  ,5.4,2016JJ00
AM10  ,4.3,2017JJ00
AM10  ,3.9,2018JJ00
AM10  ,3.6,2019JJ00
AM10  ,4.0,2020JJ00
AM10  ,3.1,2021JJ00
AM10  ,2.8,2022JJ00
AM10  ,2.9,2023JJ00
AM11  ,9.6,2013JJ00
AM11  ,9.9,2014JJ00
AM11  ,7.9,2015JJ00
AM11  ,7.8,2016JJ00
AM11  ,6.1,2017JJ00
AM11  ,4.7,2018JJ00
AM11  ,4.4,2019JJ00
AM11  ,4.7,2020JJ00
AM11  ,4.2,2021JJ00
AM11  ,3.4,2022JJ00
AM11  ,3.4,2023JJ00
AM12  ,7.3,2013JJ00
AM12  ,7.5,2014JJ00
AM12  ,6.7,2015JJ00
AM12  ,5.9,2016JJ00
AM12  ,5.0,2017JJ00
AM12  ,4.4,2018JJ00
AM12  ,4.0,2019JJ00
AM12  ,4.2,2020JJ00
AM12  ,3.6,2021JJ00
AM12  ,3.0,2022JJ00
AM12  ,3.1,2023JJ00
AM13  ,7.3,2013JJ00
AM13  ,7.3,2014JJ00
AM13  ,7.0,2015JJ00
AM13  ,6.0,2016JJ00
AM13  ,4.8,2017JJ00
AM13  ,4.3,2018JJ00
AM13  ,4.1,2019JJ00
AM13  ,4.3,2020JJ00
AM13  ,3.3,2021JJ00
AM13  ,2.9,2022JJ00
AM13  ,3.4,2023JJ00
AM14  ,6.9,2013JJ00
AM14  ,7.0,2014JJ00
AM14  ,6.8,2015JJ00
AM14  ,5.4,2016JJ00
AM14  ,4.5,2017JJ00
AM14  ,3.9,2018JJ00
AM14  ,3.6,2019JJ00
AM14  ,3.9,2020JJ00
AM14  ,3.5,2021JJ00
AM14  ,2.8,2022JJ00
AM14  ,3.2,2023JJ00
AM15  ,6.9,2013JJ00
AM15  ,6.8,2014JJ00
AM15  ,6.1,2015JJ00
AM15  ,5.4,2016JJ00
AM15  ,4.7,2017JJ00
AM15  ,4.2,2018JJ00
AM15  ,3.8,2019JJ00
AM15  ,4.0,2020JJ00
AM15  ,3.1,2021JJ00
AM15  ,2.8,2022JJ00
AM15  ,2.9,2023JJ00
AM17  ,7.6,2013JJ00
AM17  ,7.3,2014JJ00
AM17  ,6.8,2015JJ00
AM17  ,6.1,2016JJ00
AM17  ,5.1,2017JJ00
AM17  ,4.5,2018JJ00
AM17  ,4.0,2019JJ00
AM17  ,4.5,2020JJ00
AM17  ,3.8,2021JJ00
AM17  ,3.2,2022JJ00
AM17  ,3.2,2023JJ00
AM18  ,9.1,2013JJ00
AM18  ,8.4,2014JJ00
AM18  ,8.0,2015JJ00
AM18  ,6.8,2016JJ00
AM18  ,6.1,2017JJ00
AM18  ,5.5,2018JJ00
AM18  ,5.1,2019JJ00
AM18  ,5.8,2020JJ00
AM18  ,5.4,2021JJ00
AM18  ,4.1,2022JJ00
AM18  ,4.4,2023JJ00
AM19  ,7.0,2013JJ00
AM19  ,6.7,2014JJ00
AM19  ,6.3,2015JJ00
AM19  ,5.8,2016JJ00
AM19  ,4.8,2017JJ00
AM19  ,4.2,2018JJ00
AM19  ,4.0,2019JJ00
AM19  ,4.2,2020JJ00
AM19  ,3.5,2021JJ00
AM19  ,3.0,2022JJ00
AM19  ,3.0,2023JJ00
AM20  ,7.2,2013JJ00
AM20  ,7.1,2014JJ00
AM20  ,6.7,2015JJ00
AM20  ,6.1,2016JJ00
AM20  ,4.7,2017JJ00
AM20  ,4.1,2018JJ00
AM20  ,4.0,2019JJ00
AM20  ,4.1,2020JJ00
AM20  ,3.3,2021JJ00
AM20  ,2.9,2022JJ00
AM20  ,2.9,2023JJ00
AM21  ,9.7,2013JJ00
AM21  ,10.0,2014JJ00
AM21  ,9.4,2015JJ00
AM21  ,8.1,2016JJ00
AM21  ,6.9,2017JJ00
AM21  ,5.6,2018JJ00
AM21  ,5.5,2019JJ00
AM21  ,5.4,2020JJ00
AM21  ,5.3,2021JJ00
AM21  ,3.9,2022JJ00
AM21  ,4.0,2023JJ00
AM22  ,9.9,2013JJ00
AM22  ,9.6,2014JJ00
AM22  ,9.4,2015JJ00
AM22  ,8.6,2016JJ00
AM22  ,6.8,2017JJ00
AM22  ,5.6,2018JJ00
AM22  ,5.4,2019JJ00
AM22  ,5.2,2020JJ00
AM22  ,5.5,2021JJ00
AM22  ,4.1,2022JJ00
AM22  ,4.1,2023JJ00
AM23  ,7.3,2013JJ00
AM23  ,7.3,2014JJ00
AM23  ,6.8,2015JJ00
AM23  ,5.9,2016JJ00
AM23  ,5.0,2017JJ00
AM23  ,4.6,2018JJ00
AM23  ,4.4,2019JJ00
AM23  ,4.6,2020JJ00
AM23  ,3.9,2021JJ00
AM23  ,3.1,2022JJ00
AM23  ,3.1,2023JJ00
AM24  ,6.5,2013JJ00
AM24  ,6.2,2014JJ00
AM24  ,6.0,2015JJ00
AM24  ,4.8,2016JJ00
AM24  ,4.2,2017JJ00
AM24  ,3.7,2018JJ00
AM24  ,3.7,2019JJ00
AM24  ,3.9,2020JJ00
AM24  ,3.2,2021JJ00
AM24  ,2.5,2022JJ00
AM24  ,2.6,2023JJ00
AM25  ,7.2,2013JJ00
AM25  ,7.3,2014JJ00
AM25  ,7.1,2015JJ00
AM25  ,5.9,2016JJ00
AM25  ,5.0,2017JJ00
AM25  ,4.1,2018JJ00
AM25  ,4.1,2019JJ00
AM25  ,4.3,2020JJ00
AM25  ,3.5,2021JJ00
AM25  ,3.0,2022JJ00
AM25  ,3.0,2023JJ00
AM26  ,7.6,2013JJ00
AM26  ,7.6,2014JJ00
AM26  ,7.2,2015JJ00
AM26  ,6.0,2016JJ00
AM26  ,5.1,2017JJ00
AM26  ,4.1,2018JJ00
AM26  ,4.1,2019JJ00
AM26  ,4.4,2020JJ00
AM26  ,3.5,2021JJ00
AM26  ,3.1,2022JJ00
AM26  ,3.2,2023JJ00
AM27  ,7.0,2013JJ00
AM27  ,7.3,2014JJ00
AM27  ,6.6,2015JJ00
AM27  ,5.7,2016JJ00
AM27  ,4.8,2017JJ00
AM27  ,3.8,2018JJ00
AM27  ,3.7,2019JJ00
AM27  ,4.1,2020JJ00
AM27  ,3.1,2021JJ00
AM27  ,2.8,2022JJ00
AM27  ,2.8,2023JJ00
AM28  ,7.6,2013JJ00
AM28  ,7.8,2014JJ00
AM28  ,7.0,2015JJ00
AM28  ,6.1,2016JJ00
AM28  ,5.2,2017JJ00
AM28  ,4.1,2018JJ00
AM28  ,4.1,2019JJ00
AM28  ,4.5,2020JJ00
AM28  ,3.9,2021JJ00
AM28  ,3.0,2022JJ00
AM28  ,3.1,2023JJ00
AM29  ,7.4,2013JJ00
AM29  ,7.6,2014JJ00
AM29  ,6.9,2015JJ00
AM29  ,5.7,2016JJ00
AM29  ,4.9,2017JJ00
AM29  ,4.2,2018JJ00
AM29  ,3.8,2019JJ00
AM29  ,4.5,2020JJ00
AM29  ,3.4,2021JJ00
AM29  ,3.2,2022JJ00
AM29  ,3.1,2023JJ00
AM30  ,8.6,2013JJ00
AM30  ,8.5,2014JJ00
AM30  ,7.7,2015JJ00
AM30  ,6.5,2016JJ00
AM30  ,5.6,2017JJ00
AM30  ,4.8,2018JJ00
AM30  ,4.5,2019JJ00
AM30  ,5.0,2020JJ00
AM30  ,4.0,2021JJ00
AM30  ,3.7,2022JJ00
AM30  ,3.4,2023JJ00
AM32  ,7.3,2013JJ00
AM32  ,7.6,2014JJ00
AM32  ,7.0,2015JJ00
AM32  ,6.0,2016JJ00
AM32  ,4.8,2017JJ00
AM32  ,4.1,2018JJ00
AM32  ,4.0,2019JJ00
AM32  ,4.5,2020JJ00
AM32  ,3.3,2021JJ00
AM32  ,2.9,2022JJ00
AM32  ,3.1,2023JJ00
AM33  ,7.1,2013JJ00
AM33  ,7.1,2014JJ00
AM33  ,6.4,2015JJ00
AM33  ,5.8,2016JJ00
AM33  ,4.9,2017JJ00
AM33  ,4.2,2018JJ00
AM33  ,3.9,2019JJ00
AM33  ,4.4,2020JJ00
AM33  ,3.3,2021JJ00
AM33  ,3.1,2022JJ00
AM33  ,3.0,2023JJ00
AM34  ,7.5,2013JJ00
AM34  ,7.2,2014JJ00
AM34  ,6.9,2015JJ00
AM34  ,6.1,2016JJ00
AM34  ,5.1,2017JJ00
AM34  ,4.1,2018JJ00
AM34  ,4.0,2019JJ00
AM34  ,4.4,2020JJ00
AM34  ,3.8,2021JJ00
AM34  ,3.0,2022JJ00
AM34  ,3.1,2023JJ00
AM35  ,6.6,2013JJ00
AM35  ,6.5,2014JJ00
AM35  ,6.0,2015JJ00
AM35  ,5.3,2016JJ00
AM35  ,4.3,2017JJ00
AM35  ,4.0,2018JJ00
AM35  ,3.6,2019JJ00
AM35  ,3.9,2020JJ00
AM35  ,3.1,2021JJ00
AM35  ,2.7,2022JJ00
AM35  ,2.8,2023JJ00
AM36  ,7.2,2013JJ00
AM36  ,7.0,2014JJ00
AM36  ,6.5,2015JJ00
AM36  ,5.9,2016JJ00
AM36  ,4.6,2017JJ00
AM36  ,4.0,2018JJ00
AM36  ,3.8,2019JJ00
AM36  ,4.1,2020JJ00
AM36  ,3.0,2021JJ00
AM36  ,2.7,2022JJ00
AM36  ,2.9,2023JJ00
AM37  ,7.4,2013JJ00
AM37  ,7.2,2014JJ00
AM37  ,6.6,2015JJ00
AM37  ,5.9,2016JJ00
AM37  ,5.2,2017JJ00
AM37  ,4.4,2018JJ00
AM37  ,4.2,2019JJ00
AM37  ,4.5,2020JJ00
AM37  ,3.6,2021JJ00
AM37  ,3.2,2022JJ00
AM37  ,3.4,2023JJ00
AM38  ,7.1,2013JJ00
AM38  ,7.0,2014JJ00
AM38  ,6.5,2015JJ00
AM38  ,5.8,2016JJ00
AM38  ,4.6,2017JJ00
AM38  ,4.0,2018JJ00
AM38  ,3.7,2019JJ00
AM38  ,4.0,2020JJ00
AM38  ,3.2,2021JJ00
AM38  ,2.9,2022JJ00
AM38  ,3.1,2023JJ00
AM99  ,,2013JJ00
AM99  ,,2014JJ00
AM99  ,,2015JJ00
AM99  ,,2016JJ00
AM99  ,,2017JJ00
AM99  ,,2018JJ00
AM99  ,,2019JJ00
AM99  ,,2020JJ00
AM99  ,,2021JJ00
AM99  ,,2022JJ00
AM99  ,,2023JJ00
NL01  ,8.4,2013JJ00
NL01  ,8.8,2014JJ00
NL01  ,8.4,2015JJ00
NL01  ,7.6,2016JJ00
NL01  ,6.4,2017JJ00
NL01  ,5.2,2018JJ00
NL01  ,4.6,2019JJ00
NL01  ,5.1,2020JJ00
NL01  ,4.5,2021JJ00
NL01  ,3.8,2022JJ00
NL01  ,3.8,2023JJ00
LD01  ,8.7,2013JJ00
LD01  ,8.9,2014JJ00
LD01  ,8.6,2015JJ00
LD01  ,7.9,2016JJ00
LD01  ,7.0,2017JJ00
LD01  ,5.7,2018JJ00
LD01  ,4.7,2019JJ00
LD01  ,5.3,2020JJ00
LD01  ,4.2,2021JJ00
LD01  ,3.8,2022JJ00
LD01  ,3.7,2023JJ00
LD02  ,8.2,2013JJ00
LD02  ,8.6,2014JJ00
LD02  ,8.2,2015JJ00
LD02  ,7.7,2016JJ00
LD02  ,6.4,2017JJ00
LD02  ,5.0,2018JJ00
LD02  ,4.4,2019JJ00
LD02  ,4.8,2020JJ00
LD02  ,4.2,2021JJ00
LD02  ,3.6,2022JJ00
LD02  ,3.4,2023JJ00
LD03  ,8.6,2013JJ00
LD03  ,9.0,2014JJ00
LD03  ,8.5,2015JJ00
LD03  ,7.7,2016JJ00
LD03  ,6.5,2017JJ00
LD03  ,5.2,2018JJ00
LD03  ,4.7,2019JJ00
LD03  ,5.4,2020JJ00
LD03  ,5.0,2021JJ00
LD03  ,4.0,2022JJ00
LD03  ,4.0,2023JJ00
LD04  ,8.1,2013JJ00
LD04  ,8.5,2014JJ00
LD04  ,8.2,2015JJ00
LD04  ,7.1,2016JJ00
LD04  ,6.0,2017JJ00
LD04  ,4.9,2018JJ00
LD04  ,4.4,2019JJ00
LD04  ,4.8,2020JJ00
LD04  ,3.7,2021JJ00
LD04  ,3.6,2022JJ00
LD04  ,3.6,2023JJ00
PV20  ,8.8,2013JJ00
PV20  ,9.0,2014JJ00
PV20  ,9.1,2015JJ00
PV20  ,8.3,2016JJ00
PV20  ,7.4,2017JJ00
PV20  ,6.4,2018JJ00
PV20  ,5.4,2019JJ00
PV20  ,5.7,2020JJ00
PV20  ,4.6,2021JJ00
PV20  ,4.1,2022JJ00
PV20  ,3.9,2023JJ00
PV21  ,9.1,2013JJ00
PV21  ,9.1,2014JJ00
PV21  ,8.4,2015JJ00
PV21  ,7.4,2016JJ00
PV21  ,6.7,2017JJ00
PV21  ,5.5,2018JJ00
PV21  ,4.6,2019JJ00
PV21  ,5.2,2020JJ00
PV21  ,4.5,2021JJ00
PV21  ,3.7,2022JJ00
PV21  ,3.6,2023JJ00
PV22  ,8.1,2013JJ00
PV22  ,8.4,2014JJ00
PV22  ,8.3,2015JJ00
PV22  ,8.1,2016JJ00
PV22  ,6.7,2017JJ00
PV22  ,5.2,2018JJ00
PV22  ,4.1,2019JJ00
PV22  ,4.9,2020JJ00
PV22  ,3.3,2021JJ00
PV22  ,3.4,2022JJ00
PV22  ,3.4,2023JJ00
PV23  ,8.2,2013JJ00
PV23  ,8.2,2014JJ00
PV23  ,8.1,2015JJ00
PV23  ,8.0,2016JJ00
PV23  ,6.6,2017JJ00
PV23  ,5.1,2018JJ00
PV23  ,4.3,2019JJ00
PV23  ,4.7,2020JJ00
PV23  ,3.8,2021JJ00
PV23  ,3.4,2022JJ00
PV23  ,3.4,2023JJ00
PV24  ,10.6,2013JJ00
PV24  ,11.2,2014JJ00
PV24  ,9.6,2015JJ00
PV24  ,8.9,2016JJ00
PV24  ,7.2,2017JJ00
PV24  ,5.8,2018JJ00
PV24  ,4.9,2019JJ00
PV24  ,5.4,2020JJ00
PV24  ,5.4,2021JJ00
PV24  ,4.1,2022JJ00
PV24  ,4.1,2023JJ00
PV25  ,7.6,2013JJ00
PV25  ,8.3,2014JJ00
PV25  ,7.9,2015JJ00
PV25  ,7.2,2016JJ00
PV25  ,6.1,2017JJ00
PV25  ,4.8,2018JJ00
PV25  ,4.3,2019JJ00
PV25  ,4.7,2020JJ00
PV25  ,4.2,2021JJ00
PV25  ,3.5,2022JJ00
PV25  ,3.3,2023JJ00
PV26  ,7.5,2013JJ00
PV26  ,7.7,2014JJ00
PV26  ,7.7,2015JJ00
PV26  ,6.6,2016JJ00
PV26  ,5.9,2017JJ00
PV26  ,4.8,2018JJ00
PV26  ,4.1,2019JJ00
PV26  ,4.7,2020JJ00
PV26  ,4.5,2021JJ00
PV26  ,3.8,2022JJ00
PV26  ,3.6,2023JJ00
PV27  ,8.4,2013JJ00
PV27  ,8.7,2014JJ00
PV27  ,8.0,2015JJ00
PV27  ,7.2,2016JJ00
PV27  ,6.2,2017JJ00
PV27  ,5.1,2018JJ00
PV27  ,4.4,2019JJ00
PV27  ,5.4,2020JJ00
PV27  ,5.3,2021JJ00
PV27  ,4.1,2022JJ00
PV27  ,4.1,2023JJ00
PV28  ,9.3,2013JJ00
PV28  ,9.9,2014JJ00
PV28  ,9.4,2015JJ00
PV28  ,8.6,2016JJ00
PV28  ,7.1,2017JJ00
PV28  ,5.5,2018JJ00
PV28  ,5.2,2019JJ00
PV28  ,5.7,2020JJ00
PV28  ,5.1,2021JJ00
PV28  ,4.2,2022JJ00
PV28  ,4.1,2023JJ00
PV29  ,7.4,2013JJ00
PV29  ,6.8,2014JJ00
PV29  ,7.2,2015JJ00
PV29  ,6.3,2016JJ00
PV29  ,5.4,2017JJ00
PV29  ,4.6,2018JJ00
PV29  ,4.1,2019JJ00
PV29  ,4.5,2020JJ00
PV29  ,4.1,2021JJ00
PV29  ,3.4,2022JJ00
PV29  ,3.1,2023JJ00
PV30  ,8.0,2013JJ00
PV30  ,8.5,2014JJ00
PV30  ,8.2,2015JJ00
PV30  ,7.2,2016JJ00
PV30  ,5.8,2017JJ00
PV30  ,4.9,2018JJ00
PV30  ,4.4,2019JJ00
PV30  ,4.7,2020JJ00
PV30  ,3.6,2021JJ00
PV30  ,3.5,2022JJ00
PV30  ,3.6,2023JJ00
PV31  ,8.3,2013JJ00
PV31  ,8.4,2014JJ00
PV31  ,8.1,2015JJ00
PV31  ,7.0,2016JJ00
PV31  ,6.2,2017JJ00
PV31  ,4.9,2018JJ00
PV31  ,4.4,2019JJ00
PV31  ,5.0,2020JJ00
PV31  ,4.0,2021JJ00
PV31  ,3.7,2022JJ00
PV31  ,3.7,2023JJ00
CR01  ,8.7,2013JJ00
CR01  ,9.0,2014JJ00
CR01  ,9.3,2015JJ00
CR01  ,8.5,2016JJ00
CR01  ,7.5,2017JJ00
CR01  ,6.4,2018JJ00
CR01  ,5.1,2019JJ00
CR01  ,5.2,2020JJ00
CR01  ,4.1,2021JJ00
CR01  ,3.5,2022JJ00
CR01  ,3.5,2023JJ00
CR02  ,9.6,2013JJ00
CR02  ,9.1,2014JJ00
CR02  ,9.3,2015JJ00
CR02  ,8.2,2016JJ00
CR02  ,7.1,2017JJ00
CR02  ,5.8,2018JJ00
CR02  ,4.8,2019JJ00
CR02  ,5.0,2020JJ00
CR02  ,3.9,2021JJ00
CR02  ,3.6,2022JJ00
CR02  ,3.5,2023JJ00
CR03  ,8.7,2013JJ00
CR03  ,8.9,2014JJ00
CR03  ,9.0,2015JJ00
CR03  ,8.3,2016JJ00
CR03  ,7.4,2017JJ00
CR03  ,6.5,2018JJ00
CR03  ,5.5,2019JJ00
CR03  ,5.9,2020JJ00
CR03  ,4.8,2021JJ00
CR03  ,4.4,2022JJ00
CR03  ,4.1,2023JJ00
CR04  ,9.4,2013JJ00
CR04  ,9.2,2014JJ00
CR04  ,8.8,2015JJ00
CR04  ,7.6,2016JJ00
CR04  ,7.1,2017JJ00
CR04  ,5.9,2018JJ00
CR04  ,4.9,2019JJ00
CR04  ,5.3,2020JJ00
CR04  ,4.6,2021JJ00
CR04  ,3.9,2022JJ00
CR04  ,3.7,2023JJ00
CR05  ,8.7,2013JJ00
CR05  ,8.7,2014JJ00
CR05  ,7.5,2015JJ00
CR05  ,6.8,2016JJ00
CR05  ,6.2,2017JJ00
CR05  ,5.2,2018JJ00
CR05  ,4.3,2019JJ00
CR05  ,5.0,2020JJ00
CR05  ,4.5,2021JJ00
CR05  ,3.6,2022JJ00
CR05  ,3.5,2023JJ00
CR06  ,9.1,2013JJ00
CR06  ,9.3,2014JJ00
CR06  ,8.6,2015JJ00
CR06  ,7.6,2016JJ00
CR06  ,6.6,2017JJ00
CR06  ,5.2,2018JJ00
CR06  ,4.3,2019JJ00
CR06  ,5.1,2020JJ00
CR06  ,4.4,2021JJ00
CR06  ,3.5,2022JJ00
CR06  ,3.5,2023JJ00
CR07  ,7.5,2013JJ00
CR07  ,7.9,2014JJ00
CR07  ,7.8,2015JJ00
CR07  ,7.5,2016JJ00
CR07  ,6.2,2017JJ00
CR07  ,4.8,2018JJ00
CR07  ,3.9,2019JJ00
CR07  ,4.5,2020JJ00
CR07  ,3.2,2021JJ00
CR07  ,3.3,2022JJ00
CR07  ,3.2,2023JJ00
CR08  ,8.9,2013JJ00
CR08  ,9.0,2014JJ00
CR08  ,9.0,2015JJ00
CR08  ,9.3,2016JJ00
CR08  ,7.8,2017JJ00
CR08  ,5.8,2018JJ00
CR08  ,4.7,2019JJ00
CR08  ,5.5,2020JJ00
CR08  ,3.4,2021JJ00
CR08  ,3.6,2022JJ00
CR08  ,3.6,2023JJ00
CR09  ,8.1,2013JJ00
CR09  ,8.5,2014JJ00
CR09  ,8.0,2015JJ00
CR09  ,7.5,2016JJ00
CR09  ,6.1,2017JJ00
CR09  ,5.0,2018JJ00
CR09  ,3.8,2019JJ00
CR09  ,4.6,2020JJ00
CR09  ,3.4,2021JJ00
CR09  ,3.4,2022JJ00
CR09  ,3.3,2023JJ00
CR10  ,7.4,2013JJ00
CR10  ,7.3,2014JJ00
CR10  ,7.4,2015JJ00
CR10  ,7.2,2016JJ00
CR10  ,6.0,2017JJ00
CR10  ,4.7,2018JJ00
CR10  ,4.0,2019JJ00
CR10  ,4.4,2020JJ00
CR10  ,3.7,2021JJ00
CR10  ,3.3,2022JJ00
CR10  ,3.2,2023JJ00
CR11  ,8.1,2013JJ00
CR11  ,8.2,2014JJ00
CR11  ,7.9,2015JJ00
CR11  ,7.9,2016JJ00
CR11  ,6.5,2017JJ00
CR11  ,5.3,2018JJ00
CR11  ,4.3,2019JJ00
CR11  ,4.7,2020JJ00
CR11  ,3.7,2021JJ00
CR11  ,3.5,2022JJ00
CR11  ,3.5,2023JJ00
CR12  ,8.8,2013JJ00
CR12  ,8.7,2014JJ00
CR12  ,8.6,2015JJ00
CR12  ,8.5,2016JJ00
CR12  ,7.0,2017JJ00
CR12  ,5.3,2018JJ00
CR12  ,4.5,2019JJ00
CR12  ,4.8,2020JJ00
CR12  ,4.0,2021JJ00
CR12  ,3.6,2022JJ00
CR12  ,3.6,2023JJ00
CR13  ,7.1,2013JJ00
CR13  ,7.8,2014JJ00
CR13  ,7.4,2015JJ00
CR13  ,6.9,2016JJ00
CR13  ,5.8,2017JJ00
CR13  ,4.6,2018JJ00
CR13  ,4.1,2019JJ00
CR13  ,4.5,2020JJ00
CR13  ,3.9,2021JJ00
CR13  ,3.4,2022JJ00
CR13  ,3.2,2023JJ00
CR14  ,7.4,2013JJ00
CR14  ,8.2,2014JJ00
CR14  ,7.8,2015JJ00
CR14  ,7.1,2016JJ00
CR14  ,6.1,2017JJ00
CR14  ,4.7,2018JJ00
CR14  ,4.0,2019JJ00
CR14  ,4.4,2020JJ00
CR14  ,3.7,2021JJ00
CR14  ,3.2,2022JJ00
CR14  ,3.1,2023JJ00
CR15  ,8.2,2013JJ00
CR15  ,8.8,2014JJ00
CR15  ,8.7,2015JJ00
CR15  ,7.7,2016JJ00
CR15  ,6.5,2017JJ00
CR15  ,5.1,2018JJ00
CR15  ,4.7,2019JJ00
CR15  ,5.1,2020JJ00
CR15  ,4.8,2021JJ00
CR15  ,3.9,2022JJ00
CR15  ,3.5,2023JJ00
CR16  ,7.5,2013JJ00
CR16  ,8.0,2014JJ00
CR16  ,7.4,2015JJ00
CR16  ,6.8,2016JJ00
CR16  ,5.8,2017JJ00
CR16  ,4.6,2018JJ00
CR16  ,4.0,2019JJ00
CR16  ,4.5,2020JJ00
CR16  ,3.8,2021JJ00
CR16  ,3.3,2022JJ00
CR16  ,3.1,2023JJ00
CR17  ,7.5,2013JJ00
CR17  ,7.7,2014JJ00
CR17  ,7.7,2015JJ00
CR17  ,6.6,2016JJ00
CR17  ,5.9,2017JJ00
CR17  ,4.8,2018JJ00
CR17  ,4.1,2019JJ00
CR17  ,4.7,2020JJ00
CR17  ,4.5,2021JJ00
CR17  ,3.8,2022JJ00
CR17  ,3.6,2023JJ00
CR18  ,7.5,2013JJ00
CR18  ,8.1,2014JJ00
CR18  ,7.4,2015JJ00
CR18  ,6.8,2016JJ00
CR18  ,6.0,2017JJ00
CR18  ,4.7,2018JJ00
CR18  ,4.2,2019JJ00
CR18  ,4.6,2020JJ00
CR18  ,3.9,2021JJ00
CR18  ,3.4,2022JJ00
CR18  ,3.3,2023JJ00
CR19  ,7.9,2013JJ00
CR19  ,8.0,2014JJ00
CR19  ,7.3,2015JJ00
CR19  ,6.5,2016JJ00
CR19  ,6.0,2017JJ00
CR19  ,4.8,2018JJ00
CR19  ,4.2,2019JJ00
CR19  ,4.6,2020JJ00
CR19  ,4.0,2021JJ00
CR19  ,3.3,2022JJ00
CR19  ,3.5,2023JJ00
CR20  ,7.2,2013JJ00
CR20  ,7.7,2014JJ00
CR20  ,7.4,2015JJ00
CR20  ,6.6,2016JJ00
CR20  ,5.7,2017JJ00
CR20  ,4.6,2018JJ00
CR20  ,4.0,2019JJ00
CR20  ,4.6,2020JJ00
CR20  ,4.0,2021JJ00
CR20  ,3.5,2022JJ00
CR20  ,3.4,2023JJ00
CR21  ,7.8,2013JJ00
CR21  ,7.6,2014JJ00
CR21  ,7.8,2015JJ00
CR21  ,6.7,2016JJ00
CR21  ,6.1,2017JJ00
CR21  ,4.5,2018JJ00
CR21  ,4.1,2019JJ00
CR21  ,5.0,2020JJ00
CR21  ,4.5,2021JJ00
CR21  ,3.7,2022JJ00
CR21  ,3.8,2023JJ00
CR22  ,8.8,2013JJ00
CR22  ,9.9,2014JJ00
CR22  ,8.4,2015JJ00
CR22  ,8.0,2016JJ00
CR22  ,6.5,2017JJ00
CR22  ,5.4,2018JJ00
CR22  ,4.5,2019JJ00
CR22  ,5.3,2020JJ00
CR22  ,5.3,2021JJ00
CR22  ,3.8,2022JJ00
CR22  ,3.8,2023JJ00
CR23  ,9.1,2013JJ00
CR23  ,9.2,2014JJ00
CR23  ,8.4,2015JJ00
CR23  ,7.6,2016JJ00
CR23  ,6.4,2017JJ00
CR23  ,5.3,2018JJ00
CR23  ,4.7,2019JJ00
CR23  ,5.9,2020JJ00
CR23  ,6.4,2021JJ00
CR23  ,4.6,2022JJ00
CR23  ,4.6,2023JJ00
CR24  ,7.8,2013JJ00
CR24  ,8.2,2014JJ00
CR24  ,7.7,2015JJ00
CR24  ,6.8,2016JJ00
CR24  ,5.9,2017JJ00
CR24  ,4.9,2018JJ00
CR24  ,4.2,2019JJ00
CR24  ,5.0,2020JJ00
CR24  ,4.2,2021JJ00
CR24  ,3.6,2022JJ00
CR24  ,3.6,2023JJ00
CR25  ,7.3,2013JJ00
CR25  ,7.4,2014JJ00
CR25  ,7.0,2015JJ00
CR25  ,6.6,2016JJ00
CR25  ,5.7,2017JJ00
CR25  ,4.5,2018JJ00
CR25  ,4.2,2019JJ00
CR25  ,4.7,2020JJ00
CR25  ,4.1,2021JJ00
CR25  ,3.5,2022JJ00
CR25  ,3.6,2023JJ00
CR26  ,9.9,2013JJ00
CR26  ,10.9,2014JJ00
CR26  ,10.3,2015JJ00
CR26  ,9.6,2016JJ00
CR26  ,7.9,2017JJ00
CR26  ,6.0,2018JJ00
CR26  ,5.7,2019JJ00
CR26  ,6.4,2020JJ00
CR26  ,5.8,2021JJ00
CR26  ,4.7,2022JJ00
CR26  ,4.6,2023JJ00
CR27  ,7.6,2013JJ00
CR27  ,8.0,2014JJ00
CR27  ,7.7,2015JJ00
CR27  ,7.1,2016JJ00
CR27  ,6.0,2017JJ00
CR27  ,4.7,2018JJ00
CR27  ,4.2,2019JJ00
CR27  ,4.9,2020JJ00
CR27  ,4.3,2021JJ00
CR27  ,3.8,2022JJ00
CR27  ,3.7,2023JJ00
CR28  ,7.3,2013JJ00
CR28  ,7.5,2014JJ00
CR28  ,7.3,2015JJ00
CR28  ,6.8,2016JJ00
CR28  ,5.6,2017JJ00
CR28  ,4.4,2018JJ00
CR28  ,4.1,2019JJ00
CR28  ,4.7,2020JJ00
CR28  ,3.9,2021JJ00
CR28  ,3.4,2022JJ00
CR28  ,3.2,2023JJ00
CR29  ,10.5,2013JJ00
CR29  ,11.3,2014JJ00
CR29  ,10.8,2015JJ00
CR29  ,9.8,2016JJ00
CR29  ,7.9,2017JJ00
CR29  ,6.1,2018JJ00
CR29  ,5.8,2019JJ00
CR29  ,6.2,2020JJ00
CR29  ,5.6,2021JJ00
CR29  ,4.5,2022JJ00
CR29  ,4.4,2023JJ00
CR30  ,8.0,2013JJ00
CR30  ,8.4,2014JJ00
CR30  ,7.9,2015JJ00
CR30  ,7.2,2016JJ00
CR30  ,6.1,2017JJ00
CR30  ,5.0,2018JJ00
CR30  ,4.4,2019JJ00
CR30  ,5.0,2020JJ00
CR30  ,4.2,2021JJ00
CR30  ,3.6,2022JJ00
CR30  ,3.6,2023JJ00
CR31  ,7.8,2013JJ00
CR31  ,7.2,2014JJ00
CR31  ,7.8,2015JJ00
CR31  ,6.8,2016JJ00
CR31  ,5.6,2017JJ00
CR31  ,4.8,2018JJ00
CR31  ,4.3,2019JJ00
CR31  ,4.6,2020JJ00
CR31  ,4.3,2021JJ00
CR31  ,3.5,2022JJ00
CR31  ,3.2,2023JJ00
CR32  ,7.2,2013JJ00
CR32  ,6.7,2014JJ00
CR32  ,7.0,2015JJ00
CR32  ,6.1,2016JJ00
CR32  ,5.4,2017JJ00
CR32  ,4.5,2018JJ00
CR32  ,4.0,2019JJ00
CR32  ,4.4,2020JJ00
CR32  ,4.0,2021JJ00
CR32  ,3.3,2022JJ00
CR32  ,3.0,2023JJ00
CR33  ,8.0,2013JJ00
CR33  ,8.4,2014JJ00
CR33  ,8.2,2015JJ00
CR33  ,7.4,2016JJ00
CR33  ,6.0,2017JJ00
CR33  ,5.0,2018JJ00
CR33  ,4.4,2019JJ00
CR33  ,4.9,2020JJ00
CR33  ,3.7,2021JJ00
CR33  ,3.6,2022JJ00
CR33  ,3.7,2023JJ00
CR34  ,8.2,2013JJ00
CR34  ,8.6,2014JJ00
CR34  ,8.4,2015JJ00
CR34  ,7.3,2016JJ00
CR34  ,5.9,2017JJ00
CR34  ,4.8,2018JJ00
CR34  ,4.5,2019JJ00
CR34  ,4.7,2020JJ00
CR34  ,3.5,2021JJ00
CR34  ,3.6,2022JJ00
CR34  ,3.6,2023JJ00
CR35  ,7.5,2013JJ00
CR35  ,8.1,2014JJ00
CR35  ,7.7,2015JJ00
CR35  ,6.7,2016JJ00
CR35  ,5.6,2017JJ00
CR35  ,4.7,2018JJ00
CR35  ,4.2,2019JJ00
CR35  ,4.4,2020JJ00
CR35  ,3.3,2021JJ00
CR35  ,3.3,2022JJ00
CR35  ,3.3,2023JJ00
CR36  ,8.3,2013JJ00
CR36  ,8.9,2014JJ00
CR36  ,8.4,2015JJ00
CR36  ,7.3,2016JJ00
CR36  ,5.9,2017JJ00
CR36  ,5.1,2018JJ00
CR36  ,4.5,2019JJ00
CR36  ,4.9,2020JJ00
CR36  ,3.9,2021JJ00
CR36  ,3.6,2022JJ00
CR36  ,3.7,2023JJ00
CR37  ,8.0,2013JJ00
CR37  ,8.5,2014JJ00
CR37  ,7.9,2015JJ00
CR37  ,6.7,2016JJ00
CR37  ,5.9,2017JJ00
CR37  ,4.6,2018JJ00
CR37  ,4.0,2019JJ00
CR37  ,4.7,2020JJ00
CR37  ,3.8,2021JJ00
CR37  ,3.5,2022JJ00
CR37  ,3.5,2023JJ00
CR38  ,7.7,2013JJ00
CR38  ,7.7,2014JJ00
CR38  ,7.5,2015JJ00
CR38  ,6.6,2016JJ00
CR38  ,5.9,2017JJ00
CR38  ,4.8,2018JJ00
CR38  ,4.1,2019JJ00
CR38  ,4.7,2020JJ00
CR38  ,3.8,2021JJ00
CR38  ,3.6,2022JJ00
CR38  ,3.5,2023JJ00
CR39  ,8.6,2013JJ00
CR39  ,8.7,2014JJ00
CR39  ,8.5,2015JJ00
CR39  ,7.4,2016JJ00
CR39  ,6.5,2017JJ00
CR39  ,5.2,2018JJ00
CR39  ,4.7,2019JJ00
CR39  ,5.2,2020JJ00
CR39  ,4.1,2021JJ00
CR39  ,3.9,2022JJ00
CR39  ,3.9,2023JJ00
CR40  ,10.6,2013JJ00
CR40  ,11.2,2014JJ00
CR40  ,9.6,2015JJ00
CR40  ,8.9,2016JJ00
CR40  ,7.2,2017JJ00
CR40  ,5.8,2018JJ00
CR40  ,4.9,2019JJ00
CR40  ,5.4,2020JJ00
CR40  ,5.4,2021JJ00
CR40  ,4.1,2022JJ00
CR40  ,4.1,2023JJ00
GM1680,7.3,2013JJ00
GM1680,7.8,2014JJ00
GM1680,7.3,2015JJ00
GM1680,7.0,2016JJ00
GM1680,6.1,2017JJ00
GM1680,4.3,2018JJ00
GM1680,3.8,2019JJ00
GM1680,4.2,2020JJ00
GM1680,2.8,2021JJ00
GM1680,3.2,2022JJ00
GM1680,2.8,2023JJ00
GM0358,7.2,2013JJ00
GM0358,7.1,2014JJ00
GM0358,6.8,2015JJ00
GM0358,6.4,2016JJ00
GM0358,5.2,2017JJ00
GM0358,4.1,2018JJ00
GM0358,3.7,2019JJ00
GM0358,4.5,2020JJ00
GM0358,4.3,2021JJ00
GM0358,3.4,2022JJ00
GM0358,3.4,2023JJ00
GM0197,6.5,2013JJ00
GM0197,7.3,2014JJ00
GM0197,6.8,2015JJ00
GM0197,6.2,2016JJ00
GM0197,5.5,2017JJ00
GM0197,4.2,2018JJ00
GM0197,3.7,2019JJ00
GM0197,3.9,2020JJ00
GM0197,3.4,2021JJ00
GM0197,3.0,2022JJ00
GM0197,2.9,2023JJ00
GM0059,8.5,2013JJ00
GM0059,9.9,2014JJ00
GM0059,8.5,2015JJ00
GM0059,7.2,2016JJ00
GM0059,6.1,2017JJ00
GM0059,5.1,2018JJ00
GM0059,4.3,2019JJ00
GM0059,4.8,2020JJ00
GM0059,3.8,2021JJ00
GM0059,3.3,2022JJ00
GM0059,3.3,2023JJ00
GM0482,6.9,2013JJ00
GM0482,7.5,2014JJ00
GM0482,7.0,2015JJ00
GM0482,6.5,2016JJ00
GM0482,5.9,2017JJ00
GM0482,4.6,2018JJ00
GM0482,4.1,2019JJ00
GM0482,4.7,2020JJ00
GM0482,4.0,2021JJ00
GM0482,3.4,2022JJ00
GM0482,3.3,2023JJ00
GM0613,7.6,2013JJ00
GM0613,8.0,2014JJ00
GM0613,7.4,2015JJ00
GM0613,6.4,2016JJ00
GM0613,5.7,2017JJ00
GM0613,4.2,2018JJ00
GM0613,4.1,2019JJ00
GM0613,4.6,2020JJ00
GM0613,4.1,2021JJ00
GM0613,3.3,2022JJ00
GM0613,3.4,2023JJ00
GM0361,8.4,2013JJ00
GM0361,8.5,2014JJ00
GM0361,7.6,2015JJ00
GM0361,6.7,2016JJ00
GM0361,6.3,2017JJ00
GM0361,4.9,2018JJ00
GM0361,4.4,2019JJ00
GM0361,4.8,2020JJ00
GM0361,4.2,2021JJ00
GM0361,3.4,2022JJ00
GM0361,3.6,2023JJ00
GM0141,10.1,2013JJ00
GM0141,11.2,2014JJ00
GM0141,12.0,2015JJ00
GM0141,10.4,2016JJ00
GM0141,8.4,2017JJ00
GM0141,6.3,2018JJ00
GM0141,5.1,2019JJ00
GM0141,5.6,2020JJ00
GM0141,4.9,2021JJ00
GM0141,4.1,2022JJ00
GM0141,4.0,2023JJ00
GM0034,12.2,2013JJ00
GM0034,12.7,2014JJ00
GM0034,10.8,2015JJ00
GM0034,10.0,2016JJ00
GM0034,7.7,2017JJ00
GM0034,6.2,2018JJ00
GM0034,5.2,2019JJ00
GM0034,5.9,2020JJ00
GM0034,6.4,2021JJ00
GM0034,4.5,2022JJ00
GM0034,4.5,2023JJ00
GM0484,7.0,2013JJ00
GM0484,7.2,2014JJ00
GM0484,6.7,2015JJ00
GM0484,6.9,2016JJ00
GM0484,5.4,2017JJ00
GM0484,4.2,2018JJ00
GM0484,4.0,2019JJ00
GM0484,5.0,2020JJ00
GM0484,3.8,2021JJ00
GM0484,3.5,2022JJ00
GM0484,3.2,2023JJ00
GM1723,6.6,2013JJ00
GM1723,6.4,2014JJ00
GM1723,6.6,2015JJ00
GM1723,6.1,2016JJ00
GM1723,5.4,2017JJ00
GM1723,4.2,2018JJ00
GM1723,3.7,2019JJ00
GM1723,3.9,2020JJ00
GM1723,3.2,2021JJ00
GM1723,2.8,2022JJ00
GM1723,2.9,2023JJ00
GM1959,6.9,2013JJ00
GM1959,7.2,2014JJ00
GM1959,7.2,2015JJ00
GM1959,6.4,2016JJ00
GM1959,5.4,2017JJ00
GM1959,4.3,2018JJ00
GM1959,3.7,2019JJ00
GM1959,3.9,2020JJ00
GM1959,2.9,2021JJ00
GM1959,2.9,2022JJ00
GM1959,2.9,2023JJ00
GM0060,7.3,2013JJ00
GM0060,7.1,2014JJ00
GM0060,7.1,2015JJ00
GM0060,6.8,2016JJ00
GM0060,5.5,2017JJ00
GM0060,4.2,2018JJ00
GM0060,3.7,2019JJ00
GM0060,4.7,2020JJ00
GM0060,3.9,2021JJ00
GM0060,3.2,2022JJ00
GM0060,3.2,2023JJ00
GM0307,7.5,2013JJ00
GM0307,8.2,2014JJ00
GM0307,8.3,2015JJ00
GM0307,6.6,2016JJ00
GM0307,6.1,2017JJ00
GM0307,4.9,2018JJ00
GM0307,4.3,2019JJ00
GM0307,4.8,2020JJ00
GM0307,4.6,2021JJ00
GM0307,3.8,2022JJ00
GM0307,3.5,2023JJ00
GM0362,8.7,2013JJ00
GM0362,8.5,2014JJ00
GM0362,7.9,2015JJ00
GM0362,7.6,2016JJ00
GM0362,6.1,2017JJ00
GM0362,5.4,2018JJ00
GM0362,4.6,2019JJ00
GM0362,5.6,2020JJ00
GM0362,6.2,2021JJ00
GM0362,4.5,2022JJ00
GM0362,4.6,2023JJ00
GM0363,9.8,2013JJ00
GM0363,9.8,2014JJ00
GM0363,8.8,2015JJ00
GM0363,7.9,2016JJ00
GM0363,6.7,2017JJ00
GM0363,5.7,2018JJ00
GM0363,5.0,2019JJ00
GM0363,6.4,2020JJ00
GM0363,7.2,2021JJ00
GM0363,5.0,2022JJ00
GM0363,5.0,2023JJ00
GM0200,7.4,2013JJ00
GM0200,8.6,2014JJ00
GM0200,8.2,2015JJ00
GM0200,7.6,2016JJ00
GM0200,6.2,2017JJ00
GM0200,5.0,2018JJ00
GM0200,4.3,2019JJ00
GM0200,4.9,2020JJ00
GM0200,4.0,2021JJ00
GM0200,3.8,2022JJ00
GM0200,3.4,2023JJ00
GM0202,9.1,2013JJ00
GM0202,11.0,2014JJ00
GM0202,10.4,2015JJ00
GM0202,8.4,2016JJ00
GM0202,7.8,2017JJ00
GM0202,5.7,2018JJ00
GM0202,5.6,2019JJ00
GM0202,5.9,2020JJ00
GM0202,6.1,2021JJ00
GM0202,4.4,2022JJ00
GM0202,3.9,2023JJ00
GM0106,8.1,2013JJ00
GM0106,8.5,2014JJ00
GM0106,8.7,2015JJ00
GM0106,8.1,2016JJ00
GM0106,6.6,2017JJ00
GM0106,5.3,2018JJ00
GM0106,4.1,2019JJ00
GM0106,4.8,2020JJ00
GM0106,3.4,2021JJ00
GM0106,3.7,2022JJ00
GM0106,3.7,2023JJ00
GM0743,6.8,2013JJ00
GM0743,7.2,2014JJ00
GM0743,7.1,2015JJ00
GM0743,6.4,2016JJ00
GM0743,5.4,2017JJ00
GM0743,4.4,2018JJ00
GM0743,4.0,2019JJ00
GM0743,4.5,2020JJ00
GM0743,3.4,2021JJ00
GM0743,3.2,2022JJ00
GM0743,3.2,2023JJ00
GM0744,8.0,2013JJ00
GM0744,8.1,2014JJ00
GM0744,8.0,2015JJ00
GM0744,6.8,2016JJ00
GM0744,5.9,2017JJ00
GM0744,4.7,2018JJ00
GM0744,4.2,2019JJ00
GM0744,4.3,2020JJ00
GM0744,3.7,2021JJ00
GM0744,3.1,2022JJ00
GM0744,3.2,2023JJ00
GM0308,7.7,2013JJ00
GM0308,7.7,2014JJ00
GM0308,8.0,2015JJ00
GM0308,6.8,2016JJ00
GM0308,5.7,2017JJ00
GM0308,4.6,2018JJ00
GM0308,4.2,2019JJ00
GM0308,4.6,2020JJ00
GM0308,3.7,2021JJ00
GM0308,3.4,2022JJ00
GM0308,3.3,2023JJ00
GM0489,7.6,2013JJ00
GM0489,7.9,2014JJ00
GM0489,7.4,2015JJ00
GM0489,6.9,2016JJ00
GM0489,6.3,2017JJ00
GM0489,5.0,2018JJ00
GM0489,4.0,2019JJ00
GM0489,4.9,2020JJ00
GM0489,4.1,2021JJ00
GM0489,3.8,2022JJ00
GM0489,3.4,2023JJ00
GM0203,6.5,2013JJ00
GM0203,7.3,2014JJ00
GM0203,6.5,2015JJ00
GM0203,5.8,2016JJ00
GM0203,5.2,2017JJ00
GM0203,4.0,2018JJ00
GM0203,3.6,2019JJ00
GM0203,4.0,2020JJ00
GM0203,3.5,2021JJ00
GM0203,3.3,2022JJ00
GM0203,3.0,2023JJ00
GM0888,7.5,2013JJ00
GM0888,7.5,2014JJ00
GM0888,7.5,2015JJ00
GM0888,6.7,2016JJ00
GM0888,5.5,2017JJ00
GM0888,4.9,2018JJ00
GM0888,4.4,2019JJ00
GM0888,4.5,2020JJ00
GM0888,3.7,2021JJ00
GM0888,3.4,2022JJ00
GM0888,3.3,2023JJ00
GM1954,7.6,2013JJ00
GM1954,7.7,2014JJ00
GM1954,7.2,2015JJ00
GM1954,6.5,2016JJ00
GM1954,5.8,2017JJ00
GM1954,4.7,2018JJ00
GM1954,4.0,2019JJ00
GM1954,4.4,2020JJ00
GM1954,3.3,2021JJ00
GM1954,3.1,2022JJ00
GM1954,3.1,2023JJ00
GM0889,8.1,2013JJ00
GM0889,8.3,2014JJ00
GM0889,8.3,2015JJ00
GM0889,7.6,2016JJ00
GM0889,6.1,2017JJ00
GM0889,4.7,2018JJ00
GM0889,4.1,2019JJ00
GM0889,4.6,2020JJ00
GM0889,3.8,2021JJ00
GM0889,3.3,2022JJ00
GM0889,3.3,2023JJ00
GM1945,7.5,2013JJ00
GM1945,7.9,2014JJ00
GM1945,7.4,2015JJ00
GM1945,6.6,2016JJ00
GM1945,6.1,2017JJ00
GM1945,4.8,2018JJ00
GM1945,4.2,2019JJ00
GM1945,4.4,2020JJ00
GM1945,3.6,2021JJ00
GM1945,3.2,2022JJ00
GM1945,3.0,2023JJ00
GM1724,6.9,2013JJ00
GM1724,7.3,2014JJ00
GM1724,7.2,2015JJ00
GM1724,6.2,2016JJ00
GM1724,5.0,2017JJ00
GM1724,4.1,2018JJ00
GM1724,3.6,2019JJ00
GM1724,4.4,2020JJ00
GM1724,3.1,2021JJ00
GM1724,3.1,2022JJ00
GM1724,2.9,2023JJ00
GM0893,7.9,2013JJ00
GM0893,8.0,2014JJ00
GM0893,7.6,2015JJ00
GM0893,6.7,2016JJ00
GM0893,6.1,2017JJ00
GM0893,4.6,2018JJ00
GM0893,4.0,2019JJ00
GM0893,4.3,2020JJ00
GM0893,3.6,2021JJ00
GM0893,3.5,2022JJ00
GM0893,3.3,2023JJ00
GM0373,7.3,2013JJ00
GM0373,7.5,2014JJ00
GM0373,6.8,2015JJ00
GM0373,6.1,2016JJ00
GM0373,5.5,2017JJ00
GM0373,5.0,2018JJ00
GM0373,4.0,2019JJ00
GM0373,4.3,2020JJ00
GM0373,3.4,2021JJ00
GM0373,3.2,2022JJ00
GM0373,3.2,2023JJ00
GM0748,8.0,2013JJ00
GM0748,8.7,2014JJ00
GM0748,8.9,2015JJ00
GM0748,8.7,2016JJ00
GM0748,7.0,2017JJ00
GM0748,5.4,2018JJ00
GM0748,5.0,2019JJ00
GM0748,5.4,2020JJ00
GM0748,4.4,2021JJ00
GM0748,4.0,2022JJ00
GM0748,3.9,2023JJ00
GM1859,7.2,2013JJ00
GM1859,7.6,2014JJ00
GM1859,7.3,2015JJ00
GM1859,6.4,2016JJ00
GM1859,5.6,2017JJ00
GM1859,4.4,2018JJ00
GM1859,3.8,2019JJ00
GM1859,4.2,2020JJ00
GM1859,3.3,2021JJ00
GM1859,2.9,2022JJ00
GM1859,2.9,2023JJ00
GM1721,7.1,2013JJ00
GM1721,7.1,2014JJ00
GM1721,6.9,2015JJ00
GM1721,6.1,2016JJ00
GM1721,5.3,2017JJ00
GM1721,4.5,2018JJ00
GM1721,3.9,2019JJ00
GM1721,4.2,2020JJ00
GM1721,3.2,2021JJ00
GM1721,3.0,2022JJ00
GM1721,2.9,2023JJ00
GM0753,7.7,2013JJ00
GM0753,8.2,2014JJ00
GM0753,7.3,2015JJ00
GM0753,6.7,2016JJ00
GM0753,5.5,2017JJ00
GM0753,4.7,2018JJ00
GM0753,3.9,2019JJ00
GM0753,4.4,2020JJ00
GM0753,3.9,2021JJ00
GM0753,3.6,2022JJ00
GM0753,3.2,2023JJ00
GM0209,7.2,2013JJ00
GM0209,7.3,2014JJ00
GM0209,7.2,2015JJ00
GM0209,6.2,2016JJ00
GM0209,5.7,2017JJ00
GM0209,4.5,2018JJ00
GM0209,3.9,2019JJ00
GM0209,4.2,2020JJ00
GM0209,3.5,2021JJ00
GM0209,3.2,2022JJ00
GM0209,3.2,2023JJ00
GM0375,8.0,2013JJ00
GM0375,8.6,2014JJ00
GM0375,8.1,2015JJ00
GM0375,7.3,2016JJ00
GM0375,6.1,2017JJ00
GM0375,5.0,2018JJ00
GM0375,4.4,2019JJ00
GM0375,4.8,2020JJ00
GM0375,4.4,2021JJ00
GM0375,3.9,2022JJ00
GM0375,3.7,2023JJ00
GM0310,7.0,2013JJ00
GM0310,7.0,2014JJ00
GM0310,6.7,2015JJ00
GM0310,5.9,2016JJ00
GM0310,5.9,2017JJ00
GM0310,4.7,2018JJ00
GM0310,3.9,2019JJ00
GM0310,4.6,2020JJ00
GM0310,3.9,2021JJ00
GM0310,3.7,2022JJ00
GM0310,3.5,2023JJ00
GM1728,6.4,2013JJ00
GM1728,6.7,2014JJ00
GM1728,6.3,2015JJ00
GM1728,5.8,2016JJ00
GM1728,4.8,2017JJ00
GM1728,4.1,2018JJ00
GM1728,3.7,2019JJ00
GM1728,4.0,2020JJ00
GM1728,3.2,2021JJ00
GM1728,3.0,2022JJ00
GM1728,3.1,2023JJ00
GM0376,7.9,2013JJ00
GM0376,8.1,2014JJ00
GM0376,7.9,2015JJ00
GM0376,7.0,2016JJ00
GM0376,6.4,2017JJ00
GM0376,4.8,2018JJ00
GM0376,4.1,2019JJ00
GM0376,4.6,2020JJ00
GM0376,3.7,2021JJ00
GM0376,3.3,2022JJ00
GM0376,3.4,2023JJ00
GM0377,7.3,2013JJ00
GM0377,7.4,2014JJ00
GM0377,7.0,2015JJ00
GM0377,6.5,2016JJ00
GM0377,5.8,2017JJ00
GM0377,4.9,2018JJ00
GM0377,4.0,2019JJ00
GM0377,4.4,2020JJ00
GM0377,4.2,2021JJ00
GM0377,3.4,2022JJ00
GM0377,3.4,2023JJ00
GM1901,7.0,2013JJ00
GM1901,7.0,2014JJ00
GM1901,6.7,2015JJ00
GM1901,5.9,2016JJ00
GM1901,5.3,2017JJ00
GM1901,4.3,2018JJ00
GM1901,3.7,2019JJ00
GM1901,4.3,2020JJ00
GM1901,3.3,2021JJ00
GM1901,3.1,2022JJ00
GM1901,3.0,2023JJ00
GM0755,7.1,2013JJ00
GM0755,6.9,2014JJ00
GM0755,6.6,2015JJ00
GM0755,5.9,2016JJ00
GM0755,5.1,2017JJ00
GM0755,4.2,2018JJ00
GM0755,3.7,2019JJ00
GM0755,4.0,2020JJ00
GM0755,3.3,2021JJ00
GM0755,3.0,2022JJ00
GM0755,2.9,2023JJ00
GM1681,7.8,2013JJ00
GM1681,8.0,2014JJ00
GM1681,7.9,2015JJ00
GM1681,7.1,2016JJ00
GM1681,6.5,2017JJ00
GM1681,5.0,2018JJ00
GM1681,4.0,2019JJ00
GM1681,4.5,2020JJ00
GM1681,3.3,2021JJ00
GM1681,3.2,2022JJ00
GM1681,3.2,2023JJ00
GM0147,7.1,2013JJ00
GM0147,7.7,2014JJ00
GM0147,7.6,2015JJ00
GM0147,6.9,2016JJ00
GM0147,5.8,2017JJ00
GM0147,4.7,2018JJ00
GM0147,3.8,2019JJ00
GM0147,4.2,2020JJ00
GM0147,3.4,2021JJ00
GM0147,3.2,2022JJ00
GM0147,2.9,2023JJ00
GM0654,6.5,2013JJ00
GM0654,6.2,2014JJ00
GM0654,6.5,2015JJ00
GM0654,5.6,2016JJ00
GM0654,4.9,2017JJ00
GM0654,3.9,2018JJ00
GM0654,3.5,2019JJ00
GM0654,3.8,2020JJ00
GM0654,3.3,2021JJ00
GM0654,2.9,2022JJ00
GM0654,2.9,2023JJ00
GM0757,7.5,2013JJ00
GM0757,7.8,2014JJ00
GM0757,7.8,2015JJ00
GM0757,7.4,2016JJ00
GM0757,5.8,2017JJ00
GM0757,4.6,2018JJ00
GM0757,4.2,2019JJ00
GM0757,4.6,2020JJ00
GM0757,3.4,2021JJ00
GM0757,3.3,2022JJ00
GM0757,3.3,2023JJ00
GM0758,8.6,2013JJ00
GM0758,8.5,2014JJ00
GM0758,8.5,2015JJ00
GM0758,7.4,2016JJ00
GM0758,5.6,2017JJ00
GM0758,5.1,2018JJ00
GM0758,4.5,2019JJ00
GM0758,5.1,2020JJ00
GM0758,3.6,2021JJ00
GM0758,3.8,2022JJ00
GM0758,4.1,2023JJ00
GM1876,7.4,2013JJ00
GM1876,7.4,2014JJ00
GM1876,7.0,2015JJ00
GM1876,6.1,2016JJ00
GM1876,5.6,2017JJ00
GM1876,4.3,2018JJ00
GM1876,3.8,2019JJ00
GM1876,4.2,2020JJ00
GM1876,3.2,2021JJ00
GM1876,3.1,2022JJ00
GM1876,2.9,2023JJ00
GM0213,7.3,2013JJ00
GM0213,7.9,2014JJ00
GM0213,7.4,2015JJ00
GM0213,6.8,2016JJ00
GM0213,6.0,2017JJ00
GM0213,5.0,2018JJ00
GM0213,4.2,2019JJ00
GM0213,4.4,2020JJ00
GM0213,3.4,2021JJ00
GM0213,3.2,2022JJ00
GM0213,3.1,2023JJ00
GM0899,8.8,2013JJ00
GM0899,8.5,2014JJ00
GM0899,8.4,2015JJ00
GM0899,7.3,2016JJ00
GM0899,6.9,2017JJ00
GM0899,5.5,2018JJ00
GM0899,4.8,2019JJ00
GM0899,5.2,2020JJ00
GM0899,4.0,2021JJ00
GM0899,3.7,2022JJ00
GM0899,3.7,2023JJ00
GM0312,6.1,2013JJ00
GM0312,6.2,2014JJ00
GM0312,6.1,2015JJ00
GM0312,6.1,2016JJ00
GM0312,4.9,2017JJ00
GM0312,4.0,2018JJ00
GM0312,3.6,2019JJ00
GM0312,4.0,2020JJ00
GM0312,3.3,2021JJ00
GM0312,3.1,2022JJ00
GM0312,3.0,2023JJ00
GM0313,6.7,2013JJ00
GM0313,6.8,2014JJ00
GM0313,6.6,2015JJ00
GM0313,5.8,2016JJ00
GM0313,4.8,2017JJ00
GM0313,3.9,2018JJ00
GM0313,3.5,2019JJ00
GM0313,3.8,2020JJ00
GM0313,3.2,2021JJ00
GM0313,2.9,2022JJ00
GM0313,2.9,2023JJ00
GM0214,7.0,2013JJ00
GM0214,7.9,2014JJ00
GM0214,7.1,2015JJ00
GM0214,6.7,2016JJ00
GM0214,5.8,2017JJ00
GM0214,4.5,2018JJ00
GM0214,3.8,2019JJ00
GM0214,4.0,2020JJ00
GM0214,3.4,2021JJ00
GM0214,3.0,2022JJ00
GM0214,2.9,2023JJ00
GM0502,9.4,2013JJ00
GM0502,10.3,2014JJ00
GM0502,10.4,2015JJ00
GM0502,9.1,2016JJ00
GM0502,8.0,2017JJ00
GM0502,5.7,2018JJ00
GM0502,5.3,2019JJ00
GM0502,5.8,2020JJ00
GM0502,5.3,2021JJ00
GM0502,4.4,2022JJ00
GM0502,4.3,2023JJ00
GM0383,6.5,2013JJ00
GM0383,6.7,2014JJ00
GM0383,6.3,2015JJ00
GM0383,5.5,2016JJ00
GM0383,5.3,2017JJ00
GM0383,4.2,2018JJ00
GM0383,3.7,2019JJ00
GM0383,4.1,2020JJ00
GM0383,3.6,2021JJ00
GM0383,3.0,2022JJ00
GM0383,3.0,2023JJ00
GM0109,7.8,2013JJ00
GM0109,8.8,2014JJ00
GM0109,8.9,2015JJ00
GM0109,7.9,2016JJ00
GM0109,6.9,2017JJ00
GM0109,5.1,2018JJ00
GM0109,4.2,2019JJ00
GM0109,4.8,2020JJ00
GM0109,3.7,2021JJ00
GM0109,3.3,2022JJ00
GM0109,3.3,2023JJ00
GM1706,7.6,2013JJ00
GM1706,8.2,2014JJ00
GM1706,7.7,2015JJ00
GM1706,6.7,2016JJ00
GM1706,5.7,2017JJ00
GM1706,4.6,2018JJ00
GM1706,4.0,2019JJ00
GM1706,4.4,2020JJ00
GM1706,3.7,2021JJ00
GM1706,3.2,2022JJ00
GM1706,3.3,2023JJ00
GM0216,8.3,2013JJ00
GM0216,9.0,2014JJ00
GM0216,8.5,2015JJ00
GM0216,7.6,2016JJ00
GM0216,6.3,2017JJ00
GM0216,4.8,2018JJ00
GM0216,4.2,2019JJ00
GM0216,4.8,2020JJ00
GM0216,4.0,2021JJ00
GM0216,3.6,2022JJ00
GM0216,3.3,2023JJ00
GM0148,6.0,2013JJ00
GM0148,6.0,2014JJ00
GM0148,6.0,2015JJ00
GM0148,5.8,2016JJ00
GM0148,4.9,2017JJ00
GM0148,4.4,2018JJ00
GM0148,3.4,2019JJ00
GM0148,3.8,2020JJ00
GM0148,3.2,2021JJ00
GM0148,2.8,2022JJ00
GM0148,2.8,2023JJ00
GM1891,8.4,2013JJ00
GM1891,8.6,2014JJ00
GM1891,8.2,2015JJ00
GM1891,7.4,2016JJ00
GM1891,6.6,2017JJ00
GM1891,5.2,2018JJ00
GM1891,4.2,2019JJ00
GM1891,4.7,2020JJ00
GM1891,3.6,2021JJ00
GM1891,3.5,2022JJ00
GM1891,3.2,2023JJ00
GM0503,8.9,2013JJ00
GM0503,9.7,2014JJ00
GM0503,8.9,2015JJ00
GM0503,8.4,2016JJ00
GM0503,7.3,2017JJ00
GM0503,5.8,2018JJ00
GM0503,5.0,2019JJ00
GM0503,6.1,2020JJ00
GM0503,5.5,2021JJ00
GM0503,4.9,2022JJ00
GM0503,4.6,2023JJ00
GM0762,7.6,2013JJ00
GM0762,8.5,2014JJ00
GM0762,7.7,2015JJ00
GM0762,6.8,2016JJ00
GM0762,5.2,2017JJ00
GM0762,4.7,2018JJ00
GM0762,4.1,2019JJ00
GM0762,4.4,2020JJ00
GM0762,3.5,2021JJ00
GM0762,3.3,2022JJ00
GM0762,3.1,2023JJ00
GM0150,8.6,2013JJ00
GM0150,9.0,2014JJ00
GM0150,8.5,2015JJ00
GM0150,8.7,2016JJ00
GM0150,7.2,2017JJ00
GM0150,6.0,2018JJ00
GM0150,4.7,2019JJ00
GM0150,5.2,2020JJ00
GM0150,3.9,2021JJ00
GM0150,3.8,2022JJ00
GM0150,3.8,2023JJ00
GM0384,9.4,2013JJ00
GM0384,9.1,2014JJ00
GM0384,8.8,2015JJ00
GM0384,8.1,2016JJ00
GM0384,7.1,2017JJ00
GM0384,5.9,2018JJ00
GM0384,5.0,2019JJ00
GM0384,6.3,2020JJ00
GM0384,5.7,2021JJ00
GM0384,4.7,2022JJ00
GM0384,4.6,2023JJ00
GM1980,7.7,2013JJ00
GM1980,7.8,2014JJ00
GM1980,7.2,2015JJ00
GM1980,6.5,2016JJ00
GM1980,5.7,2017JJ00
GM1980,4.7,2018JJ00
GM1980,4.0,2019JJ00
GM1980,4.5,2020JJ00
GM1980,4.1,2021JJ00
GM1980,3.2,2022JJ00
GM1980,3.6,2023JJ00
GM1774,6.3,2013JJ00
GM1774,6.3,2014JJ00
GM1774,6.4,2015JJ00
GM1774,5.9,2016JJ00
GM1774,5.0,2017JJ00
GM1774,4.0,2018JJ00
GM1774,3.6,2019JJ00
GM1774,3.9,2020JJ00
GM1774,3.2,2021JJ00
GM1774,2.8,2022JJ00
GM1774,2.8,2023JJ00
GM0221,8.8,2013JJ00
GM0221,9.3,2014JJ00
GM0221,9.5,2015JJ00
GM0221,8.5,2016JJ00
GM0221,7.3,2017JJ00
GM0221,6.0,2018JJ00
GM0221,4.8,2019JJ00
GM0221,5.2,2020JJ00
GM0221,4.4,2021JJ00
GM0221,3.7,2022JJ00
GM0221,3.7,2023JJ00
GM0222,7.6,2013JJ00
GM0222,8.6,2014JJ00
GM0222,8.5,2015JJ00
GM0222,7.4,2016JJ00
GM0222,6.4,2017JJ00
GM0222,4.9,2018JJ00
GM0222,4.2,2019JJ00
GM0222,4.5,2020JJ00
GM0222,4.5,2021JJ00
GM0222,3.4,2022JJ00
GM0222,3.2,2023JJ00
GM0766,7.2,2013JJ00
GM0766,7.5,2014JJ00
GM0766,7.8,2015JJ00
GM0766,7.0,2016JJ00
GM0766,5.6,2017JJ00
GM0766,4.7,2018JJ00
GM0766,3.9,2019JJ00
GM0766,4.2,2020JJ00
GM0766,3.3,2021JJ00
GM0766,3.2,2022JJ00
GM0766,3.1,2023JJ00
GM0505,9.6,2013JJ00
GM0505,10.3,2014JJ00
GM0505,9.5,2015JJ00
GM0505,8.7,2016JJ00
GM0505,7.1,2017JJ00
GM0505,5.5,2018JJ00
GM0505,5.0,2019JJ00
GM0505,6.0,2020JJ00
GM0505,4.7,2021JJ00
GM0505,4.1,2022JJ00
GM0505,4.1,2023JJ00
GM0498,6.9,2013JJ00
GM0498,7.2,2014JJ00
GM0498,6.8,2015JJ00
GM0498,6.0,2016JJ00
GM0498,5.4,2017JJ00
GM0498,4.3,2018JJ00
GM0498,3.8,2019JJ00
GM0498,4.1,2020JJ00
GM0498,3.3,2021JJ00
GM0498,3.0,2022JJ00
GM0498,3.1,2023JJ00
GM1719,6.9,2013JJ00
GM1719,7.2,2014JJ00
GM1719,7.2,2015JJ00
GM1719,6.3,2016JJ00
GM1719,5.3,2017JJ00
GM1719,4.3,2018JJ00
GM1719,3.8,2019JJ00
GM1719,4.1,2020JJ00
GM1719,3.1,2021JJ00
GM1719,3.0,2022JJ00
GM1719,2.9,2023JJ00
GM0303,8.3,2013JJ00
GM0303,8.0,2014JJ00
GM0303,7.4,2015JJ00
GM0303,7.6,2016JJ00
GM0303,6.1,2017JJ00
GM0303,4.8,2018JJ00
GM0303,4.4,2019JJ00
GM0303,4.5,2020JJ00
GM0303,3.9,2021JJ00
GM0303,3.4,2022JJ00
GM0303,3.5,2023JJ00
GM0225,6.9,2013JJ00
GM0225,7.4,2014JJ00
GM0225,7.1,2015JJ00
GM0225,6.9,2016JJ00
GM0225,5.5,2017JJ00
GM0225,4.4,2018JJ00
GM0225,4.1,2019JJ00
GM0225,4.3,2020JJ00
GM0225,4.0,2021JJ00
GM0225,3.1,2022JJ00
GM0225,3.0,2023JJ00
GM0226,7.8,2013JJ00
GM0226,8.0,2014JJ00
GM0226,7.9,2015JJ00
GM0226,7.2,2016JJ00
GM0226,5.9,2017JJ00
GM0226,5.0,2018JJ00
GM0226,4.1,2019JJ00
GM0226,4.8,2020JJ00
GM0226,4.1,2021JJ00
GM0226,3.5,2022JJ00
GM0226,3.2,2023JJ00
GM1711,7.8,2013JJ00
GM1711,7.9,2014JJ00
GM1711,7.6,2015JJ00
GM1711,6.5,2016JJ00
GM1711,5.7,2017JJ00
GM1711,4.8,2018JJ00
GM1711,4.1,2019JJ00
GM1711,4.7,2020JJ00
GM1711,3.6,2021JJ00
GM1711,3.8,2022JJ00
GM1711,3.4,2023JJ00
GM0385,6.5,2013JJ00
GM0385,6.7,2014JJ00
GM0385,6.2,2015JJ00
GM0385,5.5,2016JJ00
GM0385,4.9,2017JJ00
GM0385,4.1,2018JJ00
GM0385,3.3,2019JJ00
GM0385,3.9,2020JJ00
GM0385,3.4,2021JJ00
GM0385,3.0,2022JJ00
GM0385,2.8,2023JJ00
GM0228,7.4,2013JJ00
GM0228,8.1,2014JJ00
GM0228,7.6,2015JJ00
GM0228,7.3,2016JJ00
GM0228,6.0,2017JJ00
GM0228,4.8,2018JJ00
GM0228,4.1,2019JJ00
GM0228,4.6,2020JJ00
GM0228,4.2,2021JJ00
GM0228,3.1,2022JJ00
GM0228,3.1,2023JJ00
GM0317,7.2,2013JJ00
GM0317,7.6,2014JJ00
GM0317,6.9,2015JJ00
GM0317,6.6,2016JJ00
GM0317,5.4,2017JJ00
GM0317,4.6,2018JJ00
GM0317,4.0,2019JJ00
GM0317,4.4,2020JJ00
GM0317,3.6,2021JJ00
GM0317,3.2,2022JJ00
GM0317,3.1,2023JJ00
GM1979,9.6,2013JJ00
GM1979,9.1,2014JJ00
GM1979,9.3,2015JJ00
GM1979,8.2,2016JJ00
GM1979,7.1,2017JJ00
GM1979,5.8,2018JJ00
GM1979,4.8,2019JJ00
GM1979,5.0,2020JJ00
GM1979,3.9,2021JJ00
GM1979,3.6,2022JJ00
GM1979,3.5,2023JJ00
GM0770,6.6,2013JJ00
GM0770,6.7,2014JJ00
GM0770,6.5,2015JJ00
GM0770,5.9,2016JJ00
GM0770,4.8,2017JJ00
GM0770,4.2,2018JJ00
GM0770,3.5,2019JJ00
GM0770,3.9,2020JJ00
GM0770,3.2,2021JJ00
GM0770,3.0,2022JJ00
GM0770,3.0,2023JJ00
GM1903,6.8,2013JJ00
GM1903,6.8,2014JJ00
GM1903,6.8,2015JJ00
GM1903,5.9,2016JJ00
GM1903,5.0,2017JJ00
GM1903,4.0,2018JJ00
GM1903,3.5,2019JJ00
GM1903,4.2,2020JJ00
GM1903,2.9,2021JJ00
GM1903,3.0,2022JJ00
GM1903,3.0,2023JJ00
GM0772,9.7,2013JJ00
GM0772,10.7,2014JJ00
GM0772,10.0,2015JJ00
GM0772,8.6,2016JJ00
GM0772,6.6,2017JJ00
GM0772,6.1,2018JJ00
GM0772,5.5,2019JJ00
GM0772,5.5,2020JJ00
GM0772,4.3,2021JJ00
GM0772,4.2,2022JJ00
GM0772,4.6,2023JJ00
GM0230,6.6,2013JJ00
GM0230,6.5,2014JJ00
GM0230,6.6,2015JJ00
GM0230,6.5,2016JJ00
GM0230,5.7,2017JJ00
GM0230,4.8,2018JJ00
GM0230,4.0,2019JJ00
GM0230,4.2,2020JJ00
GM0230,3.3,2021JJ00
GM0230,3.0,2022JJ00
GM0230,2.9,2023JJ00
GM0114,9.6,2013JJ00
GM0114,9.4,2014JJ00
GM0114,9.3,2015JJ00
GM0114,10.3,2016JJ00
GM0114,8.3,2017JJ00
GM0114,6.3,2018JJ00
GM0114,5.0,2019JJ00
GM0114,6.1,2020JJ00
GM0114,3.3,2021JJ00
GM0114,3.8,2022JJ00
GM0114,3.8,2023JJ00
GM0388,7.9,2013JJ00
GM0388,8.0,2014JJ00
GM0388,7.8,2015JJ00
GM0388,7.5,2016JJ00
GM0388,6.3,2017JJ00
GM0388,5.0,2018JJ00
GM0388,4.4,2019JJ00
GM0388,4.6,2020JJ00
GM0388,4.0,2021JJ00
GM0388,3.4,2022JJ00
GM0388,3.3,2023JJ00
GM0153,11.3,2013JJ00
GM0153,10.6,2014JJ00
GM0153,9.9,2015JJ00
GM0153,10.8,2016JJ00
GM0153,9.2,2017JJ00
GM0153,6.6,2018JJ00
GM0153,5.6,2019JJ00
GM0153,6.0,2020JJ00
GM0153,5.0,2021JJ00
GM0153,4.6,2022JJ00
GM0153,4.5,2023JJ00
GM0232,7.0,2013JJ00
GM0232,7.7,2014JJ00
GM0232,7.5,2015JJ00
GM0232,6.9,2016JJ00
GM0232,5.7,2017JJ00
GM0232,4.6,2018JJ00
GM0232,4.1,2019JJ00
GM0232,4.3,2020JJ00
GM0232,3.7,2021JJ00
GM0232,3.3,2022JJ00
GM0232,2.9,2023JJ00
GM0233,6.8,2013JJ00
GM0233,6.9,2014JJ00
GM0233,6.9,2015JJ00
GM0233,6.3,2016JJ00
GM0233,5.6,2017JJ00
GM0233,4.5,2018JJ00
GM0233,3.9,2019JJ00
GM0233,4.3,2020JJ00
GM0233,3.7,2021JJ00
GM0233,3.1,2022JJ00
GM0233,3.0,2023JJ00
GM0777,8.1,2013JJ00
GM0777,8.2,2014JJ00
GM0777,7.5,2015JJ00
GM0777,6.8,2016JJ00
GM0777,6.0,2017JJ00
GM0777,5.2,2018JJ00
GM0777,4.5,2019JJ00
GM0777,4.7,2020JJ00
GM0777,3.7,2021JJ00
GM0777,3.4,2022JJ00
GM0777,3.5,2023JJ00
GM1940,7.5,2013JJ00
GM1940,8.1,2014JJ00
GM1940,7.5,2015JJ00
GM1940,6.7,2016JJ00
GM1940,6.1,2017JJ00
GM1940,5.0,2018JJ00
GM1940,4.1,2019JJ00
GM1940,4.6,2020JJ00
GM1940,4.7,2021JJ00
GM1940,3.2,2022JJ00
GM1940,3.2,2023JJ00
GM0779,7.3,2013JJ00
GM0779,7.2,2014JJ00
GM0779,7.4,2015JJ00
GM0779,6.9,2016JJ00
GM0779,5.5,2017JJ00
GM0779,4.4,2018JJ00
GM0779,3.8,2019JJ00
GM0779,4.2,2020JJ00
GM0779,3.3,2021JJ00
GM0779,3.0,2022JJ00
GM0779,3.0,2023JJ00
GM1771,7.6,2013JJ00
GM1771,8.3,2014JJ00
GM1771,8.3,2015JJ00
GM1771,7.6,2016JJ00
GM1771,5.8,2017JJ00
GM1771,4.9,2018JJ00
GM1771,4.6,2019JJ00
GM1771,4.7,2020JJ00
GM1771,3.9,2021JJ00
GM1771,3.6,2022JJ00
GM1771,3.5,2023JJ00
GM1652,7.0,2013JJ00
GM1652,7.5,2014JJ00
GM1652,7.0,2015JJ00
GM1652,6.4,2016JJ00
GM1652,5.4,2017JJ00
GM1652,4.7,2018JJ00
GM1652,4.0,2019JJ00
GM1652,4.3,2020JJ00
GM1652,3.5,2021JJ00
GM1652,3.1,2022JJ00
GM1652,3.2,2023JJ00
GM0907,7.7,2013JJ00
GM0907,8.2,2014JJ00
GM0907,7.6,2015JJ00
GM0907,6.5,2016JJ00
GM0907,6.0,2017JJ00
GM0907,4.5,2018JJ00
GM0907,4.0,2019JJ00
GM0907,4.4,2020JJ00
GM0907,3.4,2021JJ00
GM0907,3.1,2022JJ00
GM0907,3.3,2023JJ00
GM0784,7.5,2013JJ00
GM0784,7.7,2014JJ00
GM0784,7.7,2015JJ00
GM0784,7.0,2016JJ00
GM0784,5.6,2017JJ00
GM0784,4.7,2018JJ00
GM0784,4.2,2019JJ00
GM0784,4.3,2020JJ00
GM0784,3.5,2021JJ00
GM0784,3.1,2022JJ00
GM0784,3.0,2023JJ00
GM1924,6.6,2013JJ00
GM1924,6.9,2014JJ00
GM1924,6.5,2015JJ00
GM1924,5.5,2016JJ00
GM1924,5.5,2017JJ00
GM1924,4.2,2018JJ00
GM1924,3.6,2019JJ00
GM1924,4.1,2020JJ00
GM1924,3.0,2021JJ00
GM1924,3.0,2022JJ00
GM1924,2.8,2023JJ00
GM0664,7.3,2013JJ00
GM0664,6.7,2014JJ00
GM0664,7.3,2015JJ00
GM0664,6.3,2016JJ00
GM0664,5.1,2017JJ00
GM0664,4.2,2018JJ00
GM0664,3.9,2019JJ00
GM0664,4.4,2020JJ00
GM0664,4.1,2021JJ00
GM0664,3.2,2022JJ00
GM0664,2.9,2023JJ00
GM0785,6.8,2013JJ00
GM0785,7.1,2014JJ00
GM0785,7.2,2015JJ00
GM0785,6.6,2016JJ00
GM0785,5.3,2017JJ00
GM0785,4.4,2018JJ00
GM0785,3.8,2019JJ00
GM0785,4.2,2020JJ00
GM0785,3.3,2021JJ00
GM0785,3.1,2022JJ00
GM0785,3.0,2023JJ00
GM1942,7.6,2013JJ00
GM1942,8.2,2014JJ00
GM1942,7.6,2015JJ00
GM1942,6.5,2016JJ00
GM1942,5.8,2017JJ00
GM1942,4.7,2018JJ00
GM1942,4.1,2019JJ00
GM1942,4.8,2020JJ00
GM1942,3.8,2021JJ00
GM1942,3.5,2022JJ00
GM1942,3.3,2023JJ00
GM0512,8.2,2013JJ00
GM0512,9.0,2014JJ00
GM0512,8.3,2015JJ00
GM0512,7.4,2016JJ00
GM0512,6.3,2017JJ00
GM0512,5.2,2018JJ00
GM0512,4.5,2019JJ00
GM0512,4.9,2020JJ00
GM0512,4.8,2021JJ00
GM0512,3.7,2022JJ00
GM0512,3.6,2023JJ00
GM0513,8.7,2013JJ00
GM0513,8.8,2014JJ00
GM0513,9.3,2015JJ00
GM0513,8.0,2016JJ00
GM0513,6.5,2017JJ00
GM0513,5.1,2018JJ00
GM0513,4.9,2019JJ00
GM0513,5.1,2020JJ00
GM0513,4.9,2021JJ00
GM0513,3.8,2022JJ00
GM0513,3.6,2023JJ00
GM0518,10.8,2013JJ00
GM0518,12.3,2014JJ00
GM0518,11.3,2015JJ00
GM0518,10.7,2016JJ00
GM0518,8.8,2017JJ00
GM0518,6.4,2018JJ00
GM0518,6.3,2019JJ00
GM0518,7.1,2020JJ00
GM0518,6.5,2021JJ00
GM0518,5.2,2022JJ00
GM0518,5.1,2023JJ00
GM0014,9.2,2013JJ00
GM0014,9.3,2014JJ00
GM0014,9.4,2015JJ00
GM0014,8.8,2016JJ00
GM0014,8.1,2017JJ00
GM0014,7.2,2018JJ00
GM0014,6.1,2019JJ00
GM0014,6.5,2020JJ00
GM0014,5.3,2021JJ00
GM0014,4.9,2022JJ00
GM0014,4.6,2023JJ00
GM1729,7.1,2013JJ00
GM1729,7.6,2014JJ00
GM1729,7.5,2015JJ00
GM1729,6.7,2016JJ00
GM1729,5.5,2017JJ00
GM1729,4.7,2018JJ00
GM1729,4.0,2019JJ00
GM1729,4.3,2020JJ00
GM1729,3.4,2021JJ00
GM1729,3.1,2022JJ00
GM1729,3.2,2023JJ00
GM0158,7.2,2013JJ00
GM0158,7.1,2014JJ00
GM0158,6.5,2015JJ00
GM0158,7.6,2016JJ00
GM0158,6.1,2017JJ00
GM0158,4.8,2018JJ00
GM0158,3.9,2019JJ00
GM0158,4.1,2020JJ00
GM0158,3.3,2021JJ00
GM0158,3.0,2022JJ00
GM0158,3.1,2023JJ00
GM0392,7.9,2013JJ00
GM0392,7.6,2014JJ00
GM0392,7.9,2015JJ00
GM0392,6.6,2016JJ00
GM0392,6.1,2017JJ00
GM0392,4.5,2018JJ00
GM0392,4.1,2019JJ00
GM0392,5.1,2020JJ00
GM0392,4.7,2021JJ00
GM0392,3.8,2022JJ00
GM0392,3.9,2023JJ00
GM0394,8.0,2013JJ00
GM0394,8.6,2014JJ00
GM0394,8.1,2015JJ00
GM0394,7.0,2016JJ00
GM0394,5.6,2017JJ00
GM0394,4.4,2018JJ00
GM0394,4.1,2019JJ00
GM0394,5.3,2020JJ00
GM0394,5.0,2021JJ00
GM0394,3.9,2022JJ00
GM0394,4.0,2023JJ00
GM1655,7.9,2013JJ00
GM1655,8.7,2014JJ00
GM1655,8.0,2015JJ00
GM1655,7.3,2016JJ00
GM1655,6.1,2017JJ00
GM1655,4.6,2018JJ00
GM1655,4.1,2019JJ00
GM1655,4.6,2020JJ00
GM1655,3.7,2021JJ00
GM1655,3.5,2022JJ00
GM1655,3.3,2023JJ00
GM0160,7.4,2013JJ00
GM0160,7.0,2014JJ00
GM0160,7.0,2015JJ00
GM0160,7.0,2016JJ00
GM0160,6.1,2017JJ00
GM0160,4.5,2018JJ00
GM0160,3.8,2019JJ00
GM0160,4.5,2020JJ00
GM0160,3.4,2021JJ00
GM0160,2.9,2022JJ00
GM0160,2.9,2023JJ00
GM0243,7.3,2013JJ00
GM0243,8.0,2014JJ00
GM0243,7.4,2015JJ00
GM0243,6.7,2016JJ00
GM0243,6.2,2017JJ00
GM0243,4.6,2018JJ00
GM0243,4.2,2019JJ00
GM0243,4.5,2020JJ00
GM0243,4.1,2021JJ00
GM0243,3.5,2022JJ00
GM0243,3.2,2023JJ00
GM0523,6.4,2013JJ00
GM0523,6.4,2014JJ00
GM0523,6.3,2015JJ00
GM0523,5.6,2016JJ00
GM0523,5.1,2017JJ00
GM0523,4.1,2018JJ00
GM0523,3.5,2019JJ00
GM0523,3.9,2020JJ00
GM0523,3.2,2021JJ00
GM0523,3.0,2022JJ00
GM0523,3.0,2023JJ00
GM0072,9.2,2013JJ00
GM0072,9.4,2014JJ00
GM0072,9.5,2015JJ00
GM0072,8.5,2016JJ00
GM0072,7.2,2017JJ00
GM0072,5.6,2018JJ00
GM0072,4.6,2019JJ00
GM0072,5.2,2020JJ00
GM0072,4.3,2021JJ00
GM0072,3.6,2022JJ00
GM0072,3.5,2023JJ00
GM0244,6.9,2013JJ00
GM0244,6.8,2014JJ00
GM0244,6.7,2015JJ00
GM0244,6.3,2016JJ00
GM0244,5.4,2017JJ00
GM0244,4.5,2018JJ00
GM0244,3.9,2019JJ00
GM0244,4.0,2020JJ00
GM0244,3.5,2021JJ00
GM0244,3.0,2022JJ00
GM0244,2.9,2023JJ00
GM0396,7.3,2013JJ00
GM0396,8.2,2014JJ00
GM0396,8.1,2015JJ00
GM0396,7.3,2016JJ00
GM0396,6.0,2017JJ00
GM0396,4.7,2018JJ00
GM0396,4.1,2019JJ00
GM0396,4.8,2020JJ00
GM0396,4.2,2021JJ00
GM0396,3.7,2022JJ00
GM0396,3.6,2023JJ00
GM0397,7.2,2013JJ00
GM0397,7.4,2014JJ00
GM0397,7.3,2015JJ00
GM0397,6.5,2016JJ00
GM0397,5.8,2017JJ00
GM0397,4.4,2018JJ00
GM0397,3.7,2019JJ00
GM0397,4.5,2020JJ00
GM0397,3.5,2021JJ00
GM0397,3.3,2022JJ00
GM0397,3.5,2023JJ00
GM0246,6.7,2013JJ00
GM0246,7.0,2014JJ00
GM0246,7.2,2015JJ00
GM0246,6.3,2016JJ00
GM0246,5.3,2017JJ00
GM0246,3.9,2018JJ00
GM0246,3.6,2019JJ00
GM0246,4.0,2020JJ00
GM0246,3.2,2021JJ00
GM0246,3.0,2022JJ00
GM0246,2.8,2023JJ00
GM0074,8.8,2013JJ00
GM0074,9.6,2014JJ00
GM0074,8.3,2015JJ00
GM0074,7.0,2016JJ00
GM0074,6.7,2017JJ00
GM0074,5.0,2018JJ00
GM0074,4.4,2019JJ00
GM0074,5.2,2020JJ00
GM0074,4.2,2021JJ00
GM0074,3.7,2022JJ00
GM0074,3.5,2023JJ00
GM0917,9.7,2013JJ00
GM0917,10.2,2014JJ00
GM0917,10.1,2015JJ00
GM0917,8.0,2016JJ00
GM0917,7.4,2017JJ00
GM0917,6.3,2018JJ00
GM0917,5.5,2019JJ00
GM0917,5.6,2020JJ00
GM0917,4.1,2021JJ00
GM0917,3.9,2022JJ00
GM0917,4.0,2023JJ00
GM1658,6.6,2013JJ00
GM1658,7.4,2014JJ00
GM1658,6.9,2015JJ00
GM1658,6.2,2016JJ00
GM1658,5.2,2017JJ00
GM1658,4.2,2018JJ00
GM1658,3.9,2019JJ00
GM1658,4.1,2020JJ00
GM1658,3.0,2021JJ00
GM1658,3.0,2022JJ00
GM1658,2.9,2023JJ00
GM0399,7.2,2013JJ00
GM0399,7.2,2014JJ00
GM0399,6.5,2015JJ00
GM0399,5.9,2016JJ00
GM0399,5.6,2017JJ00
GM0399,4.2,2018JJ00
GM0399,4.0,2019JJ00
GM0399,4.1,2020JJ00
GM0399,3.5,2021JJ00
GM0399,3.2,2022JJ00
GM0399,3.1,2023JJ00
GM0400,9.0,2013JJ00
GM0400,9.5,2014JJ00
GM0400,9.1,2015JJ00
GM0400,7.5,2016JJ00
GM0400,6.9,2017JJ00
GM0400,5.3,2018JJ00
GM0400,4.7,2019JJ00
GM0400,4.9,2020JJ00
GM0400,4.3,2021JJ00
GM0400,3.8,2022JJ00
GM0400,3.7,2023JJ00
GM0163,7.0,2013JJ00
GM0163,7.3,2014JJ00
GM0163,7.1,2015JJ00
GM0163,7.2,2016JJ00
GM0163,5.8,2017JJ00
GM0163,4.5,2018JJ00
GM0163,3.7,2019JJ00
GM0163,3.9,2020JJ00
GM0163,2.9,2021JJ00
GM0163,2.8,2022JJ00
GM0163,2.8,2023JJ00
GM0794,10.0,2013JJ00
GM0794,10.8,2014JJ00
GM0794,9.7,2015JJ00
GM0794,7.9,2016JJ00
GM0794,6.7,2017JJ00
GM0794,5.9,2018JJ00
GM0794,4.9,2019JJ00
GM0794,6.1,2020JJ00
GM0794,4.3,2021JJ00
GM0794,4.0,2022JJ00
GM0794,3.9,2023JJ00
GM0531,6.9,2013JJ00
GM0531,6.9,2014JJ00
GM0531,6.7,2015JJ00
GM0531,6.0,2016JJ00
GM0531,5.1,2017JJ00
GM0531,4.4,2018JJ00
GM0531,3.7,2019JJ00
GM0531,4.3,2020JJ00
GM0531,3.5,2021JJ00
GM0531,3.2,2022JJ00
GM0531,3.0,2023JJ00
GM0164,8.8,2013JJ00
GM0164,9.0,2014JJ00
GM0164,9.3,2015JJ00
GM0164,8.9,2016JJ00
GM0164,6.9,2017JJ00
GM0164,5.2,2018JJ00
GM0164,4.8,2019JJ00
GM0164,5.3,2020JJ00
GM0164,4.1,2021JJ00
GM0164,3.5,2022JJ00
GM0164,3.8,2023JJ00
GM0796,8.0,2013JJ00
GM0796,9.0,2014JJ00
GM0796,8.4,2015JJ00
GM0796,6.6,2016JJ00
GM0796,5.7,2017JJ00
GM0796,5.0,2018JJ00
GM0796,4.6,2019JJ00
GM0796,4.9,2020JJ00
GM0796,3.0,2021JJ00
GM0796,3.5,2022JJ00
GM0796,3.7,2023JJ00
GM0252,6.9,2013JJ00
GM0252,7.4,2014JJ00
GM0252,6.7,2015JJ00
GM0252,6.0,2016JJ00
GM0252,5.3,2017JJ00
GM0252,4.2,2018JJ00
GM0252,3.9,2019JJ00
GM0252,4.3,2020JJ00
GM0252,3.8,2021JJ00
GM0252,3.3,2022JJ00
GM0252,3.1,2023JJ00
GM0797,7.1,2013JJ00
GM0797,7.8,2014JJ00
GM0797,8.1,2015JJ00
GM0797,6.8,2016JJ00
GM0797,5.7,2017JJ00
GM0797,4.5,2018JJ00
GM0797,4.1,2019JJ00
GM0797,4.3,2020JJ00
GM0797,3.4,2021JJ00
GM0797,3.4,2022JJ00
GM0797,3.1,2023JJ00
GM0534,7.5,2013JJ00
GM0534,8.2,2014JJ00
GM0534,7.5,2015JJ00
GM0534,6.5,2016JJ00
GM0534,5.6,2017JJ00
GM0534,4.2,2018JJ00
GM0534,3.8,2019JJ00
GM0534,4.6,2020JJ00
GM0534,3.8,2021JJ00
GM0534,3.2,2022JJ00
GM0534,3.3,2023JJ00
GM0798,6.8,2013JJ00
GM0798,6.6,2014JJ00
GM0798,6.2,2015JJ00
GM0798,5.8,2016JJ00
GM0798,4.9,2017JJ00
GM0798,4.1,2018JJ00
GM0798,3.3,2019JJ00
GM0798,3.8,2020JJ00
GM0798,3.0,2021JJ00
GM0798,2.8,2022JJ00
GM0798,2.8,2023JJ00
GM0402,7.9,2013JJ00
GM0402,8.6,2014JJ00
GM0402,7.9,2015JJ00
GM0402,6.9,2016JJ00
GM0402,5.9,2017JJ00
GM0402,5.2,2018JJ00
GM0402,4.4,2019JJ00
GM0402,5.4,2020JJ00
GM0402,4.7,2021JJ00
GM0402,3.8,2022JJ00
GM0402,3.9,2023JJ00
GM1963,6.8,2013JJ00
GM1963,7.0,2014JJ00
GM1963,6.9,2015JJ00
GM1963,6.2,2016JJ00
GM1963,5.2,2017JJ00
GM1963,4.2,2018JJ00
GM1963,3.8,2019JJ00
GM1963,4.4,2020JJ00
GM1963,3.9,2021JJ00
GM1963,3.0,2022JJ00
GM1963,2.9,2023JJ00
GM1735,7.3,2013JJ00
GM1735,7.3,2014JJ00
GM1735,7.1,2015JJ00
GM1735,6.3,2016JJ00
GM1735,5.9,2017JJ00
GM1735,4.7,2018JJ00
GM1735,4.0,2019JJ00
GM1735,4.0,2020JJ00
GM1735,3.2,2021JJ00
GM1735,2.9,2022JJ00
GM1735,3.0,2023JJ00
GM1966,7.7,2013JJ00
GM1966,7.8,2014JJ00
GM1966,8.1,2015JJ00
GM1966,7.2,2016JJ00
GM1966,6.3,2017JJ00
GM1966,5.2,2018JJ00
GM1966,4.7,2019JJ00
GM1966,4.6,2020JJ00
GM1966,3.2,2021JJ00
GM1966,3.3,2022JJ00
GM1966,3.3,2023JJ00
GM1911,6.5,2013JJ00
GM1911,7.7,2014JJ00
GM1911,7.0,2015JJ00
GM1911,7.0,2016JJ00
GM1911,5.5,2017JJ00
GM1911,4.1,2018JJ00
GM1911,3.7,2019JJ00
GM1911,4.4,2020JJ00
GM1911,3.9,2021JJ00
GM1911,3.4,2022JJ00
GM1911,3.1,2023JJ00
GM0118,8.7,2013JJ00
GM0118,9.1,2014JJ00
GM0118,8.2,2015JJ00
GM0118,7.6,2016JJ00
GM0118,6.3,2017JJ00
GM0118,5.1,2018JJ00
GM0118,3.9,2019JJ00
GM0118,4.8,2020JJ00
GM0118,3.4,2021JJ00
GM0118,3.4,2022JJ00
GM0118,3.4,2023JJ00
GM0405,8.1,2013JJ00
GM0405,9.6,2014JJ00
GM0405,8.5,2015JJ00
GM0405,7.5,2016JJ00
GM0405,6.8,2017JJ00
GM0405,5.3,2018JJ00
GM0405,4.6,2019JJ00
GM0405,5.1,2020JJ00
GM0405,4.6,2021JJ00
GM0405,3.8,2022JJ00
GM0405,3.8,2023JJ00
GM1507,6.9,2013JJ00
GM1507,7.5,2014JJ00
GM1507,7.0,2015JJ00
GM1507,5.5,2016JJ00
GM1507,5.1,2017JJ00
GM1507,3.8,2018JJ00
GM1507,3.7,2019JJ00
GM1507,4.4,2020JJ00
GM1507,3.3,2021JJ00
GM1507,3.1,2022JJ00
GM1507,3.1,2023JJ00
GM0321,6.4,2013JJ00
GM0321,6.0,2014JJ00
GM0321,6.7,2015JJ00
GM0321,6.2,2016JJ00
GM0321,5.1,2017JJ00
GM0321,4.3,2018JJ00
GM0321,4.0,2019JJ00
GM0321,4.3,2020JJ00
GM0321,3.8,2021JJ00
GM0321,3.2,2022JJ00
GM0321,3.0,2023JJ00
GM0406,8.3,2013JJ00
GM0406,8.2,2014JJ00
GM0406,7.9,2015JJ00
GM0406,7.2,2016JJ00
GM0406,6.1,2017JJ00
GM0406,4.8,2018JJ00
GM0406,4.1,2019JJ00
GM0406,4.8,2020JJ00
GM0406,4.1,2021JJ00
GM0406,3.4,2022JJ00
GM0406,3.4,2023JJ00
GM0677,8.0,2013JJ00
GM0677,7.2,2014JJ00
GM0677,7.4,2015JJ00
GM0677,6.4,2016JJ00
GM0677,5.6,2017JJ00
GM0677,4.8,2018JJ00
GM0677,4.4,2019JJ00
GM0677,4.6,2020JJ00
GM0677,4.0,2021JJ00
GM0677,3.3,2022JJ00
GM0677,3.2,2023JJ00
GM0353,7.4,2013JJ00
GM0353,8.0,2014JJ00
GM0353,7.6,2015JJ00
GM0353,6.5,2016JJ00
GM0353,5.8,2017JJ00
GM0353,4.7,2018JJ00
GM0353,4.0,2019JJ00
GM0353,4.7,2020JJ00
GM0353,3.9,2021JJ00
GM0353,3.4,2022JJ00
GM0353,3.3,2023JJ00
GM1884,6.3,2013JJ00
GM1884,6.4,2014JJ00
GM1884,6.0,2015JJ00
GM1884,6.3,2016JJ00
GM1884,5.3,2017JJ00
GM1884,3.8,2018JJ00
GM1884,3.5,2019JJ00
GM1884,4.0,2020JJ00
GM1884,3.6,2021JJ00
GM1884,2.9,2022JJ00
GM1884,3.0,2023JJ00
GM0166,7.6,2013JJ00
GM0166,7.7,2014JJ00
GM0166,7.3,2015JJ00
GM0166,6.8,2016JJ00
GM0166,5.5,2017JJ00
GM0166,4.5,2018JJ00
GM0166,4.0,2019JJ00
GM0166,4.5,2020JJ00
GM0166,3.6,2021JJ00
GM0166,3.1,2022JJ00
GM0166,3.1,2023JJ00
GM0678,6.5,2013JJ00
GM0678,6.2,2014JJ00
GM0678,6.3,2015JJ00
GM0678,5.6,2016JJ00
GM0678,4.4,2017JJ00
GM0678,4.0,2018JJ00
GM0678,3.4,2019JJ00
GM0678,3.7,2020JJ00
GM0678,3.1,2021JJ00
GM0678,2.8,2022JJ00
GM0678,2.6,2023JJ00
GM0537,6.3,2013JJ00
GM0537,6.2,2014JJ00
GM0537,6.0,2015JJ00
GM0537,5.9,2016JJ00
GM0537,5.1,2017JJ00
GM0537,3.9,2018JJ00
GM0537,3.5,2019JJ00
GM0537,4.1,2020JJ00
GM0537,3.3,2021JJ00
GM0537,3.1,2022JJ00
GM0537,3.0,2023JJ00
GM0928,10.0,2013JJ00
GM0928,10.2,2014JJ00
GM0928,9.5,2015JJ00
GM0928,8.8,2016JJ00
GM0928,7.0,2017JJ00
GM0928,6.1,2018JJ00
GM0928,5.1,2019JJ00
GM0928,5.8,2020JJ00
GM0928,4.4,2021JJ00
GM0928,4.2,2022JJ00
GM0928,4.2,2023JJ00
GM1598,6.4,2013JJ00
GM1598,6.8,2014JJ00
GM1598,6.0,2015JJ00
GM1598,5.7,2016JJ00
GM1598,5.0,2017JJ00
GM1598,4.4,2018JJ00
GM1598,3.6,2019JJ00
GM1598,4.0,2020JJ00
GM1598,3.3,2021JJ00
GM1598,2.9,2022JJ00
GM1598,2.9,2023JJ00
GM0542,8.4,2013JJ00
GM0542,8.5,2014JJ00
GM0542,7.5,2015JJ00
GM0542,7.2,2016JJ00
GM0542,6.2,2017JJ00
GM0542,4.9,2018JJ00
GM0542,4.2,2019JJ00
GM0542,4.7,2020JJ00
GM0542,4.0,2021JJ00
GM0542,3.7,2022JJ00
GM0542,3.5,2023JJ00
GM1931,7.1,2013JJ00
GM1931,7.2,2014JJ00
GM1931,6.8,2015JJ00
GM1931,6.1,2016JJ00
GM1931,5.5,2017JJ00
GM1931,4.2,2018JJ00
GM1931,3.8,2019JJ00
GM1931,4.4,2020JJ00
GM1931,3.6,2021JJ00
GM1931,3.1,2022JJ00
GM1931,3.3,2023JJ00
GM1659,6.7,2013JJ00
GM1659,7.1,2014JJ00
GM1659,7.0,2015JJ00
GM1659,6.4,2016JJ00
GM1659,5.0,2017JJ00
GM1659,4.4,2018JJ00
GM1659,3.9,2019JJ00
GM1659,4.2,2020JJ00
GM1659,3.2,2021JJ00
GM1659,2.9,2022JJ00
GM1659,2.9,2023JJ00
GM1982,7.2,2013JJ00
GM1982,7.7,2014JJ00
GM1982,7.5,2015JJ00
GM1982,6.9,2016JJ00
GM1982,5.6,2017JJ00
GM1982,4.6,2018JJ00
GM1982,4.0,2019JJ00
GM1982,4.3,2020JJ00
GM1982,3.5,2021JJ00
GM1982,3.0,2022JJ00
GM1982,3.0,2023JJ00
GM0882,8.3,2013JJ00
GM0882,8.7,2014JJ00
GM0882,8.8,2015JJ00
GM0882,7.6,2016JJ00
GM0882,6.7,2017JJ00
GM0882,5.5,2018JJ00
GM0882,4.6,2019JJ00
GM0882,5.3,2020JJ00
GM0882,4.0,2021JJ00
GM0882,3.6,2022JJ00
GM0882,3.5,2023JJ00
GM0415,6.9,2013JJ00
GM0415,6.9,2014JJ00
GM0415,7.1,2015JJ00
GM0415,6.3,2016JJ00
GM0415,5.4,2017JJ00
GM0415,4.4,2018JJ00
GM0415,3.9,2019JJ00
GM0415,4.5,2020JJ00
GM0415,3.9,2021JJ00
GM0415,3.4,2022JJ00
GM0415,3.5,2023JJ00
GM1621,7.0,2013JJ00
GM1621,7.0,2014JJ00
GM1621,6.9,2015JJ00
GM1621,6.6,2016JJ00
GM1621,5.3,2017JJ00
GM1621,4.1,2018JJ00
GM1621,3.7,2019JJ00
GM1621,4.2,2020JJ00
GM1621,3.7,2021JJ00
GM1621,3.4,2022JJ00
GM1621,3.2,2023JJ00
GM0417,7.9,2013JJ00
GM0417,8.0,2014JJ00
GM0417,7.8,2015JJ00
GM0417,7.4,2016JJ00
GM0417,6.2,2017JJ00
GM0417,5.0,2018JJ00
GM0417,4.4,2019JJ00
GM0417,4.7,2020JJ00
GM0417,4.2,2021JJ00
GM0417,3.6,2022JJ00
GM0417,3.6,2023JJ00
GM0080,11.3,2013JJ00
GM0080,10.1,2014JJ00
GM0080,9.7,2015JJ00
GM0080,8.1,2016JJ00
GM0080,8.4,2017JJ00
GM0080,7.3,2018JJ00
GM0080,5.9,2019JJ00
GM0080,6.1,2020JJ00
GM0080,5.5,2021JJ00
GM0080,4.6,2022JJ00
GM0080,4.4,2023JJ00
GM0546,8.7,2013JJ00
GM0546,8.3,2014JJ00
GM0546,7.9,2015JJ00
GM0546,7.6,2016JJ00
GM0546,6.6,2017JJ00
GM0546,5.3,2018JJ00
GM0546,5.2,2019JJ00
GM0546,5.7,2020JJ00
GM0546,5.0,2021JJ00
GM0546,4.3,2022JJ00
GM0546,4.5,2023JJ00
GM0547,7.2,2013JJ00
GM0547,7.9,2014JJ00
GM0547,7.2,2015JJ00
GM0547,6.6,2016JJ00
GM0547,5.5,2017JJ00
GM0547,4.3,2018JJ00
GM0547,3.9,2019JJ00
GM0547,4.5,2020JJ00
GM0547,4.1,2021JJ00
GM0547,3.4,2022JJ00
GM0547,3.3,2023JJ00
GM1916,8.7,2013JJ00
GM1916,8.4,2014JJ00
GM1916,8.5,2015JJ00
GM1916,8.1,2016JJ00
GM1916,6.4,2017JJ00
GM1916,5.5,2018JJ00
GM1916,5.2,2019JJ00
GM1916,5.5,2020JJ00
GM1916,4.4,2021JJ00
GM1916,4.2,2022JJ00
GM1916,4.0,2023JJ00
GM0995,10.7,2013JJ00
GM0995,11.7,2014JJ00
GM0995,9.4,2015JJ00
GM0995,8.7,2016JJ00
GM0995,8.4,2017JJ00
GM0995,6.4,2018JJ00
GM0995,5.5,2019JJ00
GM0995,5.8,2020JJ00
GM0995,5.4,2021JJ00
GM0995,4.3,2022JJ00
GM0995,4.2,2023JJ00
GM1640,6.6,2013JJ00
GM1640,6.5,2014JJ00
GM1640,6.9,2015JJ00
GM1640,5.9,2016JJ00
GM1640,5.1,2017JJ00
GM1640,4.1,2018JJ00
GM1640,3.7,2019JJ00
GM1640,3.9,2020JJ00
GM1640,3.3,2021JJ00
GM1640,3.0,2022JJ00
GM1640,3.2,2023JJ00
GM0327,7.1,2013JJ00
GM0327,7.1,2014JJ00
GM0327,7.1,2015JJ00
GM0327,6.2,2016JJ00
GM0327,5.5,2017JJ00
GM0327,4.7,2018JJ00
GM0327,3.8,2019JJ00
GM0327,4.2,2020JJ00
GM0327,3.7,2021JJ00
GM0327,3.3,2022JJ00
GM0327,3.1,2023JJ00
GM1705,7.3,2013JJ00
GM1705,7.2,2014JJ00
GM1705,7.1,2015JJ00
GM1705,6.5,2016JJ00
GM1705,5.5,2017JJ00
GM1705,4.7,2018JJ00
GM1705,3.8,2019JJ00
GM1705,4.1,2020JJ00
GM1705,3.6,2021JJ00
GM1705,3.0,2022JJ00
GM1705,3.0,2023JJ00
GM0553,7.0,2013JJ00
GM0553,7.2,2014JJ00
GM0553,6.6,2015JJ00
GM0553,6.1,2016JJ00
GM0553,5.3,2017JJ00
GM0553,4.1,2018JJ00
GM0553,3.9,2019JJ00
GM0553,4.4,2020JJ00
GM0553,3.5,2021JJ00
GM0553,3.3,2022JJ00
GM0553,3.1,2023JJ00
GM0262,7.0,2013JJ00
GM0262,8.3,2014JJ00
GM0262,7.7,2015JJ00
GM0262,7.1,2016JJ00
GM0262,5.8,2017JJ00
GM0262,4.3,2018JJ00
GM0262,3.6,2019JJ00
GM0262,4.5,2020JJ00
GM0262,4.0,2021JJ00
GM0262,3.2,2022JJ00
GM0262,3.1,2023JJ00
GM0809,7.4,2013JJ00
GM0809,7.6,2014JJ00
GM0809,8.1,2015JJ00
GM0809,6.4,2016JJ00
GM0809,5.5,2017JJ00
GM0809,4.6,2018JJ00
GM0809,3.9,2019JJ00
GM0809,4.2,2020JJ00
GM0809,3.4,2021JJ00
GM0809,3.0,2022JJ00
GM0809,2.9,2023JJ00
GM0331,6.7,2013JJ00
GM0331,6.7,2014JJ00
GM0331,6.5,2015JJ00
GM0331,5.6,2016JJ00
GM0331,5.0,2017JJ00
GM0331,4.1,2018JJ00
GM0331,3.6,2019JJ00
GM0331,4.2,2020JJ00
GM0331,3.6,2021JJ00
GM0331,3.0,2022JJ00
GM0331,2.9,2023JJ00
GM0168,7.7,2013JJ00
GM0168,8.2,2014JJ00
GM0168,8.3,2015JJ00
GM0168,8.0,2016JJ00
GM0168,6.1,2017JJ00
GM0168,5.1,2018JJ00
GM0168,4.1,2019JJ00
GM0168,4.5,2020JJ00
GM0168,3.6,2021JJ00
GM0168,3.2,2022JJ00
GM0168,3.1,2023JJ00
GM0263,7.2,2013JJ00
GM0263,7.2,2014JJ00
GM0263,6.8,2015JJ00
GM0263,6.1,2016JJ00
GM0263,5.2,2017JJ00
GM0263,4.2,2018JJ00
GM0263,3.9,2019JJ00
GM0263,4.3,2020JJ00
GM0263,3.7,2021JJ00
GM0263,3.0,2022JJ00
GM0263,2.9,2023JJ00
GM1641,7.1,2013JJ00
GM1641,7.3,2014JJ00
GM1641,7.0,2015JJ00
GM1641,6.5,2016JJ00
GM1641,5.3,2017JJ00
GM1641,4.2,2018JJ00
GM1641,3.8,2019JJ00
GM1641,4.5,2020JJ00
GM1641,3.6,2021JJ00
GM1641,3.2,2022JJ00
GM1641,3.3,2023JJ00
GM1991,7.5,2013JJ00
GM1991,8.0,2014JJ00
GM1991,7.6,2015JJ00
GM1991,6.6,2016JJ00
GM1991,5.8,2017JJ00
GM1991,4.5,2018JJ00
GM1991,4.1,2019JJ00
GM1991,4.4,2020JJ00
GM1991,3.5,2021JJ00
GM1991,3.3,2022JJ00
GM1991,3.4,2023JJ00
GM0556,8.9,2013JJ00
GM0556,9.7,2014JJ00
GM0556,9.1,2015JJ00
GM0556,8.3,2016JJ00
GM0556,6.9,2017JJ00
GM0556,5.3,2018JJ00
GM0556,4.8,2019JJ00
GM0556,5.4,2020JJ00
GM0556,4.6,2021JJ00
GM0556,4.3,2022JJ00
GM0556,4.0,2023JJ00
GM0935,8.9,2013JJ00
GM0935,9.1,2014JJ00
GM0935,8.8,2015JJ00
GM0935,7.8,2016JJ00
GM0935,7.0,2017JJ00
GM0935,5.0,2018JJ00
GM0935,5.1,2019JJ00
GM0935,6.2,2020JJ00
GM0935,5.2,2021JJ00
GM0935,4.8,2022JJ00
GM0935,4.8,2023JJ00
GM0420,7.4,2013JJ00
GM0420,7.2,2014JJ00
GM0420,6.5,2015JJ00
GM0420,6.2,2016JJ00
GM0420,5.7,2017JJ00
GM0420,4.5,2018JJ00
GM0420,4.1,2019JJ00
GM0420,4.4,2020JJ00
GM0420,3.9,2021JJ00
GM0420,3.4,2022JJ00
GM0420,3.3,2023JJ00
GM0938,7.8,2013JJ00
GM0938,8.1,2014JJ00
GM0938,7.3,2015JJ00
GM0938,6.6,2016JJ00
GM0938,5.9,2017JJ00
GM0938,4.6,2018JJ00
GM0938,3.7,2019JJ00
GM0938,4.3,2020JJ00
GM0938,3.3,2021JJ00
GM0938,3.2,2022JJ00
GM0938,3.1,2023JJ00
GM1948,6.8,2013JJ00
GM1948,7.4,2014JJ00
GM1948,7.0,2015JJ00
GM1948,6.2,2016JJ00
GM1948,5.1,2017JJ00
GM1948,4.3,2018JJ00
GM1948,3.8,2019JJ00
GM1948,4.1,2020JJ00
GM1948,3.0,2021JJ00
GM1948,3.1,2022JJ00
GM1948,3.0,2023JJ00
GM0119,8.1,2013JJ00
GM0119,8.9,2014JJ00
GM0119,8.2,2015JJ00
GM0119,8.1,2016JJ00
GM0119,6.4,2017JJ00
GM0119,5.4,2018JJ00
GM0119,4.0,2019JJ00
GM0119,4.9,2020JJ00
GM0119,3.7,2021JJ00
GM0119,3.7,2022JJ00
GM0119,3.4,2023JJ00
GM0687,7.3,2013JJ00
GM0687,6.4,2014JJ00
GM0687,7.0,2015JJ00
GM0687,5.9,2016JJ00
GM0687,5.4,2017JJ00
GM0687,4.7,2018JJ00
GM0687,4.2,2019JJ00
GM0687,4.7,2020JJ00
GM0687,4.5,2021JJ00
GM0687,3.3,2022JJ00
GM0687,3.2,2023JJ00
GM1842,6.0,2013JJ00
GM1842,6.1,2014JJ00
GM1842,5.9,2015JJ00
GM1842,5.3,2016JJ00
GM1842,4.5,2017JJ00
GM1842,3.7,2018JJ00
GM1842,3.5,2019JJ00
GM1842,3.8,2020JJ00
GM1842,3.1,2021JJ00
GM1842,2.8,2022JJ00
GM1842,2.8,2023JJ00
GM1731,7.0,2013JJ00
GM1731,7.4,2014JJ00
GM1731,7.4,2015JJ00
GM1731,7.3,2016JJ00
GM1731,5.9,2017JJ00
GM1731,4.7,2018JJ00
GM1731,3.8,2019JJ00
GM1731,4.3,2020JJ00
GM1731,3.2,2021JJ00
GM1731,3.1,2022JJ00
GM1731,3.0,2023JJ00
GM1952,8.9,2013JJ00
GM1952,9.6,2014JJ00
GM1952,9.0,2015JJ00
GM1952,8.4,2016JJ00
GM1952,7.1,2017JJ00
GM1952,6.5,2018JJ00
GM1952,5.1,2019JJ00
GM1952,5.9,2020JJ00
GM1952,4.8,2021JJ00
GM1952,3.8,2022JJ00
GM1952,3.5,2023JJ00
GM1709,7.1,2013JJ00
GM1709,7.5,2014JJ00
GM1709,7.3,2015JJ00
GM1709,7.1,2016JJ00
GM1709,5.8,2017JJ00
GM1709,4.8,2018JJ00
GM1709,4.1,2019JJ00
GM1709,4.4,2020JJ00
GM1709,3.5,2021JJ00
GM1709,3.1,2022JJ00
GM1709,3.2,2023JJ00
GM1978,6.4,2013JJ00
GM1978,6.6,2014JJ00
GM1978,6.1,2015JJ00
GM1978,5.5,2016JJ00
GM1978,5.0,2017JJ00
GM1978,4.2,2018JJ00
GM1978,3.6,2019JJ00
GM1978,4.1,2020JJ00
GM1978,3.1,2021JJ00
GM1978,2.9,2022JJ00
GM1978,2.9,2023JJ00
GM1955,7.6,2013JJ00
GM1955,8.2,2014JJ00
GM1955,7.6,2015JJ00
GM1955,6.9,2016JJ00
GM1955,6.0,2017JJ00
GM1955,4.4,2018JJ00
GM1955,3.9,2019JJ00
GM1955,4.3,2020JJ00
GM1955,3.5,2021JJ00
GM1955,3.3,2022JJ00
GM1955,3.1,2023JJ00
GM0335,6.6,2013JJ00
GM0335,6.6,2014JJ00
GM0335,6.4,2015JJ00
GM0335,6.0,2016JJ00
GM0335,4.9,2017JJ00
GM0335,4.0,2018JJ00
GM0335,3.6,2019JJ00
GM0335,4.1,2020JJ00
GM0335,3.7,2021JJ00
GM0335,3.0,2022JJ00
GM0335,2.9,2023JJ00
GM0944,7.0,2013JJ00
GM0944,7.2,2014JJ00
GM0944,7.0,2015JJ00
GM0944,6.6,2016JJ00
GM0944,5.6,2017JJ00
GM0944,4.4,2018JJ00
GM0944,3.9,2019JJ00
GM0944,4.3,2020JJ00
GM0944,3.3,2021JJ00
GM0944,3.1,2022JJ00
GM0944,3.0,2023JJ00
GM1740,7.0,2013JJ00
GM1740,7.5,2014JJ00
GM1740,7.0,2015JJ00
GM1740,6.4,2016JJ00
GM1740,5.5,2017JJ00
GM1740,4.3,2018JJ00
GM1740,3.8,2019JJ00
GM1740,4.3,2020JJ00
GM1740,3.3,2021JJ00
GM1740,3.1,2022JJ00
GM1740,3.0,2023JJ00
GM0946,6.9,2013JJ00
GM0946,7.2,2014JJ00
GM0946,7.1,2015JJ00
GM0946,6.1,2016JJ00
GM0946,5.1,2017JJ00
GM0946,4.1,2018JJ00
GM0946,3.5,2019JJ00
GM0946,3.9,2020JJ00
GM0946,3.3,2021JJ00
GM0946,3.3,2022JJ00
GM0946,3.2,2023JJ00
GM0356,8.5,2013JJ00
GM0356,7.8,2014JJ00
GM0356,8.0,2015JJ00
GM0356,6.9,2016JJ00
GM0356,6.7,2017JJ00
GM0356,5.1,2018JJ00
GM0356,4.4,2019JJ00
GM0356,5.1,2020JJ00
GM0356,4.6,2021JJ00
GM0356,4.2,2022JJ00
GM0356,3.7,2023JJ00
GM0569,6.2,2013JJ00
GM0569,6.7,2014JJ00
GM0569,6.3,2015JJ00
GM0569,6.0,2016JJ00
GM0569,4.8,2017JJ00
GM0569,4.0,2018JJ00
GM0569,3.4,2019JJ00
GM0569,3.9,2020JJ00
GM0569,3.3,2021JJ00
GM0569,3.0,2022JJ00
GM0569,2.9,2023JJ00
GM0267,7.2,2013JJ00
GM0267,7.2,2014JJ00
GM0267,6.5,2015JJ00
GM0267,6.1,2016JJ00
GM0267,5.2,2017JJ00
GM0267,4.1,2018JJ00
GM0267,3.7,2019JJ00
GM0267,4.1,2020JJ00
GM0267,3.7,2021JJ00
GM0267,2.9,2022JJ00
GM0267,2.9,2023JJ00
GM0268,9.0,2013JJ00
GM0268,9.2,2014JJ00
GM0268,9.3,2015JJ00
GM0268,8.4,2016JJ00
GM0268,6.4,2017JJ00
GM0268,5.5,2018JJ00
GM0268,5.0,2019JJ00
GM0268,5.8,2020JJ00
GM0268,5.6,2021JJ00
GM0268,4.4,2022JJ00
GM0268,3.8,2023JJ00
GM1930,9.0,2013JJ00
GM1930,9.8,2014JJ00
GM1930,10.2,2015JJ00
GM1930,8.4,2016JJ00
GM1930,7.0,2017JJ00
GM1930,5.5,2018JJ00
GM1930,5.3,2019JJ00
GM1930,5.6,2020JJ00
GM1930,4.9,2021JJ00
GM1930,3.9,2022JJ00
GM1930,3.9,2023JJ00
GM1970,8.1,2013JJ00
GM1970,8.3,2014JJ00
GM1970,8.2,2015JJ00
GM1970,7.2,2016JJ00
GM1970,6.2,2017JJ00
GM1970,5.1,2018JJ00
GM1970,4.3,2019JJ00
GM1970,4.7,2020JJ00
GM1970,4.1,2021JJ00
GM1970,3.4,2022JJ00
GM1970,3.3,2023JJ00
GM1695,7.4,2013JJ00
GM1695,7.6,2014JJ00
GM1695,7.3,2015JJ00
GM1695,6.4,2016JJ00
GM1695,5.4,2017JJ00
GM1695,4.5,2018JJ00
GM1695,4.0,2019JJ00
GM1695,4.3,2020JJ00
GM1695,3.4,2021JJ00
GM1695,3.2,2022JJ00
GM1695,3.0,2023JJ00
GM1699,7.0,2013JJ00
GM1699,7.5,2014JJ00
GM1699,7.3,2015JJ00
GM1699,7.5,2016JJ00
GM1699,6.2,2017JJ00
GM1699,4.9,2018JJ00
GM1699,4.0,2019JJ00
GM1699,4.4,2020JJ00
GM1699,3.2,2021JJ00
GM1699,3.2,2022JJ00
GM1699,3.1,2023JJ00
GM0171,8.1,2013JJ00
GM0171,9.0,2014JJ00
GM0171,8.5,2015JJ00
GM0171,7.2,2016JJ00
GM0171,5.9,2017JJ00
GM0171,5.1,2018JJ00
GM0171,4.3,2019JJ00
GM0171,4.6,2020JJ00
GM0171,3.9,2021JJ00
GM0171,3.5,2022JJ00
GM0171,3.6,2023JJ00
GM0575,6.6,2013JJ00
GM0575,7.1,2014JJ00
GM0575,6.6,2015JJ00
GM0575,6.2,2016JJ00
GM0575,5.4,2017JJ00
GM0575,4.2,2018JJ00
GM0575,3.8,2019JJ00
GM0575,4.4,2020JJ00
GM0575,3.9,2021JJ00
GM0575,3.2,2022JJ00
GM0575,3.2,2023JJ00
GM0820,7.7,2013JJ00
GM0820,7.7,2014JJ00
GM0820,7.5,2015JJ00
GM0820,6.3,2016JJ00
GM0820,5.6,2017JJ00
GM0820,4.6,2018JJ00
GM0820,4.0,2019JJ00
GM0820,4.5,2020JJ00
GM0820,3.6,2021JJ00
GM0820,3.4,2022JJ00
GM0820,3.1,2023JJ00
GM0302,6.8,2013JJ00
GM0302,7.2,2014JJ00
GM0302,6.5,2015JJ00
GM0302,6.2,2016JJ00
GM0302,5.2,2017JJ00
GM0302,4.0,2018JJ00
GM0302,3.6,2019JJ00
GM0302,3.9,2020JJ00
GM0302,3.4,2021JJ00
GM0302,2.8,2022JJ00
GM0302,2.8,2023JJ00
GM0579,6.8,2013JJ00
GM0579,6.8,2014JJ00
GM0579,6.4,2015JJ00
GM0579,6.1,2016JJ00
GM0579,5.2,2017JJ00
GM0579,4.2,2018JJ00
GM0579,3.8,2019JJ00
GM0579,4.4,2020JJ00
GM0579,4.1,2021JJ00
GM0579,3.3,2022JJ00
GM0579,3.3,2023JJ00
GM0823,6.7,2013JJ00
GM0823,6.8,2014JJ00
GM0823,6.9,2015JJ00
GM0823,6.1,2016JJ00
GM0823,5.0,2017JJ00
GM0823,4.0,2018JJ00
GM0823,3.7,2019JJ00
GM0823,4.2,2020JJ00
GM0823,3.2,2021JJ00
GM0823,2.9,2022JJ00
GM0823,2.8,2023JJ00
GM0824,7.1,2013JJ00
GM0824,7.2,2014JJ00
GM0824,7.4,2015JJ00
GM0824,6.3,2016JJ00
GM0824,5.4,2017JJ00
GM0824,4.5,2018JJ00
GM0824,3.8,2019JJ00
GM0824,4.1,2020JJ00
GM0824,3.5,2021JJ00
GM0824,3.1,2022JJ00
GM0824,3.0,2023JJ00
GM1895,8.9,2013JJ00
GM1895,9.4,2014JJ00
GM1895,9.1,2015JJ00
GM1895,9.0,2016JJ00
GM1895,8.1,2017JJ00
GM1895,7.1,2018JJ00
GM1895,5.4,2019JJ00
GM1895,5.5,2020JJ00
GM1895,4.2,2021JJ00
GM1895,3.5,2022JJ00
GM1895,3.4,2023JJ00
GM0269,6.5,2013JJ00
GM0269,7.1,2014JJ00
GM0269,6.6,2015JJ00
GM0269,6.5,2016JJ00
GM0269,5.5,2017JJ00
GM0269,4.2,2018JJ00
GM0269,3.7,2019JJ00
GM0269,4.0,2020JJ00
GM0269,3.3,2021JJ00
GM0269,2.9,2022JJ00
GM0269,2.8,2023JJ00
GM0173,7.7,2013JJ00
GM0173,7.8,2014JJ00
GM0173,7.8,2015JJ00
GM0173,7.5,2016JJ00
GM0173,6.1,2017JJ00
GM0173,4.7,2018JJ00
GM0173,4.1,2019JJ00
GM0173,4.4,2020JJ00
GM0173,4.0,2021JJ00
GM0173,3.2,2022JJ00
GM0173,3.2,2023JJ00
GM1773,6.9,2013JJ00
GM1773,7.1,2014JJ00
GM1773,6.9,2015JJ00
GM1773,6.0,2016JJ00
GM1773,5.4,2017JJ00
GM1773,4.3,2018JJ00
GM1773,3.9,2019JJ00
GM1773,4.2,2020JJ00
GM1773,3.6,2021JJ00
GM1773,3.1,2022JJ00
GM1773,2.9,2023JJ00
GM0175,7.1,2013JJ00
GM0175,6.9,2014JJ00
GM0175,6.6,2015JJ00
GM0175,6.5,2016JJ00
GM0175,5.9,2017JJ00
GM0175,4.4,2018JJ00
GM0175,3.7,2019JJ00
GM0175,4.5,2020JJ00
GM0175,3.5,2021JJ00
GM0175,3.1,2022JJ00
GM0175,3.1,2023JJ00
GM1586,6.6,2013JJ00
GM1586,7.3,2014JJ00
GM1586,6.4,2015JJ00
GM1586,5.7,2016JJ00
GM1586,5.0,2017JJ00
GM1586,3.9,2018JJ00
GM1586,3.5,2019JJ00
GM1586,3.9,2020JJ00
GM1586,2.9,2021JJ00
GM1586,2.8,2022JJ00
GM1586,2.7,2023JJ00
GM0826,7.9,2013JJ00
GM0826,9.0,2014JJ00
GM0826,9.0,2015JJ00
GM0826,7.8,2016JJ00
GM0826,6.3,2017JJ00
GM0826,5.2,2018JJ00
GM0826,4.6,2019JJ00
GM0826,5.1,2020JJ00
GM0826,3.9,2021JJ00
GM0826,3.6,2022JJ00
GM0826,3.4,2023JJ00
GM0085,8.8,2013JJ00
GM0085,8.6,2014JJ00
GM0085,8.2,2015JJ00
GM0085,7.8,2016JJ00
GM0085,6.7,2017JJ00
GM0085,4.8,2018JJ00
GM0085,4.2,2019JJ00
GM0085,4.8,2020JJ00
GM0085,4.3,2021JJ00
GM0085,3.4,2022JJ00
GM0085,3.4,2023JJ00
GM0431,6.7,2013JJ00
GM0431,7.1,2014JJ00
GM0431,6.8,2015JJ00
GM0431,6.7,2016JJ00
GM0431,5.2,2017JJ00
GM0431,4.4,2018JJ00
GM0431,3.8,2019JJ00
GM0431,4.4,2020JJ00
GM0431,3.7,2021JJ00
GM0431,3.3,2022JJ00
GM0431,3.1,2023JJ00
GM0432,6.8,2013JJ00
GM0432,6.8,2014JJ00
GM0432,6.4,2015JJ00
GM0432,6.1,2016JJ00
GM0432,5.2,2017JJ00
GM0432,4.2,2018JJ00
GM0432,3.7,2019JJ00
GM0432,4.1,2020JJ00
GM0432,3.3,2021JJ00
GM0432,3.0,2022JJ00
GM0432,3.0,2023JJ00
GM0086,8.3,2013JJ00
GM0086,8.6,2014JJ00
GM0086,7.9,2015JJ00
GM0086,6.8,2016JJ00
GM0086,5.9,2017JJ00
GM0086,5.0,2018JJ00
GM0086,3.9,2019JJ00
GM0086,4.5,2020JJ00
GM0086,3.9,2021JJ00
GM0086,3.1,2022JJ00
GM0086,3.2,2023JJ00
GM0828,8.4,2013JJ00
GM0828,9.2,2014JJ00
GM0828,8.4,2015JJ00
GM0828,7.5,2016JJ00
GM0828,5.9,2017JJ00
GM0828,5.5,2018JJ00
GM0828,4.4,2019JJ00
GM0828,4.3,2020JJ00
GM0828,3.5,2021JJ00
GM0828,3.4,2022JJ00
GM0828,3.4,2023JJ00
GM1509,7.2,2013JJ00
GM1509,8.2,2014JJ00
GM1509,8.1,2015JJ00
GM1509,8.8,2016JJ00
GM1509,6.7,2017JJ00
GM1509,4.6,2018JJ00
GM1509,4.1,2019JJ00
GM1509,4.3,2020JJ00
GM1509,3.5,2021JJ00
GM1509,3.2,2022JJ00
GM1509,3.3,2023JJ00
GM0437,7.0,2013JJ00
GM0437,7.8,2014JJ00
GM0437,7.5,2015JJ00
GM0437,7.2,2016JJ00
GM0437,6.1,2017JJ00
GM0437,5.0,2018JJ00
GM0437,4.4,2019JJ00
GM0437,4.9,2020JJ00
GM0437,4.4,2021JJ00
GM0437,3.6,2022JJ00
GM0437,3.8,2023JJ00
GM0589,6.6,2013JJ00
GM0589,6.8,2014JJ00
GM0589,7.0,2015JJ00
GM0589,5.7,2016JJ00
GM0589,5.0,2017JJ00
GM0589,4.3,2018JJ00
GM0589,3.5,2019JJ00
GM0589,4.0,2020JJ00
GM0589,3.2,2021JJ00
GM0589,3.0,2022JJ00
GM0589,2.9,2023JJ00
GM1734,7.2,2013JJ00
GM1734,7.3,2014JJ00
GM1734,7.3,2015JJ00
GM1734,6.5,2016JJ00
GM1734,5.9,2017JJ00
GM1734,4.3,2018JJ00
GM1734,3.7,2019JJ00
GM1734,4.1,2020JJ00
GM1734,3.6,2021JJ00
GM1734,3.0,2022JJ00
GM1734,2.7,2023JJ00
GM0590,7.0,2013JJ00
GM0590,7.2,2014JJ00
GM0590,7.3,2015JJ00
GM0590,6.4,2016JJ00
GM0590,5.6,2017JJ00
GM0590,4.7,2018JJ00
GM0590,4.1,2019JJ00
GM0590,4.6,2020JJ00
GM0590,4.2,2021JJ00
GM0590,3.5,2022JJ00
GM0590,3.5,2023JJ00
GM1894,7.1,2013JJ00
GM1894,7.2,2014JJ00
GM1894,7.2,2015JJ00
GM1894,6.1,2016JJ00
GM1894,5.0,2017JJ00
GM1894,3.8,2018JJ00
GM1894,3.4,2019JJ00
GM1894,4.1,2020JJ00
GM1894,3.1,2021JJ00
GM1894,3.0,2022JJ00
GM1894,3.1,2023JJ00
GM0765,9.1,2013JJ00
GM0765,9.4,2014JJ00
GM0765,9.3,2015JJ00
GM0765,8.1,2016JJ00
GM0765,6.9,2017JJ00
GM0765,5.9,2018JJ00
GM0765,4.9,2019JJ00
GM0765,5.2,2020JJ00
GM0765,3.9,2021JJ00
GM0765,3.5,2022JJ00
GM0765,3.4,2023JJ00
GM1926,6.9,2013JJ00
GM1926,6.9,2014JJ00
GM1926,6.8,2015JJ00
GM1926,6.3,2016JJ00
GM1926,5.2,2017JJ00
GM1926,4.1,2018JJ00
GM1926,3.9,2019JJ00
GM1926,4.3,2020JJ00
GM1926,3.6,2021JJ00
GM1926,3.1,2022JJ00
GM1926,3.2,2023JJ00
GM0439,8.0,2013JJ00
GM0439,8.7,2014JJ00
GM0439,8.0,2015JJ00
GM0439,7.2,2016JJ00
GM0439,6.3,2017JJ00
GM0439,5.2,2018JJ00
GM0439,4.4,2019JJ00
GM0439,5.2,2020JJ00
GM0439,4.9,2021JJ00
GM0439,3.6,2022JJ00
GM0439,3.6,2023JJ00
GM0273,6.7,2013JJ00
GM0273,6.9,2014JJ00
GM0273,6.5,2015JJ00
GM0273,6.7,2016JJ00
GM0273,5.1,2017JJ00
GM0273,4.2,2018JJ00
GM0273,3.6,2019JJ00
GM0273,4.0,2020JJ00
GM0273,3.5,2021JJ00
GM0273,3.1,2022JJ00
GM0273,2.9,2023JJ00
GM0177,7.1,2013JJ00
GM0177,6.6,2014JJ00
GM0177,7.0,2015JJ00
GM0177,6.5,2016JJ00
GM0177,5.2,2017JJ00
GM0177,4.1,2018JJ00
GM0177,3.6,2019JJ00
GM0177,3.7,2020JJ00
GM0177,3.1,2021JJ00
GM0177,2.8,2022JJ00
GM0177,2.9,2023JJ00
GM0703,7.1,2013JJ00
GM0703,7.2,2014JJ00
GM0703,6.9,2015JJ00
GM0703,6.4,2016JJ00
GM0703,5.2,2017JJ00
GM0703,4.5,2018JJ00
GM0703,4.0,2019JJ00
GM0703,4.5,2020JJ00
GM0703,3.8,2021JJ00
GM0703,3.2,2022JJ00
GM0703,3.2,2023JJ00
GM0274,7.4,2013JJ00
GM0274,8.3,2014JJ00
GM0274,7.9,2015JJ00
GM0274,6.5,2016JJ00
GM0274,6.4,2017JJ00
GM0274,4.8,2018JJ00
GM0274,4.3,2019JJ00
GM0274,4.6,2020JJ00
GM0274,3.9,2021JJ00
GM0274,3.3,2022JJ00
GM0274,3.3,2023JJ00
GM0339,6.8,2013JJ00
GM0339,6.6,2014JJ00
GM0339,6.3,2015JJ00
GM0339,5.7,2016JJ00
GM0339,5.2,2017JJ00
GM0339,3.9,2018JJ00
GM0339,3.4,2019JJ00
GM0339,3.9,2020JJ00
GM0339,3.3,2021JJ00
GM0339,2.9,2022JJ00
GM0339,2.8,2023JJ00
GM1667,6.6,2013JJ00
GM1667,6.5,2014JJ00
GM1667,6.0,2015JJ00
GM1667,5.6,2016JJ00
GM1667,4.7,2017JJ00
GM1667,3.8,2018JJ00
GM1667,3.5,2019JJ00
GM1667,3.9,2020JJ00
GM1667,3.1,2021JJ00
GM1667,2.9,2022JJ00
GM1667,3.0,2023JJ00
GM0275,7.7,2013JJ00
GM0275,8.5,2014JJ00
GM0275,8.4,2015JJ00
GM0275,8.4,2016JJ00
GM0275,6.6,2017JJ00
GM0275,5.1,2018JJ00
GM0275,4.7,2019JJ00
GM0275,5.3,2020JJ00
GM0275,4.4,2021JJ00
GM0275,4.0,2022JJ00
GM0275,3.5,2023JJ00
GM0340,7.5,2013JJ00
GM0340,7.8,2014JJ00
GM0340,7.5,2015JJ00
GM0340,6.4,2016JJ00
GM0340,5.6,2017JJ00
GM0340,4.6,2018JJ00
GM0340,3.9,2019JJ00
GM0340,4.3,2020JJ00
GM0340,3.5,2021JJ00
GM0340,3.4,2022JJ00
GM0340,3.2,2023JJ00
GM0597,8.1,2013JJ00
GM0597,8.6,2014JJ00
GM0597,8.1,2015JJ00
GM0597,7.1,2016JJ00
GM0597,6.2,2017JJ00
GM0597,4.5,2018JJ00
GM0597,4.4,2019JJ00
GM0597,5.0,2020JJ00
GM0597,4.2,2021JJ00
GM0597,3.6,2022JJ00
GM0597,3.6,2023JJ00
GM1742,7.3,2013JJ00
GM1742,7.1,2014JJ00
GM1742,7.0,2015JJ00
GM1742,6.8,2016JJ00
GM1742,5.6,2017JJ00
GM1742,4.2,2018JJ00
GM1742,3.8,2019JJ00
GM1742,3.9,2020JJ00
GM1742,3.4,2021JJ00
GM1742,2.9,2022JJ00
GM1742,2.9,2023JJ00
GM0603,9.1,2013JJ00
GM0603,9.4,2014JJ00
GM0603,9.1,2015JJ00
GM0603,8.6,2016JJ00
GM0603,6.9,2017JJ00
GM0603,5.5,2018JJ00
GM0603,5.2,2019JJ00
GM0603,5.7,2020JJ00
GM0603,5.2,2021JJ00
GM0603,4.2,2022JJ00
GM0603,4.2,2023JJ00
GM1669,7.7,2013JJ00
GM1669,7.5,2014JJ00
GM1669,7.2,2015JJ00
GM1669,6.6,2016JJ00
GM1669,5.9,2017JJ00
GM1669,4.6,2018JJ00
GM1669,3.9,2019JJ00
GM1669,4.7,2020JJ00
GM1669,3.6,2021JJ00
GM1669,3.4,2022JJ00
GM1669,3.3,2023JJ00
GM0957,8.2,2013JJ00
GM0957,8.6,2014JJ00
GM0957,8.5,2015JJ00
GM0957,7.3,2016JJ00
GM0957,6.5,2017JJ00
GM0957,5.1,2018JJ00
GM0957,4.7,2019JJ00
GM0957,5.6,2020JJ00
GM0957,4.7,2021JJ00
GM0957,4.1,2022JJ00
GM0957,4.1,2023JJ00
GM0736,6.9,2013JJ00
GM0736,7.0,2014JJ00
GM0736,7.1,2015JJ00
GM0736,6.0,2016JJ00
GM0736,5.3,2017JJ00
GM0736,4.3,2018JJ00
GM0736,3.8,2019JJ00
GM0736,4.3,2020JJ00
GM0736,4.1,2021JJ00
GM0736,3.7,2022JJ00
GM0736,3.2,2023JJ00
GM1674,8.4,2013JJ00
GM1674,9.2,2014JJ00
GM1674,8.2,2015JJ00
GM1674,7.3,2016JJ00
GM1674,7.1,2017JJ00
GM1674,5.5,2018JJ00
GM1674,4.7,2019JJ00
GM1674,5.1,2020JJ00
GM1674,3.8,2021JJ00
GM1674,3.7,2022JJ00
GM1674,4.0,2023JJ00
GM0599,13.5,2013JJ00
GM0599,14.7,2014JJ00
GM0599,13.7,2015JJ00
GM0599,12.8,2016JJ00
GM0599,9.6,2017JJ00
GM0599,7.5,2018JJ00
GM0599,7.3,2019JJ00
GM0599,7.6,2020JJ00
GM0599,7.2,2021JJ00
GM0599,5.4,2022JJ00
GM0599,5.3,2023JJ00
GM0277,6.7,2013JJ00
GM0277,7.6,2014JJ00
GM0277,7.3,2015JJ00
GM0277,5.9,2016JJ00
GM0277,4.8,2017JJ00
GM0277,4.1,2018JJ00
GM0277,3.7,2019JJ00
GM0277,3.8,2020JJ00
GM0277,3.4,2021JJ00
GM0277,3.1,2022JJ00
GM0277,2.7,2023JJ00
GM0840,7.5,2013JJ00
GM0840,7.8,2014JJ00
GM0840,7.4,2015JJ00
GM0840,6.9,2016JJ00
GM0840,6.0,2017JJ00
GM0840,4.6,2018JJ00
GM0840,4.0,2019JJ00
GM0840,4.4,2020JJ00
GM0840,3.4,2021JJ00
GM0840,3.1,2022JJ00
GM0840,3.1,2023JJ00
GM0441,7.2,2013JJ00
GM0441,7.0,2014JJ00
GM0441,6.5,2015JJ00
GM0441,6.2,2016JJ00
GM0441,5.3,2017JJ00
GM0441,4.1,2018JJ00
GM0441,3.8,2019JJ00
GM0441,4.3,2020JJ00
GM0441,3.5,2021JJ00
GM0441,3.1,2022JJ00
GM0441,3.1,2023JJ00
GM0279,6.6,2013JJ00
GM0279,7.0,2014JJ00
GM0279,6.5,2015JJ00
GM0279,5.8,2016JJ00
GM0279,5.4,2017JJ00
GM0279,4.0,2018JJ00
GM0279,3.5,2019JJ00
GM0279,4.0,2020JJ00
GM0279,3.3,2021JJ00
GM0279,2.9,2022JJ00
GM0279,2.8,2023JJ00
GM0606,10.2,2013JJ00
GM0606,11.3,2014JJ00
GM0606,11.0,2015JJ00
GM0606,9.3,2016JJ00
GM0606,8.3,2017JJ00
GM0606,6.1,2018JJ00
GM0606,5.8,2019JJ00
GM0606,6.1,2020JJ00
GM0606,5.4,2021JJ00
GM0606,5.0,2022JJ00
GM0606,4.5,2023JJ00
GM0088,6.8,2013JJ00
GM0088,6.8,2014JJ00
GM0088,6.0,2015JJ00
GM0088,6.0,2016JJ00
GM0088,5.2,2017JJ00
GM0088,4.0,2018JJ00
GM0088,4.4,2019JJ00
GM0088,4.7,2020JJ00
GM0088,3.6,2021JJ00
GM0088,3.0,2022JJ00
GM0088,2.9,2023JJ00
GM1676,6.7,2013JJ00
GM1676,6.3,2014JJ00
GM1676,6.6,2015JJ00
GM1676,5.8,2016JJ00
GM1676,5.4,2017JJ00
GM1676,4.3,2018JJ00
GM1676,3.8,2019JJ00
GM1676,4.0,2020JJ00
GM1676,3.4,2021JJ00
GM1676,3.0,2022JJ00
GM1676,2.7,2023JJ00
GM0965,7.7,2013JJ00
GM0965,7.6,2014JJ00
GM0965,7.4,2015JJ00
GM0965,6.7,2016JJ00
GM0965,5.6,2017JJ00
GM0965,4.6,2018JJ00
GM0965,4.0,2019JJ00
GM0965,4.4,2020JJ00
GM0965,3.7,2021JJ00
GM0965,3.2,2022JJ00
GM0965,3.1,2023JJ00
GM0845,6.6,2013JJ00
GM0845,6.7,2014JJ00
GM0845,6.6,2015JJ00
GM0845,6.0,2016JJ00
GM0845,5.1,2017JJ00
GM0845,4.6,2018JJ00
GM0845,3.8,2019JJ00
GM0845,4.0,2020JJ00
GM0845,3.2,2021JJ00
GM0845,3.0,2022JJ00
GM0845,2.9,2023JJ00
GM1883,9.0,2013JJ00
GM1883,8.1,2014JJ00
GM1883,8.0,2015JJ00
GM1883,7.0,2016JJ00
GM1883,6.4,2017JJ00
GM1883,5.0,2018JJ00
GM1883,4.5,2019JJ00
GM1883,4.9,2020JJ00
GM1883,3.8,2021JJ00
GM1883,3.9,2022JJ00
GM1883,3.9,2023JJ00
GM0610,7.1,2013JJ00
GM0610,6.9,2014JJ00
GM0610,6.8,2015JJ00
GM0610,6.3,2016JJ00
GM0610,5.7,2017JJ00
GM0610,4.7,2018JJ00
GM0610,4.2,2019JJ00
GM0610,4.6,2020JJ00
GM0610,4.0,2021JJ00
GM0610,3.4,2022JJ00
GM0610,3.3,2023JJ00
GM1714,7.3,2013JJ00
GM1714,6.6,2014JJ00
GM1714,6.9,2015JJ00
GM1714,6.1,2016JJ00
GM1714,5.7,2017JJ00
GM1714,4.7,2018JJ00
GM1714,4.3,2019JJ00
GM1714,4.5,2020JJ00
GM1714,4.1,2021JJ00
GM1714,3.5,2022JJ00
GM1714,3.3,2023JJ00
GM0090,10.1,2013JJ00
GM0090,10.1,2014JJ00
GM0090,9.6,2015JJ00
GM0090,8.8,2016JJ00
GM0090,6.8,2017JJ00
GM0090,5.6,2018JJ00
GM0090,4.6,2019JJ00
GM0090,5.4,2020JJ00
GM0090,5.0,2021JJ00
GM0090,3.7,2022JJ00
GM0090,3.7,2023JJ00
GM0342,7.9,2013JJ00
GM0342,8.0,2014JJ00
GM0342,7.8,2015JJ00
GM0342,6.7,2016JJ00
GM0342,6.1,2017JJ00
GM0342,5.3,2018JJ00
GM0342,4.2,2019JJ00
GM0342,4.6,2020JJ00
GM0342,4.1,2021JJ00
GM0342,3.6,2022JJ00
GM0342,3.3,2023JJ00
GM0847,6.9,2013JJ00
GM0847,7.2,2014JJ00
GM0847,7.1,2015JJ00
GM0847,6.4,2016JJ00
GM0847,5.1,2017JJ00
GM0847,4.4,2018JJ00
GM0847,3.8,2019JJ00
GM0847,4.4,2020JJ00
GM0847,3.4,2021JJ00
GM0847,3.0,2022JJ00
GM0847,3.0,2023JJ00
GM0848,7.5,2013JJ00
GM0848,7.3,2014JJ00
GM0848,7.1,2015JJ00
GM0848,6.3,2016JJ00
GM0848,5.2,2017JJ00
GM0848,4.5,2018JJ00
GM0848,3.7,2019JJ00
GM0848,4.4,2020JJ00
GM0848,3.5,2021JJ00
GM0848,3.0,2022JJ00
GM0848,3.0,2023JJ00
GM0037,8.4,2013JJ00
GM0037,8.4,2014JJ00
GM0037,9.4,2015JJ00
GM0037,8.0,2016JJ00
GM0037,7.3,2017JJ00
GM0037,6.1,2018JJ00
GM0037,4.7,2019JJ00
GM0037,5.1,2020JJ00
GM0037,3.9,2021JJ00
GM0037,3.6,2022JJ00
GM0037,3.5,2023JJ00
GM0180,6.8,2013JJ00
GM0180,6.7,2014JJ00
GM0180,6.6,2015JJ00
GM0180,6.0,2016JJ00
GM0180,5.1,2017JJ00
GM0180,4.1,2018JJ00
GM0180,3.4,2019JJ00
GM0180,4.0,2020JJ00
GM0180,3.2,2021JJ00
GM0180,3.0,2022JJ00
GM0180,2.9,2023JJ00
GM0532,7.3,2013JJ00
GM0532,7.3,2014JJ00
GM0532,7.6,2015JJ00
GM0532,7.1,2016JJ00
GM0532,6.1,2017JJ00
GM0532,5.2,2018JJ00
GM0532,4.2,2019JJ00
GM0532,4.7,2020JJ00
GM0532,3.8,2021JJ00
GM0532,3.3,2022JJ00
GM0532,3.2,2023JJ00
GM0851,7.7,2013JJ00
GM0851,8.2,2014JJ00
GM0851,8.1,2015JJ00
GM0851,7.6,2016JJ00
GM0851,6.0,2017JJ00
GM0851,4.6,2018JJ00
GM0851,4.3,2019JJ00
GM0851,4.5,2020JJ00
GM0851,3.5,2021JJ00
GM0851,3.3,2022JJ00
GM0851,3.3,2023JJ00
GM1708,8.3,2013JJ00
GM1708,7.9,2014JJ00
GM1708,8.0,2015JJ00
GM1708,7.7,2016JJ00
GM1708,6.4,2017JJ00
GM1708,5.2,2018JJ00
GM1708,4.2,2019JJ00
GM1708,4.4,2020JJ00
GM1708,3.5,2021JJ00
GM1708,3.4,2022JJ00
GM1708,3.2,2023JJ00
GM0971,7.3,2013JJ00
GM0971,7.8,2014JJ00
GM0971,7.5,2015JJ00
GM0971,6.8,2016JJ00
GM0971,5.7,2017JJ00
GM0971,4.4,2018JJ00
GM0971,4.3,2019JJ00
GM0971,4.6,2020JJ00
GM0971,3.6,2021JJ00
GM0971,3.2,2022JJ00
GM0971,3.3,2023JJ00
GM1904,7.2,2013JJ00
GM1904,6.9,2014JJ00
GM1904,7.2,2015JJ00
GM1904,6.0,2016JJ00
GM1904,5.1,2017JJ00
GM1904,4.4,2018JJ00
GM1904,3.9,2019JJ00
GM1904,4.6,2020JJ00
GM1904,3.7,2021JJ00
GM1904,3.5,2022JJ00
GM1904,3.2,2023JJ00
GM1900,9.4,2013JJ00
GM1900,9.0,2014JJ00
GM1900,7.4,2015JJ00
GM1900,6.9,2016JJ00
GM1900,6.3,2017JJ00
GM1900,5.3,2018JJ00
GM1900,4.4,2019JJ00
GM1900,5.2,2020JJ00
GM1900,4.4,2021JJ00
GM1900,3.9,2022JJ00
GM1900,3.6,2023JJ00
GM0715,8.0,2013JJ00
GM0715,7.6,2014JJ00
GM0715,8.3,2015JJ00
GM0715,7.3,2016JJ00
GM0715,5.5,2017JJ00
GM0715,4.8,2018JJ00
GM0715,4.3,2019JJ00
GM0715,4.7,2020JJ00
GM0715,4.6,2021JJ00
GM0715,3.7,2022JJ00
GM0715,3.2,2023JJ00
GM0093,6.6,2013JJ00
GM0093,7.0,2014JJ00
GM0093,6.5,2015JJ00
GM0093,5.9,2016JJ00
GM0093,5.1,2017JJ00
GM0093,3.8,2018JJ00
GM0093,3.5,2019JJ00
GM0093,4.1,2020JJ00
GM0093,3.2,2021JJ00
GM0093,2.9,2022JJ00
GM0093,2.9,2023JJ00
GM0448,6.6,2013JJ00
GM0448,7.0,2014JJ00
GM0448,6.5,2015JJ00
GM0448,5.9,2016JJ00
GM0448,5.5,2017JJ00
GM0448,4.4,2018JJ00
GM0448,3.8,2019JJ00
GM0448,4.4,2020JJ00
GM0448,3.3,2021JJ00
GM0448,2.9,2022JJ00
GM0448,3.0,2023JJ00
GM1525,6.4,2013JJ00
GM1525,6.6,2014JJ00
GM1525,6.3,2015JJ00
GM1525,6.1,2016JJ00
GM1525,5.0,2017JJ00
GM1525,4.6,2018JJ00
GM1525,3.6,2019JJ00
GM1525,4.1,2020JJ00
GM1525,3.7,2021JJ00
GM1525,3.0,2022JJ00
GM1525,2.9,2023JJ00
GM0716,6.9,2013JJ00
GM0716,6.8,2014JJ00
GM0716,6.9,2015JJ00
GM0716,5.9,2016JJ00
GM0716,5.1,2017JJ00
GM0716,4.3,2018JJ00
GM0716,3.8,2019JJ00
GM0716,4.2,2020JJ00
GM0716,3.8,2021JJ00
GM0716,3.2,2022JJ00
GM0716,3.0,2023JJ00
GM0281,8.4,2013JJ00
GM0281,9.1,2014JJ00
GM0281,8.7,2015JJ00
GM0281,8.3,2016JJ00
GM0281,6.9,2017JJ00
GM0281,5.6,2018JJ00
GM0281,4.9,2019JJ00
GM0281,5.4,2020JJ00
GM0281,4.8,2021JJ00
GM0281,4.1,2022JJ00
GM0281,3.7,2023JJ00
GM0855,9.4,2013JJ00
GM0855,10.0,2014JJ00
GM0855,9.4,2015JJ00
GM0855,8.0,2016JJ00
GM0855,6.3,2017JJ00
GM0855,5.2,2018JJ00
GM0855,5.2,2019JJ00
GM0855,5.4,2020JJ00
GM0855,3.7,2021JJ00
GM0855,4.2,2022JJ00
GM0855,4.2,2023JJ00
GM0183,6.5,2013JJ00
GM0183,6.6,2014JJ00
GM0183,6.2,2015JJ00
GM0183,5.9,2016JJ00
GM0183,4.9,2017JJ00
GM0183,3.9,2018JJ00
GM0183,3.2,2019JJ00
GM0183,3.6,2020JJ00
GM0183,2.9,2021JJ00
GM0183,2.7,2022JJ00
GM0183,2.7,2023JJ00
GM1700,7.8,2013JJ00
GM1700,7.5,2014JJ00
GM1700,7.1,2015JJ00
GM1700,6.9,2016JJ00
GM1700,5.9,2017JJ00
GM1700,4.7,2018JJ00
GM1700,3.8,2019JJ00
GM1700,4.2,2020JJ00
GM1700,3.1,2021JJ00
GM1700,2.9,2022JJ00
GM1700,3.1,2023JJ00
GM1730,7.1,2013JJ00
GM1730,7.3,2014JJ00
GM1730,7.2,2015JJ00
GM1730,6.7,2016JJ00
GM1730,5.8,2017JJ00
GM1730,4.3,2018JJ00
GM1730,3.6,2019JJ00
GM1730,4.4,2020JJ00
GM1730,2.8,2021JJ00
GM1730,2.9,2022JJ00
GM1730,2.8,2023JJ00
GM0737,7.9,2013JJ00
GM0737,8.0,2014JJ00
GM0737,7.6,2015JJ00
GM0737,6.9,2016JJ00
GM0737,5.9,2017JJ00
GM0737,4.8,2018JJ00
GM0737,3.9,2019JJ00
GM0737,4.5,2020JJ00
GM0737,3.9,2021JJ00
GM0737,3.0,2022JJ00
GM0737,3.2,2023JJ00
GM0450,6.5,2013JJ00
GM0450,6.8,2014JJ00
GM0450,6.4,2015JJ00
GM0450,5.9,2016JJ00
GM0450,5.2,2017JJ00
GM0450,4.1,2018JJ00
GM0450,3.6,2019JJ00
GM0450,4.0,2020JJ00
GM0450,3.8,2021JJ00
GM0450,3.1,2022JJ00
GM0450,3.1,2023JJ00
GM0451,7.8,2013JJ00
GM0451,8.4,2014JJ00
GM0451,7.8,2015JJ00
GM0451,6.9,2016JJ00
GM0451,5.6,2017JJ00
GM0451,4.6,2018JJ00
GM0451,4.2,2019JJ00
GM0451,4.9,2020JJ00
GM0451,4.3,2021JJ00
GM0451,3.9,2022JJ00
GM0451,3.6,2023JJ00
GM0184,6.9,2013JJ00
GM0184,6.7,2014JJ00
GM0184,6.6,2015JJ00
GM0184,5.3,2016JJ00
GM0184,4.6,2017JJ00
GM0184,3.9,2018JJ00
GM0184,3.4,2019JJ00
GM0184,3.6,2020JJ00
GM0184,2.9,2021JJ00
GM0184,2.8,2022JJ00
GM0184,2.8,2023JJ00
GM0344,7.8,2013JJ00
GM0344,8.5,2014JJ00
GM0344,8.2,2015JJ00
GM0344,7.0,2016JJ00
GM0344,6.2,2017JJ00
GM0344,5.1,2018JJ00
GM0344,4.3,2019JJ00
GM0344,5.1,2020JJ00
GM0344,5.5,2021JJ00
GM0344,4.5,2022JJ00
GM0344,4.2,2023JJ00
GM1581,7.3,2013JJ00
GM1581,7.1,2014JJ00
GM1581,6.7,2015JJ00
GM1581,5.9,2016JJ00
GM1581,5.3,2017JJ00
GM1581,4.4,2018JJ00
GM1581,3.9,2019JJ00
GM1581,4.3,2020JJ00
GM1581,3.9,2021JJ00
GM1581,3.4,2022JJ00
GM1581,3.3,2023JJ00
GM0981,10.4,2013JJ00
GM0981,10.1,2014JJ00
GM0981,10.4,2015JJ00
GM0981,9.7,2016JJ00
GM0981,8.3,2017JJ00
GM0981,6.9,2018JJ00
GM0981,6.0,2019JJ00
GM0981,6.5,2020JJ00
GM0981,6.4,2021JJ00
GM0981,4.8,2022JJ00
GM0981,5.0,2023JJ00
GM0994,8.1,2013JJ00
GM0994,8.4,2014JJ00
GM0994,8.2,2015JJ00
GM0994,6.9,2016JJ00
GM0994,5.6,2017JJ00
GM0994,4.6,2018JJ00
GM0994,4.0,2019JJ00
GM0994,4.6,2020JJ00
GM0994,3.5,2021JJ00
GM0994,3.3,2022JJ00
GM0994,3.2,2023JJ00
GM0858,7.7,2013JJ00
GM0858,8.8,2014JJ00
GM0858,8.1,2015JJ00
GM0858,7.2,2016JJ00
GM0858,6.1,2017JJ00
GM0858,4.8,2018JJ00
GM0858,4.3,2019JJ00
GM0858,4.6,2020JJ00
GM0858,3.9,2021JJ00
GM0858,3.6,2022JJ00
GM0858,3.4,2023JJ00
GM0047,8.8,2013JJ00
GM0047,9.2,2014JJ00
GM0047,9.8,2015JJ00
GM0047,9.0,2016JJ00
GM0047,7.6,2017JJ00
GM0047,6.5,2018JJ00
GM0047,5.4,2019JJ00
GM0047,5.2,2020JJ00
GM0047,4.3,2021JJ00
GM0047,3.6,2022JJ00
GM0047,3.6,2023JJ00
GM0345,9.0,2013JJ00
GM0345,8.8,2014JJ00
GM0345,9.0,2015JJ00
GM0345,8.1,2016JJ00
GM0345,6.6,2017JJ00
GM0345,5.2,2018JJ00
GM0345,4.2,2019JJ00
GM0345,4.6,2020JJ00
GM0345,4.1,2021JJ00
GM0345,3.5,2022JJ00
GM0345,3.5,2023JJ00
GM0717,6.8,2013JJ00
GM0717,5.9,2014JJ00
GM0717,6.2,2015JJ00
GM0717,5.5,2016JJ00
GM0717,4.8,2017JJ00
GM0717,4.1,2018JJ00
GM0717,3.7,2019JJ00
GM0717,4.0,2020JJ00
GM0717,3.4,2021JJ00
GM0717,3.0,2022JJ00
GM0717,2.7,2023JJ00
GM0861,7.6,2013JJ00
GM0861,7.5,2014JJ00
GM0861,7.4,2015JJ00
GM0861,6.7,2016JJ00
GM0861,5.3,2017JJ00
GM0861,4.4,2018JJ00
GM0861,3.9,2019JJ00
GM0861,4.5,2020JJ00
GM0861,3.7,2021JJ00
GM0861,3.4,2022JJ00
GM0861,3.3,2023JJ00
GM0453,7.2,2013JJ00
GM0453,7.7,2014JJ00
GM0453,7.3,2015JJ00
GM0453,6.5,2016JJ00
GM0453,5.8,2017JJ00
GM0453,4.5,2018JJ00
GM0453,4.1,2019JJ00
GM0453,4.7,2020JJ00
GM0453,3.8,2021JJ00
GM0453,3.4,2022JJ00
GM0453,3.4,2023JJ00
GM0983,8.9,2013JJ00
GM0983,10.0,2014JJ00
GM0983,8.6,2015JJ00
GM0983,7.1,2016JJ00
GM0983,6.8,2017JJ00
GM0983,5.4,2018JJ00
GM0983,4.5,2019JJ00
GM0983,5.4,2020JJ00
GM0983,4.2,2021JJ00
GM0983,4.1,2022JJ00
GM0983,3.8,2023JJ00
GM0984,8.0,2013JJ00
GM0984,7.8,2014JJ00
GM0984,8.2,2015JJ00
GM0984,7.1,2016JJ00
GM0984,5.5,2017JJ00
GM0984,4.4,2018JJ00
GM0984,4.0,2019JJ00
GM0984,4.7,2020JJ00
GM0984,4.3,2021JJ00
GM0984,3.6,2022JJ00
GM0984,3.5,2023JJ00
GM1961,7.4,2013JJ00
GM1961,7.7,2014JJ00
GM1961,7.6,2015JJ00
GM1961,6.9,2016JJ00
GM1961,5.7,2017JJ00
GM1961,4.8,2018JJ00
GM1961,4.1,2019JJ00
GM1961,4.4,2020JJ00
GM1961,3.8,2021JJ00
GM1961,3.3,2022JJ00
GM1961,3.2,2023JJ00
GM0622,9.4,2013JJ00
GM0622,9.9,2014JJ00
GM0622,10.2,2015JJ00
GM0622,8.5,2016JJ00
GM0622,7.8,2017JJ00
GM0622,5.5,2018JJ00
GM0622,5.2,2019JJ00
GM0622,5.7,2020JJ00
GM0622,4.7,2021JJ00
GM0622,4.5,2022JJ00
GM0622,4.3,2023JJ00
GM0096,7.8,2013JJ00
GM0096,7.7,2014JJ00
GM0096,6.4,2015JJ00
GM0096,5.9,2016JJ00
GM0096,5.0,2017JJ00
GM0096,3.9,2018JJ00
GM0096,3.9,2019JJ00
GM0096,4.6,2020JJ00
GM0096,3.6,2021JJ00
GM0096,3.2,2022JJ00
GM0096,3.1,2023JJ00
GM0718,8.3,2013JJ00
GM0718,7.6,2014JJ00
GM0718,8.1,2015JJ00
GM0718,7.0,2016JJ00
GM0718,6.7,2017JJ00
GM0718,5.8,2018JJ00
GM0718,4.8,2019JJ00
GM0718,5.2,2020JJ00
GM0718,5.0,2021JJ00
GM0718,4.1,2022JJ00
GM0718,3.5,2023JJ00
GM0986,7.3,2013JJ00
GM0986,7.3,2014JJ00
GM0986,7.1,2015JJ00
GM0986,6.3,2016JJ00
GM0986,5.4,2017JJ00
GM0986,4.4,2018JJ00
GM0986,3.8,2019JJ00
GM0986,4.4,2020JJ00
GM0986,4.0,2021JJ00
GM0986,3.2,2022JJ00
GM0986,3.1,2023JJ00
GM1992,7.9,2013JJ00
GM1992,8.0,2014JJ00
GM1992,8.2,2015JJ00
GM1992,7.3,2016JJ00
GM1992,6.1,2017JJ00
GM1992,5.0,2018JJ00
GM1992,4.4,2019JJ00
GM1992,4.7,2020JJ00
GM1992,3.8,2021JJ00
GM1992,3.4,2022JJ00
GM1992,3.5,2023JJ00
GM0626,6.9,2013JJ00
GM0626,7.4,2014JJ00
GM0626,7.2,2015JJ00
GM0626,6.2,2016JJ00
GM0626,5.4,2017JJ00
GM0626,4.4,2018JJ00
GM0626,4.1,2019JJ00
GM0626,4.4,2020JJ00
GM0626,3.7,2021JJ00
GM0626,3.5,2022JJ00
GM0626,3.5,2023JJ00
GM0285,6.7,2013JJ00
GM0285,6.9,2014JJ00
GM0285,6.8,2015JJ00
GM0285,6.0,2016JJ00
GM0285,5.3,2017JJ00
GM0285,4.1,2018JJ00
GM0285,3.7,2019JJ00
GM0285,3.9,2020JJ00
GM0285,3.4,2021JJ00
GM0285,2.9,2022JJ00
GM0285,2.8,2023JJ00
GM0865,6.7,2013JJ00
GM0865,7.3,2014JJ00
GM0865,7.0,2015JJ00
GM0865,6.1,2016JJ00
GM0865,5.3,2017JJ00
GM0865,4.3,2018JJ00
GM0865,4.0,2019JJ00
GM0865,4.1,2020JJ00
GM0865,3.2,2021JJ00
GM0865,3.1,2022JJ00
GM0865,3.0,2023JJ00
GM1949,7.8,2013JJ00
GM1949,8.4,2014JJ00
GM1949,8.4,2015JJ00
GM1949,7.4,2016JJ00
GM1949,6.2,2017JJ00
GM1949,4.6,2018JJ00
GM1949,4.3,2019JJ00
GM1949,5.1,2020JJ00
GM1949,4.0,2021JJ00
GM1949,3.5,2022JJ00
GM1949,3.4,2023JJ00
GM0866,7.9,2013JJ00
GM0866,8.0,2014JJ00
GM0866,7.8,2015JJ00
GM0866,6.8,2016JJ00
GM0866,5.5,2017JJ00
GM0866,4.7,2018JJ00
GM0866,3.9,2019JJ00
GM0866,4.6,2020JJ00
GM0866,3.7,2021JJ00
GM0866,3.3,2022JJ00
GM0866,3.0,2023JJ00
GM0867,7.8,2013JJ00
GM0867,8.4,2014JJ00
GM0867,8.6,2015JJ00
GM0867,7.5,2016JJ00
GM0867,6.0,2017JJ00
GM0867,4.7,2018JJ00
GM0867,4.5,2019JJ00
GM0867,4.4,2020JJ00
GM0867,3.6,2021JJ00
GM0867,3.4,2022JJ00
GM0867,3.6,2023JJ00
GM0627,7.3,2013JJ00
GM0627,7.9,2014JJ00
GM0627,7.5,2015JJ00
GM0627,6.7,2016JJ00
GM0627,5.8,2017JJ00
GM0627,4.6,2018JJ00
GM0627,3.9,2019JJ00
GM0627,4.4,2020JJ00
GM0627,3.6,2021JJ00
GM0627,3.4,2022JJ00
GM0627,3.2,2023JJ00
GM0289,8.0,2013JJ00
GM0289,8.6,2014JJ00
GM0289,8.5,2015JJ00
GM0289,8.2,2016JJ00
GM0289,7.0,2017JJ00
GM0289,5.4,2018JJ00
GM0289,5.2,2019JJ00
GM0289,5.8,2020JJ00
GM0289,5.3,2021JJ00
GM0289,4.7,2022JJ00
GM0289,4.5,2023JJ00
GM0629,8.7,2013JJ00
GM0629,8.7,2014JJ00
GM0629,8.3,2015JJ00
GM0629,7.2,2016JJ00
GM0629,6.5,2017JJ00
GM0629,5.5,2018JJ00
GM0629,4.7,2019JJ00
GM0629,5.2,2020JJ00
GM0629,4.9,2021JJ00
GM0629,3.9,2022JJ00
GM0629,3.9,2023JJ00
GM0852,6.8,2013JJ00
GM0852,6.5,2014JJ00
GM0852,6.3,2015JJ00
GM0852,5.8,2016JJ00
GM0852,5.1,2017JJ00
GM0852,4.7,2018JJ00
GM0852,3.7,2019JJ00
GM0852,4.6,2020JJ00
GM0852,3.7,2021JJ00
GM0852,3.2,2022JJ00
GM0852,3.3,2023JJ00
GM0988,8.5,2013JJ00
GM0988,7.8,2014JJ00
GM0988,7.3,2015JJ00
GM0988,6.6,2016JJ00
GM0988,6.2,2017JJ00
GM0988,5.4,2018JJ00
GM0988,4.1,2019JJ00
GM0988,4.8,2020JJ00
GM0988,3.7,2021JJ00
GM0988,3.5,2022JJ00
GM0988,3.5,2023JJ00
GM1960,7.1,2013JJ00
GM1960,7.6,2014JJ00
GM1960,6.9,2015JJ00
GM1960,6.1,2016JJ00
GM1960,5.1,2017JJ00
GM1960,4.2,2018JJ00
GM1960,3.7,2019JJ00
GM1960,4.1,2020JJ00
GM1960,3.4,2021JJ00
GM1960,3.0,2022JJ00
GM1960,3.0,2023JJ00
GM0668,6.8,2013JJ00
GM0668,7.0,2014JJ00
GM0668,6.8,2015JJ00
GM0668,6.2,2016JJ00
GM0668,5.2,2017JJ00
GM0668,4.3,2018JJ00
GM0668,4.0,2019JJ00
GM0668,4.3,2020JJ00
GM0668,3.7,2021JJ00
GM0668,3.0,2022JJ00
GM0668,2.9,2023JJ00
GM1969,7.3,2013JJ00
GM1969,7.6,2014JJ00
GM1969,7.7,2015JJ00
GM1969,6.8,2016JJ00
GM1969,5.9,2017JJ00
GM1969,4.7,2018JJ00
GM1969,4.3,2019JJ00
GM1969,4.4,2020JJ00
GM1969,3.6,2021JJ00
GM1969,3.2,2022JJ00
GM1969,3.0,2023JJ00
GM1701,8.1,2013JJ00
GM1701,7.7,2014JJ00
GM1701,8.6,2015JJ00
GM1701,7.3,2016JJ00
GM1701,6.1,2017JJ00
GM1701,4.5,2018JJ00
GM1701,3.9,2019JJ00
GM1701,4.4,2020JJ00
GM1701,3.2,2021JJ00
GM1701,3.2,2022JJ00
GM1701,3.0,2023JJ00
GM0293,9.0,2013JJ00
GM0293,9.3,2014JJ00
GM0293,9.4,2015JJ00
GM0293,8.3,2016JJ00
GM0293,7.0,2017JJ00
GM0293,5.2,2018JJ00
GM0293,4.6,2019JJ00
GM0293,5.1,2020JJ00
GM0293,4.3,2021JJ00
GM0293,3.6,2022JJ00
GM0293,3.5,2023JJ00
GM1950,8.2,2013JJ00
GM1950,8.8,2014JJ00
GM1950,8.9,2015JJ00
GM1950,8.3,2016JJ00
GM1950,6.9,2017JJ00
GM1950,5.6,2018JJ00
GM1950,4.7,2019JJ00
GM1950,5.1,2020JJ00
GM1950,3.8,2021JJ00
GM1950,3.4,2022JJ00
GM1950,3.3,2023JJ00
GM1783,6.8,2013JJ00
GM1783,6.9,2014JJ00
GM1783,6.9,2015JJ00
GM1783,6.3,2016JJ00
GM1783,5.2,2017JJ00
GM1783,4.0,2018JJ00
GM1783,3.7,2019JJ00
GM1783,4.0,2020JJ00
GM1783,3.5,2021JJ00
GM1783,3.1,2022JJ00
GM1783,3.0,2023JJ00
GM0098,8.6,2013JJ00
GM0098,8.7,2014JJ00
GM0098,8.2,2015JJ00
GM0098,7.2,2016JJ00
GM0098,6.4,2017JJ00
GM0098,5.0,2018JJ00
GM0098,4.3,2019JJ00
GM0098,5.1,2020JJ00
GM0098,4.3,2021JJ00
GM0098,3.5,2022JJ00
GM0098,3.4,2023JJ00
GM0189,7.0,2013JJ00
GM0189,6.8,2014JJ00
GM0189,7.1,2015JJ00
GM0189,6.6,2016JJ00
GM0189,5.3,2017JJ00
GM0189,4.3,2018JJ00
GM0189,3.8,2019JJ00
GM0189,3.9,2020JJ00
GM0189,3.2,2021JJ00
GM0189,2.8,2022JJ00
GM0189,2.8,2023JJ00
GM0296,6.9,2013JJ00
GM0296,7.2,2014JJ00
GM0296,7.8,2015JJ00
GM0296,6.9,2016JJ00
GM0296,5.8,2017JJ00
GM0296,4.7,2018JJ00
GM0296,4.3,2019JJ00
GM0296,4.4,2020JJ00
GM0296,4.0,2021JJ00
GM0296,3.3,2022JJ00
GM0296,3.2,2023JJ00
GM1696,6.9,2013JJ00
GM1696,7.0,2014JJ00
GM1696,7.1,2015JJ00
GM1696,6.4,2016JJ00
GM1696,5.7,2017JJ00
GM1696,4.5,2018JJ00
GM1696,3.8,2019JJ00
GM1696,4.3,2020JJ00
GM1696,3.6,2021JJ00
GM1696,3.1,2022JJ00
GM1696,3.0,2023JJ00
GM0352,6.8,2013JJ00
GM0352,6.6,2014JJ00
GM0352,6.9,2015JJ00
GM0352,5.8,2016JJ00
GM0352,5.4,2017JJ00
GM0352,4.5,2018JJ00
GM0352,3.8,2019JJ00
GM0352,4.2,2020JJ00
GM0352,3.5,2021JJ00
GM0352,3.1,2022JJ00
GM0352,2.9,2023JJ00
GM0294,7.8,2013JJ00
GM0294,8.3,2014JJ00
GM0294,8.0,2015JJ00
GM0294,6.9,2016JJ00
GM0294,6.1,2017JJ00
GM0294,4.7,2018JJ00
GM0294,4.2,2019JJ00
GM0294,4.4,2020JJ00
GM0294,3.9,2021JJ00
GM0294,3.3,2022JJ00
GM0294,3.3,2023JJ00
GM0873,8.0,2013JJ00
GM0873,7.9,2014JJ00
GM0873,8.3,2015JJ00
GM0873,7.2,2016JJ00
GM0873,5.8,2017JJ00
GM0873,4.7,2018JJ00
GM0873,4.0,2019JJ00
GM0873,4.6,2020JJ00
GM0873,4.0,2021JJ00
GM0873,3.3,2022JJ00
GM0873,3.5,2023JJ00
GM0632,6.8,2013JJ00
GM0632,6.9,2014JJ00
GM0632,6.7,2015JJ00
GM0632,6.0,2016JJ00
GM0632,5.2,2017JJ00
GM0632,4.4,2018JJ00
GM0632,3.9,2019JJ00
GM0632,4.3,2020JJ00
GM0632,4.0,2021JJ00
GM0632,3.1,2022JJ00
GM0632,3.1,2023JJ00
GM1690,6.7,2013JJ00
GM1690,7.1,2014JJ00
GM1690,6.8,2015JJ00
GM1690,6.4,2016JJ00
GM1690,5.3,2017JJ00
GM1690,4.5,2018JJ00
GM1690,3.4,2019JJ00
GM1690,4.1,2020JJ00
GM1690,3.1,2021JJ00
GM1690,3.0,2022JJ00
GM1690,2.8,2023JJ00
GM0880,7.7,2013JJ00
GM0880,7.5,2014JJ00
GM0880,7.2,2015JJ00
GM0880,6.5,2016JJ00
GM0880,5.6,2017JJ00
GM0880,4.6,2018JJ00
GM0880,3.9,2019JJ00
GM0880,4.3,2020JJ00
GM0880,3.7,2021JJ00
GM0880,3.4,2022JJ00
GM0880,3.4,2023JJ00
GM0351,6.8,2013JJ00
GM0351,6.9,2014JJ00
GM0351,6.8,2015JJ00
GM0351,6.3,2016JJ00
GM0351,5.3,2017JJ00
GM0351,4.2,2018JJ00
GM0351,3.7,2019JJ00
GM0351,3.9,2020JJ00
GM0351,3.2,2021JJ00
GM0351,2.9,2022JJ00
GM0351,2.8,2023JJ00
GM0479,9.0,2013JJ00
GM0479,10.1,2014JJ00
GM0479,8.5,2015JJ00
GM0479,8.1,2016JJ00
GM0479,6.6,2017JJ00
GM0479,5.5,2018JJ00
GM0479,4.6,2019JJ00
GM0479,5.4,2020JJ00
GM0479,5.5,2021JJ00
GM0479,3.9,2022JJ00
GM0479,3.8,2023JJ00
GM0297,7.5,2013JJ00
GM0297,8.0,2014JJ00
GM0297,7.1,2015JJ00
GM0297,6.1,2016JJ00
GM0297,5.5,2017JJ00
GM0297,4.2,2018JJ00
GM0297,3.6,2019JJ00
GM0297,4.3,2020JJ00
GM0297,3.6,2021JJ00
GM0297,3.2,2022JJ00
GM0297,3.2,2023JJ00
GM0473,8.0,2013JJ00
GM0473,8.3,2014JJ00
GM0473,7.9,2015JJ00
GM0473,7.7,2016JJ00
GM0473,6.7,2017JJ00
GM0473,5.3,2018JJ00
GM0473,4.6,2019JJ00
GM0473,5.1,2020JJ00
GM0473,4.3,2021JJ00
GM0473,3.7,2022JJ00
GM0473,3.7,2023JJ00
GM0050,7.8,2013JJ00
GM0050,7.9,2014JJ00
GM0050,8.0,2015JJ00
GM0050,6.9,2016JJ00
GM0050,5.7,2017JJ00
GM0050,4.7,2018JJ00
GM0050,4.0,2019JJ00
GM0050,4.4,2020JJ00
GM0050,4.0,2021JJ00
GM0050,3.2,2022JJ00
GM0050,3.2,2023JJ00
GM0355,7.9,2013JJ00
GM0355,7.7,2014JJ00
GM0355,7.4,2015JJ00
GM0355,6.8,2016JJ00
GM0355,6.2,2017JJ00
GM0355,4.9,2018JJ00
GM0355,4.2,2019JJ00
GM0355,5.0,2020JJ00
GM0355,4.3,2021JJ00
GM0355,3.7,2022JJ00
GM0355,3.7,2023JJ00
GM0299,8.4,2013JJ00
GM0299,8.5,2014JJ00
GM0299,8.0,2015JJ00
GM0299,7.9,2016JJ00
GM0299,6.5,2017JJ00
GM0299,5.1,2018JJ00
GM0299,4.5,2019JJ00
GM0299,4.9,2020JJ00
GM0299,4.4,2021JJ00
GM0299,3.8,2022JJ00
GM0299,3.4,2023JJ00
GM0637,8.8,2013JJ00
GM0637,9.6,2014JJ00
GM0637,9.5,2015JJ00
GM0637,8.7,2016JJ00
GM0637,7.1,2017JJ00
GM0637,5.7,2018JJ00
GM0637,4.8,2019JJ00
GM0637,5.4,2020JJ00
GM0637,5.0,2021JJ00
GM0637,4.3,2022JJ00
GM0637,3.9,2023JJ00
GM0638,6.4,2013JJ00
GM0638,6.5,2014JJ00
GM0638,6.1,2015JJ00
GM0638,5.8,2016JJ00
GM0638,5.1,2017JJ00
GM0638,4.0,2018JJ00
GM0638,3.4,2019JJ00
GM0638,3.8,2020JJ00
GM0638,3.3,2021JJ00
GM0638,3.1,2022JJ00
GM0638,2.9,2023JJ00
GM1892,7.4,2013JJ00
GM1892,7.7,2014JJ00
GM1892,7.5,2015JJ00
GM1892,6.5,2016JJ00
GM1892,5.4,2017JJ00
GM1892,4.4,2018JJ00
GM1892,3.8,2019JJ00
GM1892,4.5,2020JJ00
GM1892,3.8,2021JJ00
GM1892,3.2,2022JJ00
GM1892,3.1,2023JJ00
GM0879,7.1,2013JJ00
GM0879,7.0,2014JJ00
GM0879,6.9,2015JJ00
GM0879,6.3,2016JJ00
GM0879,5.3,2017JJ00
GM0879,4.8,2018JJ00
GM0879,3.9,2019JJ00
GM0879,4.2,2020JJ00
GM0879,3.4,2021JJ00
GM0879,3.1,2022JJ00
GM0879,3.0,2023JJ00
GM0301,8.7,2013JJ00
GM0301,10.2,2014JJ00
GM0301,9.5,2015JJ00
GM0301,8.9,2016JJ00
GM0301,7.5,2017JJ00
GM0301,6.0,2018JJ00
GM0301,4.8,2019JJ00
GM0301,5.3,2020JJ00
GM0301,4.2,2021JJ00
GM0301,3.7,2022JJ00
GM0301,3.6,2023JJ00
GM1896,6.8,2013JJ00
GM1896,6.9,2014JJ00
GM1896,6.5,2015JJ00
GM1896,5.8,2016JJ00
GM1896,5.4,2017JJ00
GM1896,4.3,2018JJ00
GM1896,3.6,2019JJ00
GM1896,4.1,2020JJ00
GM1896,3.1,2021JJ00
GM1896,2.9,2022JJ00
GM1896,2.9,2023JJ00
GM0642,8.3,2013JJ00
GM0642,8.4,2014JJ00
GM0642,8.4,2015JJ00
GM0642,7.9,2016JJ00
GM0642,6.6,2017JJ00
GM0642,5.6,2018JJ00
GM0642,4.9,2019JJ00
GM0642,5.4,2020JJ00
GM0642,4.2,2021JJ00
GM0642,3.8,2022JJ00
GM0642,3.7,2023JJ00
GM0193,7.6,2013JJ00
GM0193,7.5,2014JJ00
GM0193,8.1,2015JJ00
GM0193,8.1,2016JJ00
GM0193,6.5,2017JJ00
GM0193,4.8,2018JJ00
GM0193,4.4,2019JJ00
GM0193,4.4,2020JJ00
GM0193,4.1,2021JJ00
GM0193,3.6,2022JJ00
GM0193,3.5,2023JJ00
AM01  ,8.5,2013JJ00
AM01  ,8.8,2014JJ00
AM01  ,8.8,2015JJ00
AM01  ,8.2,2016JJ00
AM01  ,7.2,2017JJ00
AM01  ,6.1,2018JJ00
AM01  ,5.1,2019JJ00
AM01  ,5.5,2020JJ00
AM01  ,4.3,2021JJ00
AM01  ,4.0,2022JJ00
AM01  ,3.8,2023JJ00
AM02  ,9.1,2013JJ00
AM02  ,9.1,2014JJ00
AM02  ,8.4,2015JJ00
AM02  ,7.4,2016JJ00
AM02  ,6.7,2017JJ00
AM02  ,5.5,2018JJ00
AM02  ,4.6,2019JJ00
AM02  ,5.2,2020JJ00
AM02  ,4.5,2021JJ00
AM02  ,3.7,2022JJ00
AM02  ,3.6,2023JJ00
AM03  ,8.5,2013JJ00
AM03  ,8.7,2014JJ00
AM03  ,8.5,2015JJ00
AM03  ,8.5,2016JJ00
AM03  ,7.0,2017JJ00
AM03  ,5.4,2018JJ00
AM03  ,4.3,2019JJ00
AM03  ,5.1,2020JJ00
AM03  ,3.3,2021JJ00
AM03  ,3.4,2022JJ00
AM03  ,3.4,2023JJ00
AM05  ,8.8,2013JJ00
AM05  ,8.7,2014JJ00
AM05  ,8.6,2015JJ00
AM05  ,8.5,2016JJ00
AM05  ,7.0,2017JJ00
AM05  ,5.3,2018JJ00
AM05  ,4.5,2019JJ00
AM05  ,4.8,2020JJ00
AM05  ,4.0,2021JJ00
AM05  ,3.6,2022JJ00
AM05  ,3.6,2023JJ00
AM06  ,7.6,2013JJ00
AM06  ,8.3,2014JJ00
AM06  ,7.9,2015JJ00
AM06  ,7.5,2016JJ00
AM06  ,6.2,2017JJ00
AM06  ,5.0,2018JJ00
AM06  ,4.2,2019JJ00
AM06  ,4.7,2020JJ00
AM06  ,3.9,2021JJ00
AM06  ,3.5,2022JJ00
AM06  ,3.3,2023JJ00
AM07  ,8.3,2013JJ00
AM07  ,9.2,2014JJ00
AM07  ,8.9,2015JJ00
AM07  ,7.8,2016JJ00
AM07  ,6.8,2017JJ00
AM07  ,5.2,2018JJ00
AM07  ,4.7,2019JJ00
AM07  ,5.1,2020JJ00
AM07  ,4.9,2021JJ00
AM07  ,3.9,2022JJ00
AM07  ,3.5,2023JJ00
AM08  ,8.2,2013JJ00
AM08  ,8.4,2014JJ00
AM08  ,8.4,2015JJ00
AM08  ,7.6,2016JJ00
AM08  ,6.1,2017JJ00
AM08  ,5.1,2018JJ00
AM08  ,4.6,2019JJ00
AM08  ,5.2,2020JJ00
AM08  ,4.8,2021JJ00
AM08  ,3.9,2022JJ00
AM08  ,3.5,2023JJ00
AM09  ,7.3,2013JJ00
AM09  ,7.9,2014JJ00
AM09  ,7.6,2015JJ00
AM09  ,6.9,2016JJ00
AM09  ,5.9,2017JJ00
AM09  ,4.5,2018JJ00
AM09  ,3.9,2019JJ00
AM09  ,4.3,2020JJ00
AM09  ,3.6,2021JJ00
AM09  ,3.1,2022JJ00
AM09  ,3.0,2023JJ00
AM10  ,7.5,2013JJ00
AM10  ,8.0,2014JJ00
AM10  ,7.4,2015JJ00
AM10  ,6.8,2016JJ00
AM10  ,5.8,2017JJ00
AM10  ,4.6,2018JJ00
AM10  ,4.0,2019JJ00
AM10  ,4.5,2020JJ00
AM10  ,3.8,2021JJ00
AM10  ,3.3,2022JJ00
AM10  ,3.1,2023JJ00
AM11  ,10.8,2013JJ00
AM11  ,11.4,2014JJ00
AM11  ,9.7,2015JJ00
AM11  ,9.0,2016JJ00
AM11  ,7.3,2017JJ00
AM11  ,5.9,2018JJ00
AM11  ,5.0,2019JJ00
AM11  ,5.5,2020JJ00
AM11  ,5.5,2021JJ00
AM11  ,4.1,2022JJ00
AM11  ,4.2,2023JJ00
AM12  ,7.8,2013JJ00
AM12  ,8.2,2014JJ00
AM12  ,7.7,2015JJ00
AM12  ,6.8,2016JJ00
AM12  ,5.9,2017JJ00
AM12  ,4.9,2018JJ00
AM12  ,4.2,2019JJ00
AM12  ,4.9,2020JJ00
AM12  ,4.2,2021JJ00
AM12  ,3.5,2022JJ00
AM12  ,3.5,2023JJ00
AM13  ,7.5,2013JJ00
AM13  ,7.7,2014JJ00
AM13  ,7.6,2015JJ00
AM13  ,6.6,2016JJ00
AM13  ,5.9,2017JJ00
AM13  ,4.8,2018JJ00
AM13  ,4.1,2019JJ00
AM13  ,4.8,2020JJ00
AM13  ,4.7,2021JJ00
AM13  ,3.9,2022JJ00
AM13  ,3.7,2023JJ00
AM14  ,7.4,2013JJ00
AM14  ,7.8,2014JJ00
AM14  ,7.7,2015JJ00
AM14  ,6.5,2016JJ00
AM14  ,5.8,2017JJ00
AM14  ,4.7,2018JJ00
AM14  ,4.1,2019JJ00
AM14  ,4.5,2020JJ00
AM14  ,4.1,2021JJ00
AM14  ,3.5,2022JJ00
AM14  ,3.3,2023JJ00
AM15  ,7.6,2013JJ00
AM15  ,8.0,2014JJ00
AM15  ,7.3,2015JJ00
AM15  ,6.6,2016JJ00
AM15  ,5.9,2017JJ00
AM15  ,4.7,2018JJ00
AM15  ,4.1,2019JJ00
AM15  ,4.5,2020JJ00
AM15  ,3.9,2021JJ00
AM15  ,3.3,2022JJ00
AM15  ,3.4,2023JJ00
AM17  ,8.1,2013JJ00
AM17  ,8.9,2014JJ00
AM17  ,7.9,2015JJ00
AM17  ,7.3,2016JJ00
AM17  ,6.1,2017JJ00
AM17  ,5.1,2018JJ00
AM17  ,4.3,2019JJ00
AM17  ,5.0,2020JJ00
AM17  ,4.8,2021JJ00
AM17  ,3.6,2022JJ00
AM17  ,3.6,2023JJ00
AM18  ,9.2,2013JJ00
AM18  ,9.3,2014JJ00
AM18  ,8.5,2015JJ00
AM18  ,7.6,2016JJ00
AM18  ,6.4,2017JJ00
AM18  ,5.4,2018JJ00
AM18  ,4.7,2019JJ00
AM18  ,6.0,2020JJ00
AM18  ,6.6,2021JJ00
AM18  ,4.7,2022JJ00
AM18  ,4.7,2023JJ00
AM19  ,7.2,2013JJ00
AM19  ,7.3,2014JJ00
AM19  ,6.9,2015JJ00
AM19  ,6.6,2016JJ00
AM19  ,5.6,2017JJ00
AM19  ,4.4,2018JJ00
AM19  ,4.1,2019JJ00
AM19  ,4.7,2020JJ00
AM19  ,4.0,2021JJ00
AM19  ,3.5,2022JJ00
AM19  ,3.4,2023JJ00
AM20  ,7.7,2013JJ00
AM20  ,7.9,2014JJ00
AM20  ,7.8,2015JJ00
AM20  ,6.9,2016JJ00
AM20  ,5.9,2017JJ00
AM20  ,4.6,2018JJ00
AM20  ,4.2,2019JJ00
AM20  ,4.6,2020JJ00
AM20  ,4.1,2021JJ00
AM20  ,3.4,2022JJ00
AM20  ,3.3,2023JJ00
AM21  ,9.8,2013JJ00
AM21  ,10.9,2014JJ00
AM21  ,10.1,2015JJ00
AM21  ,9.5,2016JJ00
AM21  ,7.9,2017JJ00
AM21  ,5.8,2018JJ00
AM21  ,5.6,2019JJ00
AM21  ,6.3,2020JJ00
AM21  ,5.8,2021JJ00
AM21  ,4.7,2022JJ00
AM21  ,4.7,2023JJ00
AM22  ,10.7,2013JJ00
AM22  ,11.5,2014JJ00
AM22  ,11.0,2015JJ00
AM22  ,9.9,2016JJ00
AM22  ,8.0,2017JJ00
AM22  ,6.2,2018JJ00
AM22  ,5.9,2019JJ00
AM22  ,6.3,2020JJ00
AM22  ,5.7,2021JJ00
AM22  ,4.6,2022JJ00
AM22  ,4.4,2023JJ00
AM23  ,8.2,2013JJ00
AM23  ,8.6,2014JJ00
AM23  ,8.2,2015JJ00
AM23  ,7.5,2016JJ00
AM23  ,6.3,2017JJ00
AM23  ,5.1,2018JJ00
AM23  ,4.5,2019JJ00
AM23  ,5.2,2020JJ00
AM23  ,4.2,2021JJ00
AM23  ,3.7,2022JJ00
AM23  ,3.7,2023JJ00
AM24  ,7.4,2013JJ00
AM24  ,6.8,2014JJ00
AM24  ,7.2,2015JJ00
AM24  ,6.3,2016JJ00
AM24  ,5.4,2017JJ00
AM24  ,4.6,2018JJ00
AM24  ,4.1,2019JJ00
AM24  ,4.5,2020JJ00
AM24  ,4.1,2021JJ00
AM24  ,3.4,2022JJ00
AM24  ,3.1,2023JJ00
AM25  ,8.0,2013JJ00
AM25  ,8.3,2014JJ00
AM25  ,8.1,2015JJ00
AM25  ,7.3,2016JJ00
AM25  ,6.0,2017JJ00
AM25  ,5.0,2018JJ00
AM25  ,4.4,2019JJ00
AM25  ,4.8,2020JJ00
AM25  ,3.6,2021JJ00
AM25  ,3.5,2022JJ00
AM25  ,3.6,2023JJ00
AM26  ,8.3,2013JJ00
AM26  ,8.7,2014JJ00
AM26  ,8.5,2015JJ00
AM26  ,7.4,2016JJ00
AM26  ,5.9,2017JJ00
AM26  ,4.9,2018JJ00
AM26  ,4.6,2019JJ00
AM26  ,4.8,2020JJ00
AM26  ,3.5,2021JJ00
AM26  ,3.7,2022JJ00
AM26  ,3.6,2023JJ00
AM27  ,7.5,2013JJ00
AM27  ,8.2,2014JJ00
AM27  ,7.7,2015JJ00
AM27  ,6.7,2016JJ00
AM27  ,5.6,2017JJ00
AM27  ,4.8,2018JJ00
AM27  ,4.2,2019JJ00
AM27  ,4.4,2020JJ00
AM27  ,3.2,2021JJ00
AM27  ,3.3,2022JJ00
AM27  ,3.3,2023JJ00
AM28  ,8.4,2013JJ00
AM28  ,9.0,2014JJ00
AM28  ,8.5,2015JJ00
AM28  ,7.4,2016JJ00
AM28  ,5.9,2017JJ00
AM28  ,5.2,2018JJ00
AM28  ,4.6,2019JJ00
AM28  ,4.9,2020JJ00
AM28  ,3.9,2021JJ00
AM28  ,3.7,2022JJ00
AM28  ,3.8,2023JJ00
AM29  ,8.0,2013JJ00
AM29  ,8.5,2014JJ00
AM29  ,7.9,2015JJ00
AM29  ,6.7,2016JJ00
AM29  ,5.9,2017JJ00
AM29  ,4.6,2018JJ00
AM29  ,4.0,2019JJ00
AM29  ,4.7,2020JJ00
AM29  ,3.8,2021JJ00
AM29  ,3.6,2022JJ00
AM29  ,3.5,2023JJ00
AM30  ,8.6,2013JJ00
AM30  ,8.7,2014JJ00
AM30  ,8.5,2015JJ00
AM30  ,7.4,2016JJ00
AM30  ,6.5,2017JJ00
AM30  ,5.2,2018JJ00
AM30  ,4.7,2019JJ00
AM30  ,5.2,2020JJ00
AM30  ,4.1,2021JJ00
AM30  ,3.9,2022JJ00
AM30  ,3.9,2023JJ00
AM32  ,8.2,2013JJ00
AM32  ,8.8,2014JJ00
AM32  ,8.3,2015JJ00
AM32  ,7.2,2016JJ00
AM32  ,5.8,2017JJ00
AM32  ,5.1,2018JJ00
AM32  ,4.4,2019JJ00
AM32  ,5.0,2020JJ00
AM32  ,3.8,2021JJ00
AM32  ,3.5,2022JJ00
AM32  ,3.4,2023JJ00
AM33  ,7.7,2013JJ00
AM33  ,7.7,2014JJ00
AM33  ,7.5,2015JJ00
AM33  ,6.6,2016JJ00
AM33  ,5.8,2017JJ00
AM33  ,4.8,2018JJ00
AM33  ,4.1,2019JJ00
AM33  ,4.7,2020JJ00
AM33  ,3.8,2021JJ00
AM33  ,3.5,2022JJ00
AM33  ,3.5,2023JJ00
AM34  ,8.1,2013JJ00
AM34  ,8.3,2014JJ00
AM34  ,8.2,2015JJ00
AM34  ,7.6,2016JJ00
AM34  ,6.2,2017JJ00
AM34  ,5.0,2018JJ00
AM34  ,4.5,2019JJ00
AM34  ,5.0,2020JJ00
AM34  ,4.4,2021JJ00
AM34  ,3.8,2022JJ00
AM34  ,3.7,2023JJ00
AM35  ,7.3,2013JJ00
AM35  ,7.7,2014JJ00
AM35  ,7.3,2015JJ00
AM35  ,6.6,2016JJ00
AM35  ,5.6,2017JJ00
AM35  ,4.7,2018JJ00
AM35  ,4.1,2019JJ00
AM35  ,4.4,2020JJ00
AM35  ,3.9,2021JJ00
AM35  ,3.3,2022JJ00
AM35  ,3.2,2023JJ00
AM36  ,7.4,2013JJ00
AM36  ,7.3,2014JJ00
AM36  ,7.3,2015JJ00
AM36  ,7.1,2016JJ00
AM36  ,5.9,2017JJ00
AM36  ,4.6,2018JJ00
AM36  ,4.0,2019JJ00
AM36  ,4.3,2020JJ00
AM36  ,3.6,2021JJ00
AM36  ,3.2,2022JJ00
AM36  ,3.1,2023JJ00
AM37  ,7.6,2013JJ00
AM37  ,7.8,2014JJ00
AM37  ,7.8,2015JJ00
AM37  ,6.8,2016JJ00
AM37  ,6.0,2017JJ00
AM37  ,4.6,2018JJ00
AM37  ,4.1,2019JJ00
AM37  ,4.9,2020JJ00
AM37  ,4.3,2021JJ00
AM37  ,3.7,2022JJ00
AM37  ,3.7,2023JJ00
AM38  ,7.6,2013JJ00
AM38  ,8.1,2014JJ00
AM38  ,7.8,2015JJ00
AM38  ,7.1,2016JJ00
AM38  ,6.1,2017JJ00
AM38  ,4.8,2018JJ00
AM38  ,4.2,2019JJ00
AM38  ,4.6,2020JJ00
AM38  ,4.1,2021JJ00
AM38  ,3.4,2022JJ00
AM38  ,3.3,2023JJ00
AM99  ,,2013JJ00
AM99  ,,2014JJ00
AM99  ,,2015JJ00
AM99  ,,2016JJ00
AM99  ,,2017JJ00
AM99  ,,2018JJ00
AM99  ,,2019JJ00
AM99  ,,2020JJ00
AM99  ,,2021JJ00
AM99  ,,2022JJ00
AM99  ,,2023JJ00
NL01  ,14.2,2013JJ00
NL01  ,13.7,2014JJ00
NL01  ,12.6,2015JJ00
NL01  ,12.1,2016JJ00
NL01  ,10.4,2017JJ00
NL01  ,8.9,2018JJ00
NL01  ,8.5,2019JJ00
NL01  ,10.6,2020JJ00
NL01  ,9.3,2021JJ00
NL01  ,7.6,2022JJ00
NL01  ,8.2,2023JJ00
LD01  ,15.0,2013JJ00
LD01  ,14.5,2014JJ00
LD01  ,14.0,2015JJ00
LD01  ,13.1,2016JJ00
LD01  ,11.4,2017JJ00
LD01  ,10.2,2018JJ00
LD01  ,9.2,2019JJ00
LD01  ,10.9,2020JJ00
LD01  ,8.9,2021JJ00
LD01  ,7.5,2022JJ00
LD01  ,8.1,2023JJ00
LD02  ,14.1,2013JJ00
LD02  ,13.2,2014JJ00
LD02  ,12.3,2015JJ00
LD02  ,12.0,2016JJ00
LD02  ,10.4,2017JJ00
LD02  ,8.7,2018JJ00
LD02  ,8.1,2019JJ00
LD02  ,10.0,2020JJ00
LD02  ,8.5,2021JJ00
LD02  ,7.1,2022JJ00
LD02  ,7.6,2023JJ00
LD03  ,14.4,2013JJ00
LD03  ,14.1,2014JJ00
LD03  ,12.8,2015JJ00
LD03  ,12.3,2016JJ00
LD03  ,10.5,2017JJ00
LD03  ,9.1,2018JJ00
LD03  ,8.8,2019JJ00
LD03  ,11.2,2020JJ00
LD03  ,10.4,2021JJ00
LD03  ,8.1,2022JJ00
LD03  ,8.8,2023JJ00
LD04  ,13.2,2013JJ00
LD04  ,12.8,2014JJ00
LD04  ,11.6,2015JJ00
LD04  ,11.2,2016JJ00
LD04  ,9.4,2017JJ00
LD04  ,8.0,2018JJ00
LD04  ,7.8,2019JJ00
LD04  ,9.6,2020JJ00
LD04  ,7.9,2021JJ00
LD04  ,7.2,2022JJ00
LD04  ,7.7,2023JJ00
PV20  ,14.7,2013JJ00
PV20  ,14.9,2014JJ00
PV20  ,13.9,2015JJ00
PV20  ,14.6,2016JJ00
PV20  ,12.2,2017JJ00
PV20  ,11.7,2018JJ00
PV20  ,10.4,2019JJ00
PV20  ,12.0,2020JJ00
PV20  ,9.7,2021JJ00
PV20  ,8.1,2022JJ00
PV20  ,8.9,2023JJ00
PV21  ,15.6,2013JJ00
PV21  ,13.9,2014JJ00
PV21  ,14.5,2015JJ00
PV21  ,12.3,2016JJ00
PV21  ,11.0,2017JJ00
PV21  ,9.3,2018JJ00
PV21  ,8.6,2019JJ00
PV21  ,10.0,2020JJ00
PV21  ,8.5,2021JJ00
PV21  ,7.2,2022JJ00
PV21  ,7.7,2023JJ00
PV22  ,14.5,2013JJ00
PV22  ,14.8,2014JJ00
PV22  ,13.3,2015JJ00
PV22  ,11.8,2016JJ00
PV22  ,10.6,2017JJ00
PV22  ,9.1,2018JJ00
PV22  ,8.1,2019JJ00
PV22  ,10.3,2020JJ00
PV22  ,8.3,2021JJ00
PV22  ,6.9,2022JJ00
PV22  ,7.7,2023JJ00
PV23  ,14.0,2013JJ00
PV23  ,13.2,2014JJ00
PV23  ,12.6,2015JJ00
PV23  ,12.3,2016JJ00
PV23  ,10.7,2017JJ00
PV23  ,8.8,2018JJ00
PV23  ,8.0,2019JJ00
PV23  ,9.8,2020JJ00
PV23  ,7.7,2021JJ00
PV23  ,6.5,2022JJ00
PV23  ,7.2,2023JJ00
PV24  ,19.0,2013JJ00
PV24  ,18.7,2014JJ00
PV24  ,14.6,2015JJ00
PV24  ,14.7,2016JJ00
PV24  ,12.3,2017JJ00
PV24  ,9.6,2018JJ00
PV24  ,9.3,2019JJ00
PV24  ,10.9,2020JJ00
PV24  ,10.1,2021JJ00
PV24  ,8.2,2022JJ00
PV24  ,8.8,2023JJ00
PV25  ,13.2,2013JJ00
PV25  ,12.1,2014JJ00
PV25  ,11.6,2015JJ00
PV25  ,11.2,2016JJ00
PV25  ,9.9,2017JJ00
PV25  ,8.4,2018JJ00
PV25  ,8.0,2019JJ00
PV25  ,10.0,2020JJ00
PV25  ,8.7,2021JJ00
PV25  ,7.3,2022JJ00
PV25  ,7.5,2023JJ00
PV26  ,13.1,2013JJ00
PV26  ,12.8,2014JJ00
PV26  ,12.3,2015JJ00
PV26  ,10.9,2016JJ00
PV26  ,9.8,2017JJ00
PV26  ,8.5,2018JJ00
PV26  ,8.0,2019JJ00
PV26  ,10.2,2020JJ00
PV26  ,9.7,2021JJ00
PV26  ,7.7,2022JJ00
PV26  ,8.3,2023JJ00
PV27  ,14.9,2013JJ00
PV27  ,14.0,2014JJ00
PV27  ,12.0,2015JJ00
PV27  ,11.8,2016JJ00
PV27  ,9.9,2017JJ00
PV27  ,8.8,2018JJ00
PV27  ,8.7,2019JJ00
PV27  ,11.3,2020JJ00
PV27  ,10.7,2021JJ00
PV27  ,8.3,2022JJ00
PV27  ,9.0,2023JJ00
PV28  ,14.8,2013JJ00
PV28  ,15.0,2014JJ00
PV28  ,13.9,2015JJ00
PV28  ,13.6,2016JJ00
PV28  ,11.5,2017JJ00
PV28  ,9.8,2018JJ00
PV28  ,9.3,2019JJ00
PV28  ,11.7,2020JJ00
PV28  ,10.8,2021JJ00
PV28  ,8.2,2022JJ00
PV28  ,9.0,2023JJ00
PV29  ,12.3,2013JJ00
PV29  ,11.7,2014JJ00
PV29  ,10.7,2015JJ00
PV29  ,9.7,2016JJ00
PV29  ,8.2,2017JJ00
PV29  ,7.2,2018JJ00
PV29  ,7.3,2019JJ00
PV29  ,9.0,2020JJ00
PV29  ,7.7,2021JJ00
PV29  ,6.5,2022JJ00
PV29  ,7.1,2023JJ00
PV30  ,12.9,2013JJ00
PV30  ,12.6,2014JJ00
PV30  ,11.6,2015JJ00
PV30  ,11.1,2016JJ00
PV30  ,9.2,2017JJ00
PV30  ,7.8,2018JJ00
PV30  ,7.6,2019JJ00
PV30  ,9.3,2020JJ00
PV30  ,7.7,2021JJ00
PV30  ,7.0,2022JJ00
PV30  ,7.5,2023JJ00
PV31  ,13.9,2013JJ00
PV31  ,13.5,2014JJ00
PV31  ,11.8,2015JJ00
PV31  ,11.5,2016JJ00
PV31  ,9.9,2017JJ00
PV31  ,8.4,2018JJ00
PV31  ,8.1,2019JJ00
PV31  ,10.4,2020JJ00
PV31  ,8.5,2021JJ00
PV31  ,7.7,2022JJ00
PV31  ,8.3,2023JJ00
CR01  ,14.4,2013JJ00
CR01  ,14.5,2014JJ00
CR01  ,13.6,2015JJ00
CR01  ,13.5,2016JJ00
CR01  ,11.6,2017JJ00
CR01  ,10.3,2018JJ00
CR01  ,8.9,2019JJ00
CR01  ,10.7,2020JJ00
CR01  ,8.3,2021JJ00
CR01  ,7.0,2022JJ00
CR01  ,7.9,2023JJ00
CR02  ,15.7,2013JJ00
CR02  ,15.3,2014JJ00
CR02  ,14.3,2015JJ00
CR02  ,12.9,2016JJ00
CR02  ,11.3,2017JJ00
CR02  ,9.4,2018JJ00
CR02  ,8.6,2019JJ00
CR02  ,10.8,2020JJ00
CR02  ,8.6,2021JJ00
CR02  ,7.2,2022JJ00
CR02  ,8.4,2023JJ00
CR03  ,14.6,2013JJ00
CR03  ,14.9,2014JJ00
CR03  ,14.0,2015JJ00
CR03  ,15.0,2016JJ00
CR03  ,12.4,2017JJ00
CR03  ,12.1,2018JJ00
CR03  ,10.9,2019JJ00
CR03  ,12.4,2020JJ00
CR03  ,10.1,2021JJ00
CR03  ,8.4,2022JJ00
CR03  ,9.2,2023JJ00
CR04  ,16.1,2013JJ00
CR04  ,14.0,2014JJ00
CR04  ,15.2,2015JJ00
CR04  ,12.6,2016JJ00
CR04  ,11.7,2017JJ00
CR04  ,9.7,2018JJ00
CR04  ,8.9,2019JJ00
CR04  ,10.2,2020JJ00
CR04  ,8.7,2021JJ00
CR04  ,7.5,2022JJ00
CR04  ,7.9,2023JJ00
CR05  ,14.7,2013JJ00
CR05  ,13.8,2014JJ00
CR05  ,13.9,2015JJ00
CR05  ,11.9,2016JJ00
CR05  ,10.0,2017JJ00
CR05  ,8.7,2018JJ00
CR05  ,8.1,2019JJ00
CR05  ,9.5,2020JJ00
CR05  ,7.7,2021JJ00
CR05  ,6.8,2022JJ00
CR05  ,7.1,2023JJ00
CR06  ,15.3,2013JJ00
CR06  ,13.8,2014JJ00
CR06  ,13.5,2015JJ00
CR06  ,12.2,2016JJ00
CR06  ,10.6,2017JJ00
CR06  ,9.0,2018JJ00
CR06  ,8.3,2019JJ00
CR06  ,10.0,2020JJ00
CR06  ,8.6,2021JJ00
CR06  ,7.1,2022JJ00
CR06  ,7.7,2023JJ00
CR07  ,14.6,2013JJ00
CR07  ,14.8,2014JJ00
CR07  ,13.3,2015JJ00
CR07  ,11.8,2016JJ00
CR07  ,10.5,2017JJ00
CR07  ,9.2,2018JJ00
CR07  ,8.2,2019JJ00
CR07  ,10.5,2020JJ00
CR07  ,8.2,2021JJ00
CR07  ,7.1,2022JJ00
CR07  ,7.9,2023JJ00
CR08  ,15.2,2013JJ00
CR08  ,15.5,2014JJ00
CR08  ,14.2,2015JJ00
CR08  ,12.3,2016JJ00
CR08  ,11.3,2017JJ00
CR08  ,9.7,2018JJ00
CR08  ,8.4,2019JJ00
CR08  ,10.8,2020JJ00
CR08  ,9.0,2021JJ00
CR08  ,6.7,2022JJ00
CR08  ,7.7,2023JJ00
CR09  ,13.6,2013JJ00
CR09  ,14.0,2014JJ00
CR09  ,12.0,2015JJ00
CR09  ,11.2,2016JJ00
CR09  ,9.9,2017JJ00
CR09  ,8.4,2018JJ00
CR09  ,7.6,2019JJ00
CR09  ,9.6,2020JJ00
CR09  ,7.7,2021JJ00
CR09  ,6.9,2022JJ00
CR09  ,7.2,2023JJ00
CR10  ,12.7,2013JJ00
CR10  ,12.2,2014JJ00
CR10  ,12.2,2015JJ00
CR10  ,11.7,2016JJ00
CR10  ,10.0,2017JJ00
CR10  ,8.2,2018JJ00
CR10  ,7.6,2019JJ00
CR10  ,9.3,2020JJ00
CR10  ,7.3,2021JJ00
CR10  ,6.3,2022JJ00
CR10  ,6.9,2023JJ00
CR11  ,14.0,2013JJ00
CR11  ,13.7,2014JJ00
CR11  ,13.0,2015JJ00
CR11  ,13.0,2016JJ00
CR11  ,11.1,2017JJ00
CR11  ,9.8,2018JJ00
CR11  ,8.2,2019JJ00
CR11  ,9.8,2020JJ00
CR11  ,7.6,2021JJ00
CR11  ,6.5,2022JJ00
CR11  ,7.7,2023JJ00
CR12  ,14.8,2013JJ00
CR12  ,13.7,2014JJ00
CR12  ,12.8,2015JJ00
CR12  ,12.5,2016JJ00
CR12  ,11.0,2017JJ00
CR12  ,9.0,2018JJ00
CR12  ,8.1,2019JJ00
CR12  ,10.1,2020JJ00
CR12  ,8.0,2021JJ00
CR12  ,6.6,2022JJ00
CR12  ,7.3,2023JJ00
CR13  ,12.3,2013JJ00
CR13  ,11.2,2014JJ00
CR13  ,10.8,2015JJ00
CR13  ,10.7,2016JJ00
CR13  ,9.5,2017JJ00
CR13  ,8.1,2018JJ00
CR13  ,7.7,2019JJ00
CR13  ,9.5,2020JJ00
CR13  ,8.3,2021JJ00
CR13  ,7.1,2022JJ00
CR13  ,7.3,2023JJ00
CR14  ,12.8,2013JJ00
CR14  ,12.3,2014JJ00
CR14  ,11.4,2015JJ00
CR14  ,11.0,2016JJ00
CR14  ,10.0,2017JJ00
CR14  ,8.3,2018JJ00
CR14  ,7.8,2019JJ00
CR14  ,9.5,2020JJ00
CR14  ,7.7,2021JJ00
CR14  ,6.8,2022JJ00
CR14  ,7.2,2023JJ00
CR15  ,14.3,2013JJ00
CR15  ,12.9,2014JJ00
CR15  ,12.6,2015JJ00
CR15  ,12.0,2016JJ00
CR15  ,10.3,2017JJ00
CR15  ,8.9,2018JJ00
CR15  ,8.4,2019JJ00
CR15  ,10.7,2020JJ00
CR15  ,9.9,2021JJ00
CR15  ,7.9,2022JJ00
CR15  ,8.0,2023JJ00
CR16  ,13.0,2013JJ00
CR16  ,12.3,2014JJ00
CR16  ,11.5,2015JJ00
CR16  ,10.6,2016JJ00
CR16  ,9.4,2017JJ00
CR16  ,8.0,2018JJ00
CR16  ,7.8,2019JJ00
CR16  ,9.6,2020JJ00
CR16  ,7.8,2021JJ00
CR16  ,6.9,2022JJ00
CR16  ,7.3,2023JJ00
CR17  ,13.1,2013JJ00
CR17  ,12.8,2014JJ00
CR17  ,12.3,2015JJ00
CR17  ,10.9,2016JJ00
CR17  ,9.8,2017JJ00
CR17  ,8.5,2018JJ00
CR17  ,8.0,2019JJ00
CR17  ,10.2,2020JJ00
CR17  ,9.7,2021JJ00
CR17  ,7.7,2022JJ00
CR17  ,8.3,2023JJ00
CR18  ,12.5,2013JJ00
CR18  ,12.4,2014JJ00
CR18  ,11.0,2015JJ00
CR18  ,10.5,2016JJ00
CR18  ,9.2,2017JJ00
CR18  ,8.1,2018JJ00
CR18  ,7.7,2019JJ00
CR18  ,9.3,2020JJ00
CR18  ,7.9,2021JJ00
CR18  ,6.8,2022JJ00
CR18  ,7.3,2023JJ00
CR19  ,13.8,2013JJ00
CR19  ,13.1,2014JJ00
CR19  ,11.2,2015JJ00
CR19  ,11.0,2016JJ00
CR19  ,9.7,2017JJ00
CR19  ,8.6,2018JJ00
CR19  ,8.0,2019JJ00
CR19  ,9.7,2020JJ00
CR19  ,8.3,2021JJ00
CR19  ,6.8,2022JJ00
CR19  ,7.7,2023JJ00
CR20  ,12.5,2013JJ00
CR20  ,12.6,2014JJ00
CR20  ,11.3,2015JJ00
CR20  ,10.4,2016JJ00
CR20  ,9.4,2017JJ00
CR20  ,7.9,2018JJ00
CR20  ,7.8,2019JJ00
CR20  ,9.6,2020JJ00
CR20  ,8.3,2021JJ00
CR20  ,7.1,2022JJ00
CR20  ,7.7,2023JJ00
CR21  ,14.2,2013JJ00
CR21  ,12.9,2014JJ00
CR21  ,11.6,2015JJ00
CR21  ,11.7,2016JJ00
CR21  ,10.4,2017JJ00
CR21  ,8.4,2018JJ00
CR21  ,8.6,2019JJ00
CR21  ,11.1,2020JJ00
CR21  ,9.2,2021JJ00
CR21  ,7.9,2022JJ00
CR21  ,8.6,2023JJ00
CR22  ,14.7,2013JJ00
CR22  ,14.7,2014JJ00
CR22  ,12.6,2015JJ00
CR22  ,12.6,2016JJ00
CR22  ,9.9,2017JJ00
CR22  ,9.6,2018JJ00
CR22  ,8.1,2019JJ00
CR22  ,10.7,2020JJ00
CR22  ,9.4,2021JJ00
CR22  ,7.6,2022JJ00
CR22  ,8.4,2023JJ00
CR23  ,16.4,2013JJ00
CR23  ,14.9,2014JJ00
CR23  ,12.5,2015JJ00
CR23  ,12.3,2016JJ00
CR23  ,10.1,2017JJ00
CR23  ,9.0,2018JJ00
CR23  ,9.5,2019JJ00
CR23  ,12.5,2020JJ00
CR23  ,12.8,2021JJ00
CR23  ,9.4,2022JJ00
CR23  ,10.2,2023JJ00
CR24  ,13.8,2013JJ00
CR24  ,13.9,2014JJ00
CR24  ,11.9,2015JJ00
CR24  ,11.8,2016JJ00
CR24  ,10.1,2017JJ00
CR24  ,8.9,2018JJ00
CR24  ,8.4,2019JJ00
CR24  ,10.8,2020JJ00
CR24  ,9.1,2021JJ00
CR24  ,7.7,2022JJ00
CR24  ,8.2,2023JJ00
CR25  ,12.8,2013JJ00
CR25  ,12.0,2014JJ00
CR25  ,10.9,2015JJ00
CR25  ,11.2,2016JJ00
CR25  ,9.7,2017JJ00
CR25  ,8.8,2018JJ00
CR25  ,8.1,2019JJ00
CR25  ,10.5,2020JJ00
CR25  ,8.5,2021JJ00
CR25  ,7.3,2022JJ00
CR25  ,8.0,2023JJ00
CR26  ,17.2,2013JJ00
CR26  ,17.5,2014JJ00
CR26  ,15.6,2015JJ00
CR26  ,15.7,2016JJ00
CR26  ,13.7,2017JJ00
CR26  ,10.8,2018JJ00
CR26  ,10.5,2019JJ00
CR26  ,13.5,2020JJ00
CR26  ,12.8,2021JJ00
CR26  ,9.6,2022JJ00
CR26  ,10.2,2023JJ00
CR27  ,12.0,2013JJ00
CR27  ,12.0,2014JJ00
CR27  ,10.9,2015JJ00
CR27  ,10.9,2016JJ00
CR27  ,9.6,2017JJ00
CR27  ,8.6,2018JJ00
CR27  ,8.0,2019JJ00
CR27  ,10.1,2020JJ00
CR27  ,9.6,2021JJ00
CR27  ,7.8,2022JJ00
CR27  ,8.3,2023JJ00
CR28  ,12.9,2013JJ00
CR28  ,12.1,2014JJ00
CR28  ,11.8,2015JJ00
CR28  ,11.2,2016JJ00
CR28  ,9.8,2017JJ00
CR28  ,8.1,2018JJ00
CR28  ,7.9,2019JJ00
CR28  ,9.8,2020JJ00
CR28  ,8.2,2021JJ00
CR28  ,7.0,2022JJ00
CR28  ,7.6,2023JJ00
CR29  ,15.6,2013JJ00
CR29  ,16.2,2014JJ00
CR29  ,15.4,2015JJ00
CR29  ,14.9,2016JJ00
CR29  ,12.2,2017JJ00
CR29  ,10.5,2018JJ00
CR29  ,10.0,2019JJ00
CR29  ,12.3,2020JJ00
CR29  ,11.8,2021JJ00
CR29  ,8.4,2022JJ00
CR29  ,9.5,2023JJ00
CR30  ,13.5,2013JJ00
CR30  ,13.9,2014JJ00
CR30  ,12.8,2015JJ00
CR30  ,11.6,2016JJ00
CR30  ,10.1,2017JJ00
CR30  ,8.6,2018JJ00
CR30  ,8.2,2019JJ00
CR30  ,10.5,2020JJ00
CR30  ,8.8,2021JJ00
CR30  ,7.1,2022JJ00
CR30  ,7.9,2023JJ00
CR31  ,12.9,2013JJ00
CR31  ,12.2,2014JJ00
CR31  ,11.1,2015JJ00
CR31  ,10.3,2016JJ00
CR31  ,8.3,2017JJ00
CR31  ,7.5,2018JJ00
CR31  ,7.8,2019JJ00
CR31  ,9.7,2020JJ00
CR31  ,8.0,2021JJ00
CR31  ,7.1,2022JJ00
CR31  ,7.7,2023JJ00
CR32  ,12.1,2013JJ00
CR32  ,11.5,2014JJ00
CR32  ,10.5,2015JJ00
CR32  ,9.5,2016JJ00
CR32  ,8.1,2017JJ00
CR32  ,7.1,2018JJ00
CR32  ,7.2,2019JJ00
CR32  ,8.8,2020JJ00
CR32  ,7.6,2021JJ00
CR32  ,6.3,2022JJ00
CR32  ,7.0,2023JJ00
CR33  ,13.4,2013JJ00
CR33  ,12.6,2014JJ00
CR33  ,12.0,2015JJ00
CR33  ,11.4,2016JJ00
CR33  ,9.3,2017JJ00
CR33  ,7.9,2018JJ00
CR33  ,7.8,2019JJ00
CR33  ,9.8,2020JJ00
CR33  ,7.9,2021JJ00
CR33  ,7.1,2022JJ00
CR33  ,7.7,2023JJ00
CR34  ,13.2,2013JJ00
CR34  ,12.9,2014JJ00
CR34  ,11.4,2015JJ00
CR34  ,10.8,2016JJ00
CR34  ,9.0,2017JJ00
CR34  ,7.5,2018JJ00
CR34  ,7.7,2019JJ00
CR34  ,9.4,2020JJ00
CR34  ,7.6,2021JJ00
CR34  ,7.1,2022JJ00
CR34  ,7.5,2023JJ00
CR35  ,12.4,2013JJ00
CR35  ,12.3,2014JJ00
CR35  ,11.2,2015JJ00
CR35  ,10.4,2016JJ00
CR35  ,9.2,2017JJ00
CR35  ,7.6,2018JJ00
CR35  ,7.2,2019JJ00
CR35  ,8.8,2020JJ00
CR35  ,7.2,2021JJ00
CR35  ,6.7,2022JJ00
CR35  ,6.9,2023JJ00
CR36  ,12.8,2013JJ00
CR36  ,12.6,2014JJ00
CR36  ,11.7,2015JJ00
CR36  ,11.6,2016JJ00
CR36  ,9.3,2017JJ00
CR36  ,8.2,2018JJ00
CR36  ,7.8,2019JJ00
CR36  ,9.4,2020JJ00
CR36  ,8.0,2021JJ00
CR36  ,7.0,2022JJ00
CR36  ,7.8,2023JJ00
CR37  ,12.6,2013JJ00
CR37  ,13.2,2014JJ00
CR37  ,11.2,2015JJ00
CR37  ,10.5,2016JJ00
CR37  ,9.1,2017JJ00
CR37  ,7.7,2018JJ00
CR37  ,7.4,2019JJ00
CR37  ,9.1,2020JJ00
CR37  ,7.6,2021JJ00
CR37  ,7.0,2022JJ00
CR37  ,7.6,2023JJ00
CR38  ,13.4,2013JJ00
CR38  ,12.8,2014JJ00
CR38  ,11.3,2015JJ00
CR38  ,11.2,2016JJ00
CR38  ,9.7,2017JJ00
CR38  ,8.2,2018JJ00
CR38  ,7.7,2019JJ00
CR38  ,9.9,2020JJ00
CR38  ,8.0,2021JJ00
CR38  ,7.2,2022JJ00
CR38  ,8.0,2023JJ00
CR39  ,14.7,2013JJ00
CR39  ,13.9,2014JJ00
CR39  ,12.2,2015JJ00
CR39  ,12.2,2016JJ00
CR39  ,10.3,2017JJ00
CR39  ,8.8,2018JJ00
CR39  ,8.6,2019JJ00
CR39  ,11.3,2020JJ00
CR39  ,9.2,2021JJ00
CR39  ,8.3,2022JJ00
CR39  ,8.8,2023JJ00
CR40  ,19.0,2013JJ00
CR40  ,18.7,2014JJ00
CR40  ,14.6,2015JJ00
CR40  ,14.7,2016JJ00
CR40  ,12.3,2017JJ00
CR40  ,9.6,2018JJ00
CR40  ,9.3,2019JJ00
CR40  ,10.9,2020JJ00
CR40  ,10.1,2021JJ00
CR40  ,8.2,2022JJ00
CR40  ,8.8,2023JJ00
GM1680,12.6,2013JJ00
GM1680,13.8,2014JJ00
GM1680,12.7,2015JJ00
GM1680,10.7,2016JJ00
GM1680,10.2,2017JJ00
GM1680,8.1,2018JJ00
GM1680,7.9,2019JJ00
GM1680,10.0,2020JJ00
GM1680,8.0,2021JJ00
GM1680,7.1,2022JJ00
GM1680,7.2,2023JJ00
GM0358,13.0,2013JJ00
GM0358,12.0,2014JJ00
GM0358,11.3,2015JJ00
GM0358,10.8,2016JJ00
GM0358,9.1,2017JJ00
GM0358,7.5,2018JJ00
GM0358,7.8,2019JJ00
GM0358,10.1,2020JJ00
GM0358,9.2,2021JJ00
GM0358,6.9,2022JJ00
GM0358,7.2,2023JJ00
GM0197,12.5,2013JJ00
GM0197,11.8,2014JJ00
GM0197,10.8,2015JJ00
GM0197,10.7,2016JJ00
GM0197,9.4,2017JJ00
GM0197,7.8,2018JJ00
GM0197,7.5,2019JJ00
GM0197,9.0,2020JJ00
GM0197,7.5,2021JJ00
GM0197,6.8,2022JJ00
GM0197,7.0,2023JJ00
GM0059,14.5,2013JJ00
GM0059,14.7,2014JJ00
GM0059,14.1,2015JJ00
GM0059,11.2,2016JJ00
GM0059,9.9,2017JJ00
GM0059,8.6,2018JJ00
GM0059,8.1,2019JJ00
GM0059,9.6,2020JJ00
GM0059,7.8,2021JJ00
GM0059,6.5,2022JJ00
GM0059,7.3,2023JJ00
GM0482,12.5,2013JJ00
GM0482,12.1,2014JJ00
GM0482,11.6,2015JJ00
GM0482,10.4,2016JJ00
GM0482,9.8,2017JJ00
GM0482,7.7,2018JJ00
GM0482,7.6,2019JJ00
GM0482,9.7,2020JJ00
GM0482,7.9,2021JJ00
GM0482,6.6,2022JJ00
GM0482,7.1,2023JJ00
GM0613,14.3,2013JJ00
GM0613,13.4,2014JJ00
GM0613,12.3,2015JJ00
GM0613,11.5,2016JJ00
GM0613,10.6,2017JJ00
GM0613,8.8,2018JJ00
GM0613,8.7,2019JJ00
GM0613,10.7,2020JJ00
GM0613,9.0,2021JJ00
GM0613,7.0,2022JJ00
GM0613,7.6,2023JJ00
GM0361,13.9,2013JJ00
GM0361,14.1,2014JJ00
GM0361,11.0,2015JJ00
GM0361,11.6,2016JJ00
GM0361,10.0,2017JJ00
GM0361,9.0,2018JJ00
GM0361,8.3,2019JJ00
GM0361,10.2,2020JJ00
GM0361,8.8,2021JJ00
GM0361,7.0,2022JJ00
GM0361,7.9,2023JJ00
GM0141,16.9,2013JJ00
GM0141,15.7,2014JJ00
GM0141,15.1,2015JJ00
GM0141,13.8,2016JJ00
GM0141,12.9,2017JJ00
GM0141,9.9,2018JJ00
GM0141,8.7,2019JJ00
GM0141,11.1,2020JJ00
GM0141,9.7,2021JJ00
GM0141,7.2,2022JJ00
GM0141,8.0,2023JJ00
GM0034,23.0,2013JJ00
GM0034,22.0,2014JJ00
GM0034,17.1,2015JJ00
GM0034,17.7,2016JJ00
GM0034,14.1,2017JJ00
GM0034,10.7,2018JJ00
GM0034,10.6,2019JJ00
GM0034,12.3,2020JJ00
GM0034,12.0,2021JJ00
GM0034,9.1,2022JJ00
GM0034,9.8,2023JJ00
GM0484,12.7,2013JJ00
GM0484,12.1,2014JJ00
GM0484,11.5,2015JJ00
GM0484,11.2,2016JJ00
GM0484,10.0,2017JJ00
GM0484,7.9,2018JJ00
GM0484,8.2,2019JJ00
GM0484,10.0,2020JJ00
GM0484,8.0,2021JJ00
GM0484,6.7,2022JJ00
GM0484,7.6,2023JJ00
GM1723,11.2,2013JJ00
GM1723,10.5,2014JJ00
GM1723,10.2,2015JJ00
GM1723,9.5,2016JJ00
GM1723,8.9,2017JJ00
GM1723,7.6,2018JJ00
GM1723,7.3,2019JJ00
GM1723,8.7,2020JJ00
GM1723,7.6,2021JJ00
GM1723,6.4,2022JJ00
GM1723,7.1,2023JJ00
GM1959,11.4,2013JJ00
GM1959,11.6,2014JJ00
GM1959,10.8,2015JJ00
GM1959,9.9,2016JJ00
GM1959,8.7,2017JJ00
GM1959,7.6,2018JJ00
GM1959,6.9,2019JJ00
GM1959,8.5,2020JJ00
GM1959,6.7,2021JJ00
GM1959,6.1,2022JJ00
GM1959,6.4,2023JJ00
GM0060,11.8,2013JJ00
GM0060,11.7,2014JJ00
GM0060,10.5,2015JJ00
GM0060,9.9,2016JJ00
GM0060,8.5,2017JJ00
GM0060,7.3,2018JJ00
GM0060,7.0,2019JJ00
GM0060,8.5,2020JJ00
GM0060,7.1,2021JJ00
GM0060,6.4,2022JJ00
GM0060,6.8,2023JJ00
GM0307,13.6,2013JJ00
GM0307,13.4,2014JJ00
GM0307,13.4,2015JJ00
GM0307,11.0,2016JJ00
GM0307,11.1,2017JJ00
GM0307,9.6,2018JJ00
GM0307,8.0,2019JJ00
GM0307,10.2,2020JJ00
GM0307,11.3,2021JJ00
GM0307,7.8,2022JJ00
GM0307,9.1,2023JJ00
GM0362,15.2,2013JJ00
GM0362,13.9,2014JJ00
GM0362,12.5,2015JJ00
GM0362,12.4,2016JJ00
GM0362,10.4,2017JJ00
GM0362,10.3,2018JJ00
GM0362,8.7,2019JJ00
GM0362,11.7,2020JJ00
GM0362,10.3,2021JJ00
GM0362,8.6,2022JJ00
GM0362,9.3,2023JJ00
GM0363,17.5,2013JJ00
GM0363,15.7,2014JJ00
GM0363,12.6,2015JJ00
GM0363,12.7,2016JJ00
GM0363,10.3,2017JJ00
GM0363,9.4,2018JJ00
GM0363,10.2,2019JJ00
GM0363,13.7,2020JJ00
GM0363,14.7,2021JJ00
GM0363,10.4,2022JJ00
GM0363,11.3,2023JJ00
GM0200,13.5,2013JJ00
GM0200,11.2,2014JJ00
GM0200,11.5,2015JJ00
GM0200,11.5,2016JJ00
GM0200,10.1,2017JJ00
GM0200,9.0,2018JJ00
GM0200,8.3,2019JJ00
GM0200,10.6,2020JJ00
GM0200,8.8,2021JJ00
GM0200,8.0,2022JJ00
GM0200,7.6,2023JJ00
GM0202,15.0,2013JJ00
GM0202,15.4,2014JJ00
GM0202,14.4,2015JJ00
GM0202,13.5,2016JJ00
GM0202,11.7,2017JJ00
GM0202,9.5,2018JJ00
GM0202,9.2,2019JJ00
GM0202,11.7,2020JJ00
GM0202,12.4,2021JJ00
GM0202,9.1,2022JJ00
GM0202,8.6,2023JJ00
GM0106,15.9,2013JJ00
GM0106,17.0,2014JJ00
GM0106,15.2,2015JJ00
GM0106,12.5,2016JJ00
GM0106,11.1,2017JJ00
GM0106,10.1,2018JJ00
GM0106,8.5,2019JJ00
GM0106,11.2,2020JJ00
GM0106,8.8,2021JJ00
GM0106,7.4,2022JJ00
GM0106,8.7,2023JJ00
GM0743,11.3,2013JJ00
GM0743,10.8,2014JJ00
GM0743,10.4,2015JJ00
GM0743,10.0,2016JJ00
GM0743,9.0,2017JJ00
GM0743,7.3,2018JJ00
GM0743,7.0,2019JJ00
GM0743,8.7,2020JJ00
GM0743,7.2,2021JJ00
GM0743,6.4,2022JJ00
GM0743,6.7,2023JJ00
GM0744,12.9,2013JJ00
GM0744,12.2,2014JJ00
GM0744,11.6,2015JJ00
GM0744,10.5,2016JJ00
GM0744,9.1,2017JJ00
GM0744,8.1,2018JJ00
GM0744,7.8,2019JJ00
GM0744,9.7,2020JJ00
GM0744,8.3,2021JJ00
GM0744,6.9,2022JJ00
GM0744,7.6,2023JJ00
GM0308,13.6,2013JJ00
GM0308,12.8,2014JJ00
GM0308,12.6,2015JJ00
GM0308,11.4,2016JJ00
GM0308,9.7,2017JJ00
GM0308,8.5,2018JJ00
GM0308,8.0,2019JJ00
GM0308,10.2,2020JJ00
GM0308,8.4,2021JJ00
GM0308,7.5,2022JJ00
GM0308,8.3,2023JJ00
GM0489,14.6,2013JJ00
GM0489,14.3,2014JJ00
GM0489,11.9,2015JJ00
GM0489,11.6,2016JJ00
GM0489,11.1,2017JJ00
GM0489,9.1,2018JJ00
GM0489,8.0,2019JJ00
GM0489,10.6,2020JJ00
GM0489,9.5,2021JJ00
GM0489,7.8,2022JJ00
GM0489,7.9,2023JJ00
GM0203,10.6,2013JJ00
GM0203,9.9,2014JJ00
GM0203,9.5,2015JJ00
GM0203,9.2,2016JJ00
GM0203,8.7,2017JJ00
GM0203,6.8,2018JJ00
GM0203,6.7,2019JJ00
GM0203,8.2,2020JJ00
GM0203,7.7,2021JJ00
GM0203,6.5,2022JJ00
GM0203,6.8,2023JJ00
GM0888,13.3,2013JJ00
GM0888,12.1,2014JJ00
GM0888,12.1,2015JJ00
GM0888,10.7,2016JJ00
GM0888,9.1,2017JJ00
GM0888,8.3,2018JJ00
GM0888,7.8,2019JJ00
GM0888,9.6,2020JJ00
GM0888,8.0,2021JJ00
GM0888,7.0,2022JJ00
GM0888,7.5,2023JJ00
GM1954,13.5,2013JJ00
GM1954,12.9,2014JJ00
GM1954,11.3,2015JJ00
GM1954,10.8,2016JJ00
GM1954,9.7,2017JJ00
GM1954,8.4,2018JJ00
GM1954,7.6,2019JJ00
GM1954,10.3,2020JJ00
GM1954,7.7,2021JJ00
GM1954,7.3,2022JJ00
GM1954,7.4,2023JJ00
GM0889,13.5,2013JJ00
GM0889,12.4,2014JJ00
GM0889,12.0,2015JJ00
GM0889,12.4,2016JJ00
GM0889,9.4,2017JJ00
GM0889,8.3,2018JJ00
GM0889,7.4,2019JJ00
GM0889,9.8,2020JJ00
GM0889,7.6,2021JJ00
GM0889,6.8,2022JJ00
GM0889,7.4,2023JJ00
GM1945,13.6,2013JJ00
GM1945,12.1,2014JJ00
GM1945,12.2,2015JJ00
GM1945,11.6,2016JJ00
GM1945,9.9,2017JJ00
GM1945,8.1,2018JJ00
GM1945,8.1,2019JJ00
GM1945,10.3,2020JJ00
GM1945,7.4,2021JJ00
GM1945,6.8,2022JJ00
GM1945,7.5,2023JJ00
GM1724,12.0,2013JJ00
GM1724,11.3,2014JJ00
GM1724,10.2,2015JJ00
GM1724,9.5,2016JJ00
GM1724,8.4,2017JJ00
GM1724,7.0,2018JJ00
GM1724,6.7,2019JJ00
GM1724,8.5,2020JJ00
GM1724,6.6,2021JJ00
GM1724,6.2,2022JJ00
GM1724,6.7,2023JJ00
GM0893,12.1,2013JJ00
GM0893,11.4,2014JJ00
GM0893,10.4,2015JJ00
GM0893,9.8,2016JJ00
GM0893,8.6,2017JJ00
GM0893,7.8,2018JJ00
GM0893,7.3,2019JJ00
GM0893,8.8,2020JJ00
GM0893,7.2,2021JJ00
GM0893,6.6,2022JJ00
GM0893,7.1,2023JJ00
GM0373,13.2,2013JJ00
GM0373,12.5,2014JJ00
GM0373,12.1,2015JJ00
GM0373,10.4,2016JJ00
GM0373,9.2,2017JJ00
GM0373,8.3,2018JJ00
GM0373,7.8,2019JJ00
GM0373,9.6,2020JJ00
GM0373,7.5,2021JJ00
GM0373,6.8,2022JJ00
GM0373,7.6,2023JJ00
GM0748,14.3,2013JJ00
GM0748,14.7,2014JJ00
GM0748,13.9,2015JJ00
GM0748,13.1,2016JJ00
GM0748,10.5,2017JJ00
GM0748,9.2,2018JJ00
GM0748,8.4,2019JJ00
GM0748,10.8,2020JJ00
GM0748,8.6,2021JJ00
GM0748,7.3,2022JJ00
GM0748,8.2,2023JJ00
GM1859,11.8,2013JJ00
GM1859,11.1,2014JJ00
GM1859,9.8,2015JJ00
GM1859,10.4,2016JJ00
GM1859,8.9,2017JJ00
GM1859,7.7,2018JJ00
GM1859,7.4,2019JJ00
GM1859,9.4,2020JJ00
GM1859,6.7,2021JJ00
GM1859,6.7,2022JJ00
GM1859,7.0,2023JJ00
GM1721,12.1,2013JJ00
GM1721,11.7,2014JJ00
GM1721,10.3,2015JJ00
GM1721,10.1,2016JJ00
GM1721,9.0,2017JJ00
GM1721,7.6,2018JJ00
GM1721,6.9,2019JJ00
GM1721,8.6,2020JJ00
GM1721,6.6,2021JJ00
GM1721,6.2,2022JJ00
GM1721,6.4,2023JJ00
GM0753,13.0,2013JJ00
GM0753,13.0,2014JJ00
GM0753,11.3,2015JJ00
GM0753,10.8,2016JJ00
GM0753,9.2,2017JJ00
GM0753,7.7,2018JJ00
GM0753,7.3,2019JJ00
GM0753,8.7,2020JJ00
GM0753,8.0,2021JJ00
GM0753,7.7,2022JJ00
GM0753,7.1,2023JJ00
GM0209,13.7,2013JJ00
GM0209,12.7,2014JJ00
GM0209,11.4,2015JJ00
GM0209,10.8,2016JJ00
GM0209,9.2,2017JJ00
GM0209,8.2,2018JJ00
GM0209,7.7,2019JJ00
GM0209,8.9,2020JJ00
GM0209,7.5,2021JJ00
GM0209,7.1,2022JJ00
GM0209,7.7,2023JJ00
GM0375,13.5,2013JJ00
GM0375,13.9,2014JJ00
GM0375,12.5,2015JJ00
GM0375,11.3,2016JJ00
GM0375,9.7,2017JJ00
GM0375,8.5,2018JJ00
GM0375,7.8,2019JJ00
GM0375,10.3,2020JJ00
GM0375,9.3,2021JJ00
GM0375,7.2,2022JJ00
GM0375,8.1,2023JJ00
GM0310,13.5,2013JJ00
GM0310,12.6,2014JJ00
GM0310,12.3,2015JJ00
GM0310,11.3,2016JJ00
GM0310,10.6,2017JJ00
GM0310,8.8,2018JJ00
GM0310,8.5,2019JJ00
GM0310,10.3,2020JJ00
GM0310,8.6,2021JJ00
GM0310,7.7,2022JJ00
GM0310,8.3,2023JJ00
GM1728,11.6,2013JJ00
GM1728,11.0,2014JJ00
GM1728,10.1,2015JJ00
GM1728,10.2,2016JJ00
GM1728,8.2,2017JJ00
GM1728,7.4,2018JJ00
GM1728,6.9,2019JJ00
GM1728,8.4,2020JJ00
GM1728,6.8,2021JJ00
GM1728,6.1,2022JJ00
GM1728,6.5,2023JJ00
GM0376,14.7,2013JJ00
GM0376,13.5,2014JJ00
GM0376,12.5,2015JJ00
GM0376,12.2,2016JJ00
GM0376,11.0,2017JJ00
GM0376,9.7,2018JJ00
GM0376,8.8,2019JJ00
GM0376,10.7,2020JJ00
GM0376,9.0,2021JJ00
GM0376,7.5,2022JJ00
GM0376,8.1,2023JJ00
GM0377,14.1,2013JJ00
GM0377,13.3,2014JJ00
GM0377,12.6,2015JJ00
GM0377,11.4,2016JJ00
GM0377,10.3,2017JJ00
GM0377,9.8,2018JJ00
GM0377,8.5,2019JJ00
GM0377,10.3,2020JJ00
GM0377,9.2,2021JJ00
GM0377,7.6,2022JJ00
GM0377,8.2,2023JJ00
GM1901,12.5,2013JJ00
GM1901,12.0,2014JJ00
GM1901,11.3,2015JJ00
GM1901,9.9,2016JJ00
GM1901,9.4,2017JJ00
GM1901,7.7,2018JJ00
GM1901,7.3,2019JJ00
GM1901,9.3,2020JJ00
GM1901,7.3,2021JJ00
GM1901,6.5,2022JJ00
GM1901,7.6,2023JJ00
GM0755,12.2,2013JJ00
GM0755,11.0,2014JJ00
GM0755,9.8,2015JJ00
GM0755,8.9,2016JJ00
GM0755,7.9,2017JJ00
GM0755,7.2,2018JJ00
GM0755,6.9,2019JJ00
GM0755,8.6,2020JJ00
GM0755,7.0,2021JJ00
GM0755,6.4,2022JJ00
GM0755,6.9,2023JJ00
GM1681,13.6,2013JJ00
GM1681,14.3,2014JJ00
GM1681,12.8,2015JJ00
GM1681,11.1,2016JJ00
GM1681,10.5,2017JJ00
GM1681,8.4,2018JJ00
GM1681,7.3,2019JJ00
GM1681,9.4,2020JJ00
GM1681,8.1,2021JJ00
GM1681,6.4,2022JJ00
GM1681,7.1,2023JJ00
GM0147,12.3,2013JJ00
GM0147,12.7,2014JJ00
GM0147,12.2,2015JJ00
GM0147,11.3,2016JJ00
GM0147,9.7,2017JJ00
GM0147,8.5,2018JJ00
GM0147,8.0,2019JJ00
GM0147,9.1,2020JJ00
GM0147,7.6,2021JJ00
GM0147,6.6,2022JJ00
GM0147,7.1,2023JJ00
GM0654,11.6,2013JJ00
GM0654,11.0,2014JJ00
GM0654,10.4,2015JJ00
GM0654,8.7,2016JJ00
GM0654,8.1,2017JJ00
GM0654,6.6,2018JJ00
GM0654,6.8,2019JJ00
GM0654,8.1,2020JJ00
GM0654,6.6,2021JJ00
GM0654,6.1,2022JJ00
GM0654,6.9,2023JJ00
GM0757,12.5,2013JJ00
GM0757,12.3,2014JJ00
GM0757,11.9,2015JJ00
GM0757,11.4,2016JJ00
GM0757,9.7,2017JJ00
GM0757,7.9,2018JJ00
GM0757,7.5,2019JJ00
GM0757,9.5,2020JJ00
GM0757,8.2,2021JJ00
GM0757,7.2,2022JJ00
GM0757,7.4,2023JJ00
GM0758,14.2,2013JJ00
GM0758,11.8,2014JJ00
GM0758,12.2,2015JJ00
GM0758,11.7,2016JJ00
GM0758,8.4,2017JJ00
GM0758,7.5,2018JJ00
GM0758,7.9,2019JJ00
GM0758,10.1,2020JJ00
GM0758,7.7,2021JJ00
GM0758,7.1,2022JJ00
GM0758,8.0,2023JJ00
GM1876,12.9,2013JJ00
GM1876,10.7,2014JJ00
GM1876,10.3,2015JJ00
GM1876,9.3,2016JJ00
GM1876,9.6,2017JJ00
GM1876,8.4,2018JJ00
GM1876,7.5,2019JJ00
GM1876,9.2,2020JJ00
GM1876,7.0,2021JJ00
GM1876,6.8,2022JJ00
GM1876,6.7,2023JJ00
GM0213,12.7,2013JJ00
GM0213,12.3,2014JJ00
GM0213,11.3,2015JJ00
GM0213,10.5,2016JJ00
GM0213,10.2,2017JJ00
GM0213,8.6,2018JJ00
GM0213,7.6,2019JJ00
GM0213,9.7,2020JJ00
GM0213,8.0,2021JJ00
GM0213,6.9,2022JJ00
GM0213,7.4,2023JJ00
GM0899,14.8,2013JJ00
GM0899,13.9,2014JJ00
GM0899,13.0,2015JJ00
GM0899,11.2,2016JJ00
GM0899,10.5,2017JJ00
GM0899,9.3,2018JJ00
GM0899,8.7,2019JJ00
GM0899,11.2,2020JJ00
GM0899,9.2,2021JJ00
GM0899,7.3,2022JJ00
GM0899,8.7,2023JJ00
GM0312,12.1,2013JJ00
GM0312,11.7,2014JJ00
GM0312,10.4,2015JJ00
GM0312,11.0,2016JJ00
GM0312,8.9,2017JJ00
GM0312,7.9,2018JJ00
GM0312,7.8,2019JJ00
GM0312,9.7,2020JJ00
GM0312,8.0,2021JJ00
GM0312,7.0,2022JJ00
GM0312,7.5,2023JJ00
GM0313,11.4,2013JJ00
GM0313,11.6,2014JJ00
GM0313,10.9,2015JJ00
GM0313,9.8,2016JJ00
GM0313,8.5,2017JJ00
GM0313,7.5,2018JJ00
GM0313,6.9,2019JJ00
GM0313,8.3,2020JJ00
GM0313,7.1,2021JJ00
GM0313,6.4,2022JJ00
GM0313,6.7,2023JJ00
GM0214,12.3,2013JJ00
GM0214,11.8,2014JJ00
GM0214,10.5,2015JJ00
GM0214,10.0,2016JJ00
GM0214,9.1,2017JJ00
GM0214,7.9,2018JJ00
GM0214,7.8,2019JJ00
GM0214,8.7,2020JJ00
GM0214,6.9,2021JJ00
GM0214,6.8,2022JJ00
GM0214,6.9,2023JJ00
GM0502,15.6,2013JJ00
GM0502,15.8,2014JJ00
GM0502,14.7,2015JJ00
GM0502,13.8,2016JJ00
GM0502,11.7,2017JJ00
GM0502,9.1,2018JJ00
GM0502,8.9,2019JJ00
GM0502,11.5,2020JJ00
GM0502,10.4,2021JJ00
GM0502,8.6,2022JJ00
GM0502,9.4,2023JJ00
GM0383,11.9,2013JJ00
GM0383,12.3,2014JJ00
GM0383,10.7,2015JJ00
GM0383,9.7,2016JJ00
GM0383,9.2,2017JJ00
GM0383,7.6,2018JJ00
GM0383,7.6,2019JJ00
GM0383,9.4,2020JJ00
GM0383,7.8,2021JJ00
GM0383,6.6,2022JJ00
GM0383,6.9,2023JJ00
GM0109,13.4,2013JJ00
GM0109,14.1,2014JJ00
GM0109,12.6,2015JJ00
GM0109,10.6,2016JJ00
GM0109,9.7,2017JJ00
GM0109,8.0,2018JJ00
GM0109,7.1,2019JJ00
GM0109,9.2,2020JJ00
GM0109,8.2,2021JJ00
GM0109,6.5,2022JJ00
GM0109,7.4,2023JJ00
GM1706,12.1,2013JJ00
GM1706,11.4,2014JJ00
GM1706,11.2,2015JJ00
GM1706,10.3,2016JJ00
GM1706,9.0,2017JJ00
GM1706,7.7,2018JJ00
GM1706,7.4,2019JJ00
GM1706,9.5,2020JJ00
GM1706,7.5,2021JJ00
GM1706,6.9,2022JJ00
GM1706,7.6,2023JJ00
GM0216,14.5,2013JJ00
GM0216,14.4,2014JJ00
GM0216,13.8,2015JJ00
GM0216,11.9,2016JJ00
GM0216,10.7,2017JJ00
GM0216,8.9,2018JJ00
GM0216,8.9,2019JJ00
GM0216,10.8,2020JJ00
GM0216,8.9,2021JJ00
GM0216,7.9,2022JJ00
GM0216,8.1,2023JJ00
GM0148,11.7,2013JJ00
GM0148,11.5,2014JJ00
GM0148,10.2,2015JJ00
GM0148,10.5,2016JJ00
GM0148,9.0,2017JJ00
GM0148,8.0,2018JJ00
GM0148,6.9,2019JJ00
GM0148,8.4,2020JJ00
GM0148,7.2,2021JJ00
GM0148,5.9,2022JJ00
GM0148,6.5,2023JJ00
GM1891,13.6,2013JJ00
GM1891,12.9,2014JJ00
GM1891,11.9,2015JJ00
GM1891,11.0,2016JJ00
GM1891,9.8,2017JJ00
GM1891,8.2,2018JJ00
GM1891,7.7,2019JJ00
GM1891,9.9,2020JJ00
GM1891,7.4,2021JJ00
GM1891,7.1,2022JJ00
GM1891,6.9,2023JJ00
GM0503,13.3,2013JJ00
GM0503,13.5,2014JJ00
GM0503,12.4,2015JJ00
GM0503,12.8,2016JJ00
GM0503,11.0,2017JJ00
GM0503,10.2,2018JJ00
GM0503,9.2,2019JJ00
GM0503,12.2,2020JJ00
GM0503,12.3,2021JJ00
GM0503,9.1,2022JJ00
GM0503,9.8,2023JJ00
GM0762,12.4,2013JJ00
GM0762,11.7,2014JJ00
GM0762,10.4,2015JJ00
GM0762,9.5,2016JJ00
GM0762,8.4,2017JJ00
GM0762,7.8,2018JJ00
GM0762,6.8,2019JJ00
GM0762,8.2,2020JJ00
GM0762,6.6,2021JJ00
GM0762,6.5,2022JJ00
GM0762,6.6,2023JJ00
GM0150,14.6,2013JJ00
GM0150,15.0,2014JJ00
GM0150,13.7,2015JJ00
GM0150,14.3,2016JJ00
GM0150,12.2,2017JJ00
GM0150,11.1,2018JJ00
GM0150,8.8,2019JJ00
GM0150,10.7,2020JJ00
GM0150,7.9,2021JJ00
GM0150,6.8,2022JJ00
GM0150,8.3,2023JJ00
GM0384,16.7,2013JJ00
GM0384,14.1,2014JJ00
GM0384,12.5,2015JJ00
GM0384,12.6,2016JJ00
GM0384,11.4,2017JJ00
GM0384,9.8,2018JJ00
GM0384,9.9,2019JJ00
GM0384,11.9,2020JJ00
GM0384,11.5,2021JJ00
GM0384,9.5,2022JJ00
GM0384,10.4,2023JJ00
GM1980,13.7,2013JJ00
GM1980,12.2,2014JJ00
GM1980,11.3,2015JJ00
GM1980,10.6,2016JJ00
GM1980,9.4,2017JJ00
GM1980,8.5,2018JJ00
GM1980,7.6,2019JJ00
GM1980,9.4,2020JJ00
GM1980,8.1,2021JJ00
GM1980,6.6,2022JJ00
GM1980,7.6,2023JJ00
GM1774,11.7,2013JJ00
GM1774,10.9,2014JJ00
GM1774,10.2,2015JJ00
GM1774,10.0,2016JJ00
GM1774,8.8,2017JJ00
GM1774,7.5,2018JJ00
GM1774,7.0,2019JJ00
GM1774,8.5,2020JJ00
GM1774,6.9,2021JJ00
GM1774,5.9,2022JJ00
GM1774,6.4,2023JJ00
GM0221,15.0,2013JJ00
GM0221,13.9,2014JJ00
GM0221,13.0,2015JJ00
GM0221,12.4,2016JJ00
GM0221,10.8,2017JJ00
GM0221,9.3,2018JJ00
GM0221,8.3,2019JJ00
GM0221,11.0,2020JJ00
GM0221,9.5,2021JJ00
GM0221,7.3,2022JJ00
GM0221,8.2,2023JJ00
GM0222,13.6,2013JJ00
GM0222,12.9,2014JJ00
GM0222,12.6,2015JJ00
GM0222,11.1,2016JJ00
GM0222,10.3,2017JJ00
GM0222,8.7,2018JJ00
GM0222,7.8,2019JJ00
GM0222,10.2,2020JJ00
GM0222,9.0,2021JJ00
GM0222,7.1,2022JJ00
GM0222,7.4,2023JJ00
GM0766,11.6,2013JJ00
GM0766,11.7,2014JJ00
GM0766,11.2,2015JJ00
GM0766,10.2,2016JJ00
GM0766,8.8,2017JJ00
GM0766,8.1,2018JJ00
GM0766,7.3,2019JJ00
GM0766,8.8,2020JJ00
GM0766,6.9,2021JJ00
GM0766,6.7,2022JJ00
GM0766,6.8,2023JJ00
GM0505,15.4,2013JJ00
GM0505,17.5,2014JJ00
GM0505,15.8,2015JJ00
GM0505,13.5,2016JJ00
GM0505,11.5,2017JJ00
GM0505,9.1,2018JJ00
GM0505,9.3,2019JJ00
GM0505,12.8,2020JJ00
GM0505,10.4,2021JJ00
GM0505,7.7,2022JJ00
GM0505,9.2,2023JJ00
GM0498,11.9,2013JJ00
GM0498,11.6,2014JJ00
GM0498,11.1,2015JJ00
GM0498,9.6,2016JJ00
GM0498,8.6,2017JJ00
GM0498,7.7,2018JJ00
GM0498,7.1,2019JJ00
GM0498,8.5,2020JJ00
GM0498,7.1,2021JJ00
GM0498,6.3,2022JJ00
GM0498,7.0,2023JJ00
GM1719,11.3,2013JJ00
GM1719,11.9,2014JJ00
GM1719,10.3,2015JJ00
GM1719,10.0,2016JJ00
GM1719,8.9,2017JJ00
GM1719,7.8,2018JJ00
GM1719,7.2,2019JJ00
GM1719,8.4,2020JJ00
GM1719,6.9,2021JJ00
GM1719,6.5,2022JJ00
GM1719,6.7,2023JJ00
GM0303,14.8,2013JJ00
GM0303,14.2,2014JJ00
GM0303,11.9,2015JJ00
GM0303,12.0,2016JJ00
GM0303,9.8,2017JJ00
GM0303,8.4,2018JJ00
GM0303,7.7,2019JJ00
GM0303,9.1,2020JJ00
GM0303,7.7,2021JJ00
GM0303,6.9,2022JJ00
GM0303,7.4,2023JJ00
GM0225,13.4,2013JJ00
GM0225,12.6,2014JJ00
GM0225,12.1,2015JJ00
GM0225,11.9,2016JJ00
GM0225,9.7,2017JJ00
GM0225,8.2,2018JJ00
GM0225,7.9,2019JJ00
GM0225,9.6,2020JJ00
GM0225,8.8,2021JJ00
GM0225,6.6,2022JJ00
GM0225,7.1,2023JJ00
GM0226,12.6,2013JJ00
GM0226,12.5,2014JJ00
GM0226,11.9,2015JJ00
GM0226,11.2,2016JJ00
GM0226,9.5,2017JJ00
GM0226,9.0,2018JJ00
GM0226,7.6,2019JJ00
GM0226,9.4,2020JJ00
GM0226,8.2,2021JJ00
GM0226,7.1,2022JJ00
GM0226,7.4,2023JJ00
GM1711,14.0,2013JJ00
GM1711,12.9,2014JJ00
GM1711,11.5,2015JJ00
GM1711,10.9,2016JJ00
GM1711,9.2,2017JJ00
GM1711,8.2,2018JJ00
GM1711,8.0,2019JJ00
GM1711,9.8,2020JJ00
GM1711,7.4,2021JJ00
GM1711,7.4,2022JJ00
GM1711,8.0,2023JJ00
GM0385,12.2,2013JJ00
GM0385,11.5,2014JJ00
GM0385,10.5,2015JJ00
GM0385,9.5,2016JJ00
GM0385,8.5,2017JJ00
GM0385,7.2,2018JJ00
GM0385,6.8,2019JJ00
GM0385,8.2,2020JJ00
GM0385,7.5,2021JJ00
GM0385,6.5,2022JJ00
GM0385,6.5,2023JJ00
GM0228,11.8,2013JJ00
GM0228,10.9,2014JJ00
GM0228,10.6,2015JJ00
GM0228,10.8,2016JJ00
GM0228,10.0,2017JJ00
GM0228,8.4,2018JJ00
GM0228,7.8,2019JJ00
GM0228,9.7,2020JJ00
GM0228,8.7,2021JJ00
GM0228,6.9,2022JJ00
GM0228,7.5,2023JJ00
GM0317,13.1,2013JJ00
GM0317,12.4,2014JJ00
GM0317,11.3,2015JJ00
GM0317,10.8,2016JJ00
GM0317,9.3,2017JJ00
GM0317,8.8,2018JJ00
GM0317,8.0,2019JJ00
GM0317,9.5,2020JJ00
GM0317,7.9,2021JJ00
GM0317,6.9,2022JJ00
GM0317,7.1,2023JJ00
GM1979,15.7,2013JJ00
GM1979,15.3,2014JJ00
GM1979,14.3,2015JJ00
GM1979,12.9,2016JJ00
GM1979,11.3,2017JJ00
GM1979,9.4,2018JJ00
GM1979,8.6,2019JJ00
GM1979,10.8,2020JJ00
GM1979,8.6,2021JJ00
GM1979,7.2,2022JJ00
GM1979,8.4,2023JJ00
GM0770,11.4,2013JJ00
GM0770,11.1,2014JJ00
GM0770,10.3,2015JJ00
GM0770,9.6,2016JJ00
GM0770,8.4,2017JJ00
GM0770,7.8,2018JJ00
GM0770,7.0,2019JJ00
GM0770,8.6,2020JJ00
GM0770,7.0,2021JJ00
GM0770,6.3,2022JJ00
GM0770,6.7,2023JJ00
GM1903,12.3,2013JJ00
GM1903,11.6,2014JJ00
GM1903,10.9,2015JJ00
GM1903,10.7,2016JJ00
GM1903,8.6,2017JJ00
GM1903,7.7,2018JJ00
GM1903,7.5,2019JJ00
GM1903,9.6,2020JJ00
GM1903,7.2,2021JJ00
GM1903,6.6,2022JJ00
GM1903,7.8,2023JJ00
GM0772,13.0,2013JJ00
GM0772,13.0,2014JJ00
GM0772,13.0,2015JJ00
GM0772,13.7,2016JJ00
GM0772,10.0,2017JJ00
GM0772,9.0,2018JJ00
GM0772,8.4,2019JJ00
GM0772,9.8,2020JJ00
GM0772,8.9,2021JJ00
GM0772,7.5,2022JJ00
GM0772,9.0,2023JJ00
GM0230,12.3,2013JJ00
GM0230,10.6,2014JJ00
GM0230,10.7,2015JJ00
GM0230,10.0,2016JJ00
GM0230,8.9,2017JJ00
GM0230,8.0,2018JJ00
GM0230,7.1,2019JJ00
GM0230,8.5,2020JJ00
GM0230,7.6,2021JJ00
GM0230,6.3,2022JJ00
GM0230,6.7,2023JJ00
GM0114,16.1,2013JJ00
GM0114,16.2,2014JJ00
GM0114,15.1,2015JJ00
GM0114,13.1,2016JJ00
GM0114,12.0,2017JJ00
GM0114,10.6,2018JJ00
GM0114,9.1,2019JJ00
GM0114,11.7,2020JJ00
GM0114,9.5,2021JJ00
GM0114,6.9,2022JJ00
GM0114,7.9,2023JJ00
GM0388,13.3,2013JJ00
GM0388,12.8,2014JJ00
GM0388,11.1,2015JJ00
GM0388,11.5,2016JJ00
GM0388,10.0,2017JJ00
GM0388,8.2,2018JJ00
GM0388,7.7,2019JJ00
GM0388,9.5,2020JJ00
GM0388,8.5,2021JJ00
GM0388,7.1,2022JJ00
GM0388,7.8,2023JJ00
GM0153,17.2,2013JJ00
GM0153,15.6,2014JJ00
GM0153,13.9,2015JJ00
GM0153,14.5,2016JJ00
GM0153,13.4,2017JJ00
GM0153,10.6,2018JJ00
GM0153,9.1,2019JJ00
GM0153,11.4,2020JJ00
GM0153,9.0,2021JJ00
GM0153,7.3,2022JJ00
GM0153,8.2,2023JJ00
GM0232,12.2,2013JJ00
GM0232,12.1,2014JJ00
GM0232,11.0,2015JJ00
GM0232,10.2,2016JJ00
GM0232,9.0,2017JJ00
GM0232,8.3,2018JJ00
GM0232,7.5,2019JJ00
GM0232,9.2,2020JJ00
GM0232,8.7,2021JJ00
GM0232,6.6,2022JJ00
GM0232,6.9,2023JJ00
GM0233,12.5,2013JJ00
GM0233,11.1,2014JJ00
GM0233,10.6,2015JJ00
GM0233,10.2,2016JJ00
GM0233,9.0,2017JJ00
GM0233,8.1,2018JJ00
GM0233,7.4,2019JJ00
GM0233,8.8,2020JJ00
GM0233,7.3,2021JJ00
GM0233,6.5,2022JJ00
GM0233,6.9,2023JJ00
GM0777,13.6,2013JJ00
GM0777,12.9,2014JJ00
GM0777,11.5,2015JJ00
GM0777,10.7,2016JJ00
GM0777,9.8,2017JJ00
GM0777,8.4,2018JJ00
GM0777,8.1,2019JJ00
GM0777,10.2,2020JJ00
GM0777,8.2,2021JJ00
GM0777,7.6,2022JJ00
GM0777,7.7,2023JJ00
GM1940,12.9,2013JJ00
GM1940,12.5,2014JJ00
GM1940,12.2,2015JJ00
GM1940,11.8,2016JJ00
GM1940,9.7,2017JJ00
GM1940,8.6,2018JJ00
GM1940,7.9,2019JJ00
GM1940,9.1,2020JJ00
GM1940,8.0,2021JJ00
GM1940,6.5,2022JJ00
GM1940,6.7,2023JJ00
GM0779,11.7,2013JJ00
GM0779,11.1,2014JJ00
GM0779,10.9,2015JJ00
GM0779,10.8,2016JJ00
GM0779,8.7,2017JJ00
GM0779,7.2,2018JJ00
GM0779,7.1,2019JJ00
GM0779,8.5,2020JJ00
GM0779,7.0,2021JJ00
GM0779,6.3,2022JJ00
GM0779,6.9,2023JJ00
GM1771,12.8,2013JJ00
GM1771,12.3,2014JJ00
GM1771,11.8,2015JJ00
GM1771,11.0,2016JJ00
GM1771,9.5,2017JJ00
GM1771,8.2,2018JJ00
GM1771,7.9,2019JJ00
GM1771,9.6,2020JJ00
GM1771,8.1,2021JJ00
GM1771,6.9,2022JJ00
GM1771,7.5,2023JJ00
GM1652,11.8,2013JJ00
GM1652,11.6,2014JJ00
GM1652,10.1,2015JJ00
GM1652,9.5,2016JJ00
GM1652,8.5,2017JJ00
GM1652,7.8,2018JJ00
GM1652,7.2,2019JJ00
GM1652,8.7,2020JJ00
GM1652,7.1,2021JJ00
GM1652,6.4,2022JJ00
GM1652,6.8,2023JJ00
GM0907,13.2,2013JJ00
GM0907,12.6,2014JJ00
GM0907,11.5,2015JJ00
GM0907,11.0,2016JJ00
GM0907,9.3,2017JJ00
GM0907,7.8,2018JJ00
GM0907,7.4,2019JJ00
GM0907,9.3,2020JJ00
GM0907,7.4,2021JJ00
GM0907,6.7,2022JJ00
GM0907,8.0,2023JJ00
GM0784,12.5,2013JJ00
GM0784,12.5,2014JJ00
GM0784,11.1,2015JJ00
GM0784,10.9,2016JJ00
GM0784,9.1,2017JJ00
GM0784,7.6,2018JJ00
GM0784,7.5,2019JJ00
GM0784,9.1,2020JJ00
GM0784,7.5,2021JJ00
GM0784,6.6,2022JJ00
GM0784,7.0,2023JJ00
GM1924,10.8,2013JJ00
GM1924,10.7,2014JJ00
GM1924,9.7,2015JJ00
GM1924,9.1,2016JJ00
GM1924,9.1,2017JJ00
GM1924,7.9,2018JJ00
GM1924,7.3,2019JJ00
GM1924,9.0,2020JJ00
GM1924,6.8,2021JJ00
GM1924,6.2,2022JJ00
GM1924,6.6,2023JJ00
GM0664,12.7,2013JJ00
GM0664,12.0,2014JJ00
GM0664,11.5,2015JJ00
GM0664,10.1,2016JJ00
GM0664,8.3,2017JJ00
GM0664,7.0,2018JJ00
GM0664,7.7,2019JJ00
GM0664,8.9,2020JJ00
GM0664,7.5,2021JJ00
GM0664,6.1,2022JJ00
GM0664,6.9,2023JJ00
GM0785,13.0,2013JJ00
GM0785,11.8,2014JJ00
GM0785,11.6,2015JJ00
GM0785,10.2,2016JJ00
GM0785,9.1,2017JJ00
GM0785,7.9,2018JJ00
GM0785,7.6,2019JJ00
GM0785,9.2,2020JJ00
GM0785,7.5,2021JJ00
GM0785,7.1,2022JJ00
GM0785,7.3,2023JJ00
GM1942,13.8,2013JJ00
GM1942,14.2,2014JJ00
GM1942,12.2,2015JJ00
GM1942,11.2,2016JJ00
GM1942,10.4,2017JJ00
GM1942,8.8,2018JJ00
GM1942,8.2,2019JJ00
GM1942,11.7,2020JJ00
GM1942,8.3,2021JJ00
GM1942,7.9,2022JJ00
GM1942,8.4,2023JJ00
GM0512,13.8,2013JJ00
GM0512,14.7,2014JJ00
GM0512,13.0,2015JJ00
GM0512,12.3,2016JJ00
GM0512,10.6,2017JJ00
GM0512,9.0,2018JJ00
GM0512,8.5,2019JJ00
GM0512,10.2,2020JJ00
GM0512,9.7,2021JJ00
GM0512,7.4,2022JJ00
GM0512,8.1,2023JJ00
GM0513,14.2,2013JJ00
GM0513,12.9,2014JJ00
GM0513,14.6,2015JJ00
GM0513,13.3,2016JJ00
GM0513,10.8,2017JJ00
GM0513,8.7,2018JJ00
GM0513,8.4,2019JJ00
GM0513,10.6,2020JJ00
GM0513,10.2,2021JJ00
GM0513,7.9,2022JJ00
GM0513,8.3,2023JJ00
GM0518,18.6,2013JJ00
GM0518,19.6,2014JJ00
GM0518,16.9,2015JJ00
GM0518,17.3,2016JJ00
GM0518,14.8,2017JJ00
GM0518,11.6,2018JJ00
GM0518,11.6,2019JJ00
GM0518,14.7,2020JJ00
GM0518,14.2,2021JJ00
GM0518,10.5,2022JJ00
GM0518,11.0,2023JJ00
GM0014,14.9,2013JJ00
GM0014,15.4,2014JJ00
GM0014,14.5,2015JJ00
GM0014,16.2,2016JJ00
GM0014,13.2,2017JJ00
GM0014,13.2,2018JJ00
GM0014,11.5,2019JJ00
GM0014,13.2,2020JJ00
GM0014,10.6,2021JJ00
GM0014,8.9,2022JJ00
GM0014,9.7,2023JJ00
GM1729,12.3,2013JJ00
GM1729,12.3,2014JJ00
GM1729,11.2,2015JJ00
GM1729,10.7,2016JJ00
GM1729,8.8,2017JJ00
GM1729,8.5,2018JJ00
GM1729,8.0,2019JJ00
GM1729,9.5,2020JJ00
GM1729,7.7,2021JJ00
GM1729,6.8,2022JJ00
GM1729,7.8,2023JJ00
GM0158,13.1,2013JJ00
GM0158,12.6,2014JJ00
GM0158,10.6,2015JJ00
GM0158,11.6,2016JJ00
GM0158,9.7,2017JJ00
GM0158,8.0,2018JJ00
GM0158,7.5,2019JJ00
GM0158,9.0,2020JJ00
GM0158,7.5,2021JJ00
GM0158,6.3,2022JJ00
GM0158,7.0,2023JJ00
GM0392,14.4,2013JJ00
GM0392,12.9,2014JJ00
GM0392,11.4,2015JJ00
GM0392,11.8,2016JJ00
GM0392,10.4,2017JJ00
GM0392,8.1,2018JJ00
GM0392,8.7,2019JJ00
GM0392,11.3,2020JJ00
GM0392,9.4,2021JJ00
GM0392,8.0,2022JJ00
GM0392,8.8,2023JJ00
GM0394,14.8,2013JJ00
GM0394,13.5,2014JJ00
GM0394,13.0,2015JJ00
GM0394,11.5,2016JJ00
GM0394,9.4,2017JJ00
GM0394,7.8,2018JJ00
GM0394,8.4,2019JJ00
GM0394,10.6,2020JJ00
GM0394,9.5,2021JJ00
GM0394,7.4,2022JJ00
GM0394,8.2,2023JJ00
GM1655,12.5,2013JJ00
GM1655,13.4,2014JJ00
GM1655,11.6,2015JJ00
GM1655,10.7,2016JJ00
GM1655,9.7,2017JJ00
GM1655,7.4,2018JJ00
GM1655,7.8,2019JJ00
GM1655,9.5,2020JJ00
GM1655,7.6,2021JJ00
GM1655,7.0,2022JJ00
GM1655,7.5,2023JJ00
GM0160,12.8,2013JJ00
GM0160,11.9,2014JJ00
GM0160,11.6,2015JJ00
GM0160,11.2,2016JJ00
GM0160,10.5,2017JJ00
GM0160,7.8,2018JJ00
GM0160,7.2,2019JJ00
GM0160,9.5,2020JJ00
GM0160,6.5,2021JJ00
GM0160,6.1,2022JJ00
GM0160,6.5,2023JJ00
GM0243,13.2,2013JJ00
GM0243,12.7,2014JJ00
GM0243,11.1,2015JJ00
GM0243,10.7,2016JJ00
GM0243,10.1,2017JJ00
GM0243,8.1,2018JJ00
GM0243,7.9,2019JJ00
GM0243,9.5,2020JJ00
GM0243,8.6,2021JJ00
GM0243,7.3,2022JJ00
GM0243,7.5,2023JJ00
GM0523,11.2,2013JJ00
GM0523,10.6,2014JJ00
GM0523,10.0,2015JJ00
GM0523,9.3,2016JJ00
GM0523,9.0,2017JJ00
GM0523,7.6,2018JJ00
GM0523,6.7,2019JJ00
GM0523,8.8,2020JJ00
GM0523,7.0,2021JJ00
GM0523,6.4,2022JJ00
GM0523,6.7,2023JJ00
GM0072,14.5,2013JJ00
GM0072,13.3,2014JJ00
GM0072,12.8,2015JJ00
GM0072,11.8,2016JJ00
GM0072,10.8,2017JJ00
GM0072,9.2,2018JJ00
GM0072,8.1,2019JJ00
GM0072,10.4,2020JJ00
GM0072,8.1,2021JJ00
GM0072,6.8,2022JJ00
GM0072,7.5,2023JJ00
GM0244,12.8,2013JJ00
GM0244,12.2,2014JJ00
GM0244,11.1,2015JJ00
GM0244,10.3,2016JJ00
GM0244,9.0,2017JJ00
GM0244,8.4,2018JJ00
GM0244,7.8,2019JJ00
GM0244,9.5,2020JJ00
GM0244,7.6,2021JJ00
GM0244,6.8,2022JJ00
GM0244,7.2,2023JJ00
GM0396,12.1,2013JJ00
GM0396,12.4,2014JJ00
GM0396,11.4,2015JJ00
GM0396,10.7,2016JJ00
GM0396,9.4,2017JJ00
GM0396,8.2,2018JJ00
GM0396,7.8,2019JJ00
GM0396,9.5,2020JJ00
GM0396,8.8,2021JJ00
GM0396,7.2,2022JJ00
GM0396,7.9,2023JJ00
GM0397,13.6,2013JJ00
GM0397,13.3,2014JJ00
GM0397,12.3,2015JJ00
GM0397,11.7,2016JJ00
GM0397,10.6,2017JJ00
GM0397,8.8,2018JJ00
GM0397,8.5,2019JJ00
GM0397,11.0,2020JJ00
GM0397,8.7,2021JJ00
GM0397,7.7,2022JJ00
GM0397,8.4,2023JJ00
GM0246,12.2,2013JJ00
GM0246,11.3,2014JJ00
GM0246,11.2,2015JJ00
GM0246,10.5,2016JJ00
GM0246,8.9,2017JJ00
GM0246,7.4,2018JJ00
GM0246,7.2,2019JJ00
GM0246,8.9,2020JJ00
GM0246,7.1,2021JJ00
GM0246,6.5,2022JJ00
GM0246,6.8,2023JJ00
GM0074,15.4,2013JJ00
GM0074,13.7,2014JJ00
GM0074,12.7,2015JJ00
GM0074,11.5,2016JJ00
GM0074,11.0,2017JJ00
GM0074,9.2,2018JJ00
GM0074,8.8,2019JJ00
GM0074,10.1,2020JJ00
GM0074,8.5,2021JJ00
GM0074,7.2,2022JJ00
GM0074,8.1,2023JJ00
GM0917,15.8,2013JJ00
GM0917,14.5,2014JJ00
GM0917,13.3,2015JJ00
GM0917,12.6,2016JJ00
GM0917,10.7,2017JJ00
GM0917,9.1,2018JJ00
GM0917,8.7,2019JJ00
GM0917,11.0,2020JJ00
GM0917,9.3,2021JJ00
GM0917,8.1,2022JJ00
GM0917,9.0,2023JJ00
GM1658,12.5,2013JJ00
GM1658,11.4,2014JJ00
GM1658,10.6,2015JJ00
GM1658,10.7,2016JJ00
GM1658,9.0,2017JJ00
GM1658,7.7,2018JJ00
GM1658,7.4,2019JJ00
GM1658,8.8,2020JJ00
GM1658,7.3,2021JJ00
GM1658,6.4,2022JJ00
GM1658,6.9,2023JJ00
GM0399,13.9,2013JJ00
GM0399,12.5,2014JJ00
GM0399,10.3,2015JJ00
GM0399,10.2,2016JJ00
GM0399,9.9,2017JJ00
GM0399,8.0,2018JJ00
GM0399,8.3,2019JJ00
GM0399,9.2,2020JJ00
GM0399,7.8,2021JJ00
GM0399,6.8,2022JJ00
GM0399,7.3,2023JJ00
GM0400,13.5,2013JJ00
GM0400,12.5,2014JJ00
GM0400,12.5,2015JJ00
GM0400,11.5,2016JJ00
GM0400,9.9,2017JJ00
GM0400,8.6,2018JJ00
GM0400,8.3,2019JJ00
GM0400,10.0,2020JJ00
GM0400,8.4,2021JJ00
GM0400,7.5,2022JJ00
GM0400,8.2,2023JJ00
GM0163,12.6,2013JJ00
GM0163,12.7,2014JJ00
GM0163,11.1,2015JJ00
GM0163,11.6,2016JJ00
GM0163,9.5,2017JJ00
GM0163,7.8,2018JJ00
GM0163,7.2,2019JJ00
GM0163,9.0,2020JJ00
GM0163,7.1,2021JJ00
GM0163,5.8,2022JJ00
GM0163,6.4,2023JJ00
GM0794,15.6,2013JJ00
GM0794,15.8,2014JJ00
GM0794,12.2,2015JJ00
GM0794,12.1,2016JJ00
GM0794,9.9,2017JJ00
GM0794,8.5,2018JJ00
GM0794,8.5,2019JJ00
GM0794,10.9,2020JJ00
GM0794,8.3,2021JJ00
GM0794,7.2,2022JJ00
GM0794,8.6,2023JJ00
GM0531,12.3,2013JJ00
GM0531,11.6,2014JJ00
GM0531,11.0,2015JJ00
GM0531,10.2,2016JJ00
GM0531,9.0,2017JJ00
GM0531,7.9,2018JJ00
GM0531,7.5,2019JJ00
GM0531,9.7,2020JJ00
GM0531,7.7,2021JJ00
GM0531,7.1,2022JJ00
GM0531,7.5,2023JJ00
GM0164,15.7,2013JJ00
GM0164,14.6,2014JJ00
GM0164,15.3,2015JJ00
GM0164,13.6,2016JJ00
GM0164,11.6,2017JJ00
GM0164,9.5,2018JJ00
GM0164,8.5,2019JJ00
GM0164,11.2,2020JJ00
GM0164,7.9,2021JJ00
GM0164,7.2,2022JJ00
GM0164,7.8,2023JJ00
GM0796,12.6,2013JJ00
GM0796,12.3,2014JJ00
GM0796,11.3,2015JJ00
GM0796,10.5,2016JJ00
GM0796,9.7,2017JJ00
GM0796,7.2,2018JJ00
GM0796,7.3,2019JJ00
GM0796,8.9,2020JJ00
GM0796,7.1,2021JJ00
GM0796,7.4,2022JJ00
GM0796,7.3,2023JJ00
GM0252,13.2,2013JJ00
GM0252,12.2,2014JJ00
GM0252,11.3,2015JJ00
GM0252,10.9,2016JJ00
GM0252,9.6,2017JJ00
GM0252,8.1,2018JJ00
GM0252,7.9,2019JJ00
GM0252,9.1,2020JJ00
GM0252,7.9,2021JJ00
GM0252,7.0,2022JJ00
GM0252,7.5,2023JJ00
GM0797,12.1,2013JJ00
GM0797,11.7,2014JJ00
GM0797,11.7,2015JJ00
GM0797,10.0,2016JJ00
GM0797,9.7,2017JJ00
GM0797,7.6,2018JJ00
GM0797,7.2,2019JJ00
GM0797,8.8,2020JJ00
GM0797,7.2,2021JJ00
GM0797,6.9,2022JJ00
GM0797,6.8,2023JJ00
GM0534,12.2,2013JJ00
GM0534,11.5,2014JJ00
GM0534,11.1,2015JJ00
GM0534,10.2,2016JJ00
GM0534,9.6,2017JJ00
GM0534,7.7,2018JJ00
GM0534,7.6,2019JJ00
GM0534,9.6,2020JJ00
GM0534,7.9,2021JJ00
GM0534,6.7,2022JJ00
GM0534,7.4,2023JJ00
GM0798,12.0,2013JJ00
GM0798,10.7,2014JJ00
GM0798,10.3,2015JJ00
GM0798,9.7,2016JJ00
GM0798,8.1,2017JJ00
GM0798,7.1,2018JJ00
GM0798,6.9,2019JJ00
GM0798,8.2,2020JJ00
GM0798,6.6,2021JJ00
GM0798,6.2,2022JJ00
GM0798,6.6,2023JJ00
GM0402,13.6,2013JJ00
GM0402,14.7,2014JJ00
GM0402,11.9,2015JJ00
GM0402,12.2,2016JJ00
GM0402,10.0,2017JJ00
GM0402,9.1,2018JJ00
GM0402,8.7,2019JJ00
GM0402,11.0,2020JJ00
GM0402,9.8,2021JJ00
GM0402,8.1,2022JJ00
GM0402,8.4,2023JJ00
GM1963,12.3,2013JJ00
GM1963,12.1,2014JJ00
GM1963,11.3,2015JJ00
GM1963,10.3,2016JJ00
GM1963,9.0,2017JJ00
GM1963,8.2,2018JJ00
GM1963,8.1,2019JJ00
GM1963,10.1,2020JJ00
GM1963,8.4,2021JJ00
GM1963,6.5,2022JJ00
GM1963,6.7,2023JJ00
GM1735,12.3,2013JJ00
GM1735,11.6,2014JJ00
GM1735,10.8,2015JJ00
GM1735,9.5,2016JJ00
GM1735,8.9,2017JJ00
GM1735,7.5,2018JJ00
GM1735,7.2,2019JJ00
GM1735,9.0,2020JJ00
GM1735,6.5,2021JJ00
GM1735,6.0,2022JJ00
GM1735,6.5,2023JJ00
GM1966,13.4,2013JJ00
GM1966,13.2,2014JJ00
GM1966,12.8,2015JJ00
GM1966,11.6,2016JJ00
GM1966,10.3,2017JJ00
GM1966,9.0,2018JJ00
GM1966,8.8,2019JJ00
GM1966,9.7,2020JJ00
GM1966,7.8,2021JJ00
GM1966,7.4,2022JJ00
GM1966,7.9,2023JJ00
GM1911,11.0,2013JJ00
GM1911,12.3,2014JJ00
GM1911,9.9,2015JJ00
GM1911,10.1,2016JJ00
GM1911,8.4,2017JJ00
GM1911,7.0,2018JJ00
GM1911,7.1,2019JJ00
GM1911,8.6,2020JJ00
GM1911,7.0,2021JJ00
GM1911,6.4,2022JJ00
GM1911,6.9,2023JJ00
GM0118,13.8,2013JJ00
GM0118,14.6,2014JJ00
GM0118,11.4,2015JJ00
GM0118,11.1,2016JJ00
GM0118,10.3,2017JJ00
GM0118,8.2,2018JJ00
GM0118,7.5,2019JJ00
GM0118,9.5,2020JJ00
GM0118,7.5,2021JJ00
GM0118,6.8,2022JJ00
GM0118,7.3,2023JJ00
GM0405,14.1,2013JJ00
GM0405,15.8,2014JJ00
GM0405,13.2,2015JJ00
GM0405,12.4,2016JJ00
GM0405,11.1,2017JJ00
GM0405,9.4,2018JJ00
GM0405,8.9,2019JJ00
GM0405,10.2,2020JJ00
GM0405,9.5,2021JJ00
GM0405,7.2,2022JJ00
GM0405,7.8,2023JJ00
GM1507,10.7,2013JJ00
GM1507,11.2,2014JJ00
GM1507,9.1,2015JJ00
GM1507,8.3,2016JJ00
GM1507,7.6,2017JJ00
GM1507,6.5,2018JJ00
GM1507,6.8,2019JJ00
GM1507,8.0,2020JJ00
GM1507,6.3,2021JJ00
GM1507,6.4,2022JJ00
GM1507,6.8,2023JJ00
GM0321,13.0,2013JJ00
GM0321,11.3,2014JJ00
GM0321,11.9,2015JJ00
GM0321,10.7,2016JJ00
GM0321,9.9,2017JJ00
GM0321,9.0,2018JJ00
GM0321,8.3,2019JJ00
GM0321,9.2,2020JJ00
GM0321,9.2,2021JJ00
GM0321,7.1,2022JJ00
GM0321,7.4,2023JJ00
GM0406,14.1,2013JJ00
GM0406,13.1,2014JJ00
GM0406,11.9,2015JJ00
GM0406,12.1,2016JJ00
GM0406,10.2,2017JJ00
GM0406,8.6,2018JJ00
GM0406,8.2,2019JJ00
GM0406,10.3,2020JJ00
GM0406,8.8,2021JJ00
GM0406,7.1,2022JJ00
GM0406,7.9,2023JJ00
GM0677,13.6,2013JJ00
GM0677,12.9,2014JJ00
GM0677,11.3,2015JJ00
GM0677,10.2,2016JJ00
GM0677,8.9,2017JJ00
GM0677,7.7,2018JJ00
GM0677,8.1,2019JJ00
GM0677,10.0,2020JJ00
GM0677,8.0,2021JJ00
GM0677,7.1,2022JJ00
GM0677,7.8,2023JJ00
GM0353,13.2,2013JJ00
GM0353,14.0,2014JJ00
GM0353,12.1,2015JJ00
GM0353,11.3,2016JJ00
GM0353,9.9,2017JJ00
GM0353,8.0,2018JJ00
GM0353,8.0,2019JJ00
GM0353,10.3,2020JJ00
GM0353,8.3,2021JJ00
GM0353,6.9,2022JJ00
GM0353,7.6,2023JJ00
GM1884,11.7,2013JJ00
GM1884,10.8,2014JJ00
GM1884,9.8,2015JJ00
GM1884,10.4,2016JJ00
GM1884,9.2,2017JJ00
GM1884,8.2,2018JJ00
GM1884,7.4,2019JJ00
GM1884,9.0,2020JJ00
GM1884,7.6,2021JJ00
GM1884,6.4,2022JJ00
GM1884,6.9,2023JJ00
GM0166,12.2,2013JJ00
GM0166,12.5,2014JJ00
GM0166,11.6,2015JJ00
GM0166,10.6,2016JJ00
GM0166,9.7,2017JJ00
GM0166,8.2,2018JJ00
GM0166,7.0,2019JJ00
GM0166,8.8,2020JJ00
GM0166,7.3,2021JJ00
GM0166,6.3,2022JJ00
GM0166,6.9,2023JJ00
GM0678,12.2,2013JJ00
GM0678,11.6,2014JJ00
GM0678,10.9,2015JJ00
GM0678,9.6,2016JJ00
GM0678,8.2,2017JJ00
GM0678,7.1,2018JJ00
GM0678,7.1,2019JJ00
GM0678,8.5,2020JJ00
GM0678,6.6,2021JJ00
GM0678,6.0,2022JJ00
GM0678,6.4,2023JJ00
GM0537,11.1,2013JJ00
GM0537,9.6,2014JJ00
GM0537,9.6,2015JJ00
GM0537,9.4,2016JJ00
GM0537,8.6,2017JJ00
GM0537,7.3,2018JJ00
GM0537,7.0,2019JJ00
GM0537,8.9,2020JJ00
GM0537,7.3,2021JJ00
GM0537,6.4,2022JJ00
GM0537,7.3,2023JJ00
GM0928,15.2,2013JJ00
GM0928,14.5,2014JJ00
GM0928,12.4,2015JJ00
GM0928,12.5,2016JJ00
GM0928,10.3,2017JJ00
GM0928,9.2,2018JJ00
GM0928,8.7,2019JJ00
GM0928,11.6,2020JJ00
GM0928,9.2,2021JJ00
GM0928,8.3,2022JJ00
GM0928,8.9,2023JJ00
GM1598,11.5,2013JJ00
GM1598,10.6,2014JJ00
GM1598,9.7,2015JJ00
GM1598,9.7,2016JJ00
GM1598,8.3,2017JJ00
GM1598,7.9,2018JJ00
GM1598,7.0,2019JJ00
GM1598,8.5,2020JJ00
GM1598,7.2,2021JJ00
GM1598,6.3,2022JJ00
GM1598,7.0,2023JJ00
GM0542,13.5,2013JJ00
GM0542,13.5,2014JJ00
GM0542,11.4,2015JJ00
GM0542,11.6,2016JJ00
GM0542,9.9,2017JJ00
GM0542,8.4,2018JJ00
GM0542,7.8,2019JJ00
GM0542,9.7,2020JJ00
GM0542,7.9,2021JJ00
GM0542,7.1,2022JJ00
GM0542,7.7,2023JJ00
GM1931,12.5,2013JJ00
GM1931,11.9,2014JJ00
GM1931,10.4,2015JJ00
GM1931,10.4,2016JJ00
GM1931,9.1,2017JJ00
GM1931,7.9,2018JJ00
GM1931,7.3,2019JJ00
GM1931,9.7,2020JJ00
GM1931,7.4,2021JJ00
GM1931,6.6,2022JJ00
GM1931,7.2,2023JJ00
GM1659,12.0,2013JJ00
GM1659,12.0,2014JJ00
GM1659,10.8,2015JJ00
GM1659,10.8,2016JJ00
GM1659,8.5,2017JJ00
GM1659,7.5,2018JJ00
GM1659,7.3,2019JJ00
GM1659,9.0,2020JJ00
GM1659,7.6,2021JJ00
GM1659,6.2,2022JJ00
GM1659,6.6,2023JJ00
GM1982,12.3,2013JJ00
GM1982,11.7,2014JJ00
GM1982,10.9,2015JJ00
GM1982,10.4,2016JJ00
GM1982,9.0,2017JJ00
GM1982,7.6,2018JJ00
GM1982,7.4,2019JJ00
GM1982,8.8,2020JJ00
GM1982,7.3,2021JJ00
GM1982,6.3,2022JJ00
GM1982,6.6,2023JJ00
GM0882,14.3,2013JJ00
GM0882,13.0,2014JJ00
GM0882,12.5,2015JJ00
GM0882,11.2,2016JJ00
GM0882,9.5,2017JJ00
GM0882,8.2,2018JJ00
GM0882,7.7,2019JJ00
GM0882,10.7,2020JJ00
GM0882,8.4,2021JJ00
GM0882,7.2,2022JJ00
GM0882,8.2,2023JJ00
GM0415,13.3,2013JJ00
GM0415,12.8,2014JJ00
GM0415,12.0,2015JJ00
GM0415,11.1,2016JJ00
GM0415,9.7,2017JJ00
GM0415,8.5,2018JJ00
GM0415,8.0,2019JJ00
GM0415,10.0,2020JJ00
GM0415,8.6,2021JJ00
GM0415,7.1,2022JJ00
GM0415,7.8,2023JJ00
GM1621,13.2,2013JJ00
GM1621,12.9,2014JJ00
GM1621,12.4,2015JJ00
GM1621,11.4,2016JJ00
GM1621,10.0,2017JJ00
GM1621,8.4,2018JJ00
GM1621,8.0,2019JJ00
GM1621,9.3,2020JJ00
GM1621,8.7,2021JJ00
GM1621,7.3,2022JJ00
GM1621,7.8,2023JJ00
GM0417,15.2,2013JJ00
GM0417,14.2,2014JJ00
GM0417,13.1,2015JJ00
GM0417,12.7,2016JJ00
GM0417,11.3,2017JJ00
GM0417,9.9,2018JJ00
GM0417,8.9,2019JJ00
GM0417,10.4,2020JJ00
GM0417,10.0,2021JJ00
GM0417,8.0,2022JJ00
GM0417,8.4,2023JJ00
GM0080,18.8,2013JJ00
GM0080,15.3,2014JJ00
GM0080,18.5,2015JJ00
GM0080,14.6,2016JJ00
GM0080,14.3,2017JJ00
GM0080,11.8,2018JJ00
GM0080,10.0,2019JJ00
GM0080,11.1,2020JJ00
GM0080,10.3,2021JJ00
GM0080,8.5,2022JJ00
GM0080,8.9,2023JJ00
GM0546,14.1,2013JJ00
GM0546,13.1,2014JJ00
GM0546,11.3,2015JJ00
GM0546,12.5,2016JJ00
GM0546,10.4,2017JJ00
GM0546,9.9,2018JJ00
GM0546,8.8,2019JJ00
GM0546,12.4,2020JJ00
GM0546,9.5,2021JJ00
GM0546,8.0,2022JJ00
GM0546,8.9,2023JJ00
GM0547,13.6,2013JJ00
GM0547,13.5,2014JJ00
GM0547,12.8,2015JJ00
GM0547,11.8,2016JJ00
GM0547,10.2,2017JJ00
GM0547,8.5,2018JJ00
GM0547,8.6,2019JJ00
GM0547,10.3,2020JJ00
GM0547,9.2,2021JJ00
GM0547,7.8,2022JJ00
GM0547,8.1,2023JJ00
GM1916,15.6,2013JJ00
GM1916,14.6,2014JJ00
GM1916,13.9,2015JJ00
GM1916,12.5,2016JJ00
GM1916,11.8,2017JJ00
GM1916,10.4,2018JJ00
GM1916,9.5,2019JJ00
GM1916,12.1,2020JJ00
GM1916,9.6,2021JJ00
GM1916,8.5,2022JJ00
GM1916,8.8,2023JJ00
GM0995,18.7,2013JJ00
GM0995,20.1,2014JJ00
GM0995,13.6,2015JJ00
GM0995,13.7,2016JJ00
GM0995,13.2,2017JJ00
GM0995,10.0,2018JJ00
GM0995,9.4,2019JJ00
GM0995,11.4,2020JJ00
GM0995,10.2,2021JJ00
GM0995,8.4,2022JJ00
GM0995,9.2,2023JJ00
GM1640,11.3,2013JJ00
GM1640,10.5,2014JJ00
GM1640,10.1,2015JJ00
GM1640,10.1,2016JJ00
GM1640,9.0,2017JJ00
GM1640,7.3,2018JJ00
GM1640,7.4,2019JJ00
GM1640,9.0,2020JJ00
GM1640,6.8,2021JJ00
GM1640,6.8,2022JJ00
GM1640,7.2,2023JJ00
GM0327,12.7,2013JJ00
GM0327,12.2,2014JJ00
GM0327,11.3,2015JJ00
GM0327,10.8,2016JJ00
GM0327,9.3,2017JJ00
GM0327,8.5,2018JJ00
GM0327,7.8,2019JJ00
GM0327,9.6,2020JJ00
GM0327,8.5,2021JJ00
GM0327,7.2,2022JJ00
GM0327,7.4,2023JJ00
GM1705,14.0,2013JJ00
GM1705,11.7,2014JJ00
GM1705,11.7,2015JJ00
GM1705,11.8,2016JJ00
GM1705,9.9,2017JJ00
GM1705,8.5,2018JJ00
GM1705,7.8,2019JJ00
GM1705,9.2,2020JJ00
GM1705,8.1,2021JJ00
GM1705,6.7,2022JJ00
GM1705,7.0,2023JJ00
GM0553,11.6,2013JJ00
GM0553,11.7,2014JJ00
GM0553,10.1,2015JJ00
GM0553,9.9,2016JJ00
GM0553,8.8,2017JJ00
GM0553,7.5,2018JJ00
GM0553,7.5,2019JJ00
GM0553,9.1,2020JJ00
GM0553,7.2,2021JJ00
GM0553,6.6,2022JJ00
GM0553,7.4,2023JJ00
GM0262,12.9,2013JJ00
GM0262,12.3,2014JJ00
GM0262,11.1,2015JJ00
GM0262,11.3,2016JJ00
GM0262,10.4,2017JJ00
GM0262,8.4,2018JJ00
GM0262,7.6,2019JJ00
GM0262,9.4,2020JJ00
GM0262,7.8,2021JJ00
GM0262,6.7,2022JJ00
GM0262,7.2,2023JJ00
GM0809,13.0,2013JJ00
GM0809,11.1,2014JJ00
GM0809,10.4,2015JJ00
GM0809,9.7,2016JJ00
GM0809,8.8,2017JJ00
GM0809,7.7,2018JJ00
GM0809,7.3,2019JJ00
GM0809,8.8,2020JJ00
GM0809,7.5,2021JJ00
GM0809,6.4,2022JJ00
GM0809,6.9,2023JJ00
GM0331,12.0,2013JJ00
GM0331,11.3,2014JJ00
GM0331,10.6,2015JJ00
GM0331,9.6,2016JJ00
GM0331,8.8,2017JJ00
GM0331,7.5,2018JJ00
GM0331,7.2,2019JJ00
GM0331,9.0,2020JJ00
GM0331,7.5,2021JJ00
GM0331,6.3,2022JJ00
GM0331,6.7,2023JJ00
GM0168,12.8,2013JJ00
GM0168,12.4,2014JJ00
GM0168,12.0,2015JJ00
GM0168,11.6,2016JJ00
GM0168,9.6,2017JJ00
GM0168,8.4,2018JJ00
GM0168,7.8,2019JJ00
GM0168,9.7,2020JJ00
GM0168,7.4,2021JJ00
GM0168,6.6,2022JJ00
GM0168,6.9,2023JJ00
GM0263,13.6,2013JJ00
GM0263,11.1,2014JJ00
GM0263,10.6,2015JJ00
GM0263,10.2,2016JJ00
GM0263,9.0,2017JJ00
GM0263,7.8,2018JJ00
GM0263,7.8,2019JJ00
GM0263,9.0,2020JJ00
GM0263,7.5,2021JJ00
GM0263,6.5,2022JJ00
GM0263,7.1,2023JJ00
GM1641,13.2,2013JJ00
GM1641,12.6,2014JJ00
GM1641,10.9,2015JJ00
GM1641,11.4,2016JJ00
GM1641,9.1,2017JJ00
GM1641,7.7,2018JJ00
GM1641,7.5,2019JJ00
GM1641,9.9,2020JJ00
GM1641,8.0,2021JJ00
GM1641,6.8,2022JJ00
GM1641,7.7,2023JJ00
GM1991,12.1,2013JJ00
GM1991,11.9,2014JJ00
GM1991,10.5,2015JJ00
GM1991,10.1,2016JJ00
GM1991,9.0,2017JJ00
GM1991,7.6,2018JJ00
GM1991,7.4,2019JJ00
GM1991,8.9,2020JJ00
GM1991,7.4,2021JJ00
GM1991,6.4,2022JJ00
GM1991,6.8,2023JJ00
GM0556,14.8,2013JJ00
GM0556,15.4,2014JJ00
GM0556,12.7,2015JJ00
GM0556,11.9,2016JJ00
GM0556,11.0,2017JJ00
GM0556,9.2,2018JJ00
GM0556,8.4,2019JJ00
GM0556,11.0,2020JJ00
GM0556,9.3,2021JJ00
GM0556,7.9,2022JJ00
GM0556,8.4,2023JJ00
GM0935,14.8,2013JJ00
GM0935,14.3,2014JJ00
GM0935,12.3,2015JJ00
GM0935,13.4,2016JJ00
GM0935,10.9,2017JJ00
GM0935,9.1,2018JJ00
GM0935,9.3,2019JJ00
GM0935,12.9,2020JJ00
GM0935,10.4,2021JJ00
GM0935,10.2,2022JJ00
GM0935,9.7,2023JJ00
GM0420,11.6,2013JJ00
GM0420,11.0,2014JJ00
GM0420,9.0,2015JJ00
GM0420,9.3,2016JJ00
GM0420,8.4,2017JJ00
GM0420,8.3,2018JJ00
GM0420,7.4,2019JJ00
GM0420,9.1,2020JJ00
GM0420,7.8,2021JJ00
GM0420,7.1,2022JJ00
GM0420,7.1,2023JJ00
GM0938,14.1,2013JJ00
GM0938,13.2,2014JJ00
GM0938,11.7,2015JJ00
GM0938,11.0,2016JJ00
GM0938,9.9,2017JJ00
GM0938,8.6,2018JJ00
GM0938,7.8,2019JJ00
GM0938,9.9,2020JJ00
GM0938,7.5,2021JJ00
GM0938,6.9,2022JJ00
GM0938,7.5,2023JJ00
GM1948,11.7,2013JJ00
GM1948,11.8,2014JJ00
GM1948,10.8,2015JJ00
GM1948,10.0,2016JJ00
GM1948,8.1,2017JJ00
GM1948,7.1,2018JJ00
GM1948,6.6,2019JJ00
GM1948,8.7,2020JJ00
GM1948,6.4,2021JJ00
GM1948,6.4,2022JJ00
GM1948,6.4,2023JJ00
GM0119,13.9,2013JJ00
GM0119,14.1,2014JJ00
GM0119,12.8,2015JJ00
GM0119,12.2,2016JJ00
GM0119,10.3,2017JJ00
GM0119,8.8,2018JJ00
GM0119,8.2,2019JJ00
GM0119,10.1,2020JJ00
GM0119,8.3,2021JJ00
GM0119,7.6,2022JJ00
GM0119,7.5,2023JJ00
GM0687,12.5,2013JJ00
GM0687,12.0,2014JJ00
GM0687,11.2,2015JJ00
GM0687,10.0,2016JJ00
GM0687,8.1,2017JJ00
GM0687,7.4,2018JJ00
GM0687,7.5,2019JJ00
GM0687,9.4,2020JJ00
GM0687,8.4,2021JJ00
GM0687,6.3,2022JJ00
GM0687,7.2,2023JJ00
GM1842,11.5,2013JJ00
GM1842,10.7,2014JJ00
GM1842,10.4,2015JJ00
GM1842,9.7,2016JJ00
GM1842,8.5,2017JJ00
GM1842,7.6,2018JJ00
GM1842,7.3,2019JJ00
GM1842,9.2,2020JJ00
GM1842,7.3,2021JJ00
GM1842,6.7,2022JJ00
GM1842,7.0,2023JJ00
GM1731,13.3,2013JJ00
GM1731,12.7,2014JJ00
GM1731,11.3,2015JJ00
GM1731,11.6,2016JJ00
GM1731,9.7,2017JJ00
GM1731,8.2,2018JJ00
GM1731,7.4,2019JJ00
GM1731,9.3,2020JJ00
GM1731,7.4,2021JJ00
GM1731,6.5,2022JJ00
GM1731,7.4,2023JJ00
GM1952,15.3,2013JJ00
GM1952,15.1,2014JJ00
GM1952,12.8,2015JJ00
GM1952,13.1,2016JJ00
GM1952,11.3,2017JJ00
GM1952,11.1,2018JJ00
GM1952,10.8,2019JJ00
GM1952,12.6,2020JJ00
GM1952,10.2,2021JJ00
GM1952,7.3,2022JJ00
GM1952,8.5,2023JJ00
GM1709,12.6,2013JJ00
GM1709,12.0,2014JJ00
GM1709,10.9,2015JJ00
GM1709,11.4,2016JJ00
GM1709,10.3,2017JJ00
GM1709,8.5,2018JJ00
GM1709,7.6,2019JJ00
GM1709,9.4,2020JJ00
GM1709,7.5,2021JJ00
GM1709,7.0,2022JJ00
GM1709,6.8,2023JJ00
GM1978,11.1,2013JJ00
GM1978,11.1,2014JJ00
GM1978,9.8,2015JJ00
GM1978,9.0,2016JJ00
GM1978,8.3,2017JJ00
GM1978,7.6,2018JJ00
GM1978,6.9,2019JJ00
GM1978,8.2,2020JJ00
GM1978,6.9,2021JJ00
GM1978,6.2,2022JJ00
GM1978,6.4,2023JJ00
GM1955,12.7,2013JJ00
GM1955,12.6,2014JJ00
GM1955,11.1,2015JJ00
GM1955,9.9,2016JJ00
GM1955,9.2,2017JJ00
GM1955,7.3,2018JJ00
GM1955,7.4,2019JJ00
GM1955,9.4,2020JJ00
GM1955,7.5,2021JJ00
GM1955,6.7,2022JJ00
GM1955,7.1,2023JJ00
GM0335,12.2,2013JJ00
GM0335,11.8,2014JJ00
GM0335,11.0,2015JJ00
GM0335,10.8,2016JJ00
GM0335,8.6,2017JJ00
GM0335,7.5,2018JJ00
GM0335,7.4,2019JJ00
GM0335,8.4,2020JJ00
GM0335,7.4,2021JJ00
GM0335,6.4,2022JJ00
GM0335,6.8,2023JJ00
GM0944,13.2,2013JJ00
GM0944,13.1,2014JJ00
GM0944,11.5,2015JJ00
GM0944,11.4,2016JJ00
GM0944,9.5,2017JJ00
GM0944,8.1,2018JJ00
GM0944,8.1,2019JJ00
GM0944,9.5,2020JJ00
GM0944,7.7,2021JJ00
GM0944,6.9,2022JJ00
GM0944,7.4,2023JJ00
GM1740,11.4,2013JJ00
GM1740,11.2,2014JJ00
GM1740,9.4,2015JJ00
GM1740,9.1,2016JJ00
GM1740,8.2,2017JJ00
GM1740,6.7,2018JJ00
GM1740,6.8,2019JJ00
GM1740,8.3,2020JJ00
GM1740,6.8,2021JJ00
GM1740,6.2,2022JJ00
GM1740,6.5,2023JJ00
GM0946,12.2,2013JJ00
GM0946,11.5,2014JJ00
GM0946,10.5,2015JJ00
GM0946,10.2,2016JJ00
GM0946,8.4,2017JJ00
GM0946,7.6,2018JJ00
GM0946,7.3,2019JJ00
GM0946,8.7,2020JJ00
GM0946,7.4,2021JJ00
GM0946,6.4,2022JJ00
GM0946,6.9,2023JJ00
GM0356,14.7,2013JJ00
GM0356,12.8,2014JJ00
GM0356,12.1,2015JJ00
GM0356,11.5,2016JJ00
GM0356,10.5,2017JJ00
GM0356,8.3,2018JJ00
GM0356,8.3,2019JJ00
GM0356,10.1,2020JJ00
GM0356,9.7,2021JJ00
GM0356,8.0,2022JJ00
GM0356,8.0,2023JJ00
GM0569,11.9,2013JJ00
GM0569,11.2,2014JJ00
GM0569,10.3,2015JJ00
GM0569,9.6,2016JJ00
GM0569,8.6,2017JJ00
GM0569,7.5,2018JJ00
GM0569,7.5,2019JJ00
GM0569,8.8,2020JJ00
GM0569,7.3,2021JJ00
GM0569,6.8,2022JJ00
GM0569,7.1,2023JJ00
GM0267,12.6,2013JJ00
GM0267,11.8,2014JJ00
GM0267,10.4,2015JJ00
GM0267,10.1,2016JJ00
GM0267,9.3,2017JJ00
GM0267,7.2,2018JJ00
GM0267,7.4,2019JJ00
GM0267,8.8,2020JJ00
GM0267,8.2,2021JJ00
GM0267,6.4,2022JJ00
GM0267,6.7,2023JJ00
GM0268,14.8,2013JJ00
GM0268,12.0,2014JJ00
GM0268,12.6,2015JJ00
GM0268,11.9,2016JJ00
GM0268,10.0,2017JJ00
GM0268,9.5,2018JJ00
GM0268,8.7,2019JJ00
GM0268,11.6,2020JJ00
GM0268,10.8,2021JJ00
GM0268,8.4,2022JJ00
GM0268,8.4,2023JJ00
GM1930,14.2,2013JJ00
GM1930,14.1,2014JJ00
GM1930,15.3,2015JJ00
GM1930,12.0,2016JJ00
GM1930,11.5,2017JJ00
GM1930,9.0,2018JJ00
GM1930,9.3,2019JJ00
GM1930,10.9,2020JJ00
GM1930,9.6,2021JJ00
GM1930,7.2,2022JJ00
GM1930,8.3,2023JJ00
GM1970,13.7,2013JJ00
GM1970,12.7,2014JJ00
GM1970,12.3,2015JJ00
GM1970,10.9,2016JJ00
GM1970,9.9,2017JJ00
GM1970,8.3,2018JJ00
GM1970,8.0,2019JJ00
GM1970,9.1,2020JJ00
GM1970,7.6,2021JJ00
GM1970,6.8,2022JJ00
GM1970,7.0,2023JJ00
GM1695,11.9,2013JJ00
GM1695,11.7,2014JJ00
GM1695,10.5,2015JJ00
GM1695,9.6,2016JJ00
GM1695,8.6,2017JJ00
GM1695,7.8,2018JJ00
GM1695,7.3,2019JJ00
GM1695,8.9,2020JJ00
GM1695,7.3,2021JJ00
GM1695,6.6,2022JJ00
GM1695,7.1,2023JJ00
GM1699,14.5,2013JJ00
GM1699,13.8,2014JJ00
GM1699,12.4,2015JJ00
GM1699,11.4,2016JJ00
GM1699,10.1,2017JJ00
GM1699,9.0,2018JJ00
GM1699,8.4,2019JJ00
GM1699,10.4,2020JJ00
GM1699,7.8,2021JJ00
GM1699,6.9,2022JJ00
GM1699,7.2,2023JJ00
GM0171,13.5,2013JJ00
GM0171,13.7,2014JJ00
GM0171,12.4,2015JJ00
GM0171,10.9,2016JJ00
GM0171,9.8,2017JJ00
GM0171,8.1,2018JJ00
GM0171,7.8,2019JJ00
GM0171,9.1,2020JJ00
GM0171,7.7,2021JJ00
GM0171,7.1,2022JJ00
GM0171,7.7,2023JJ00
GM0575,11.4,2013JJ00
GM0575,11.4,2014JJ00
GM0575,10.4,2015JJ00
GM0575,10.5,2016JJ00
GM0575,9.2,2017JJ00
GM0575,8.0,2018JJ00
GM0575,7.5,2019JJ00
GM0575,9.2,2020JJ00
GM0575,7.7,2021JJ00
GM0575,7.0,2022JJ00
GM0575,7.3,2023JJ00
GM0820,12.9,2013JJ00
GM0820,12.8,2014JJ00
GM0820,11.4,2015JJ00
GM0820,10.7,2016JJ00
GM0820,9.4,2017JJ00
GM0820,8.1,2018JJ00
GM0820,7.8,2019JJ00
GM0820,9.4,2020JJ00
GM0820,7.8,2021JJ00
GM0820,7.1,2022JJ00
GM0820,7.0,2023JJ00
GM0302,11.0,2013JJ00
GM0302,10.4,2014JJ00
GM0302,9.6,2015JJ00
GM0302,9.3,2016JJ00
GM0302,8.1,2017JJ00
GM0302,7.1,2018JJ00
GM0302,6.8,2019JJ00
GM0302,8.2,2020JJ00
GM0302,6.8,2021JJ00
GM0302,6.0,2022JJ00
GM0302,6.6,2023JJ00
GM0579,14.5,2013JJ00
GM0579,13.6,2014JJ00
GM0579,12.0,2015JJ00
GM0579,11.9,2016JJ00
GM0579,10.4,2017JJ00
GM0579,9.5,2018JJ00
GM0579,8.8,2019JJ00
GM0579,11.1,2020JJ00
GM0579,10.1,2021JJ00
GM0579,8.2,2022JJ00
GM0579,8.1,2023JJ00
GM0823,11.2,2013JJ00
GM0823,10.5,2014JJ00
GM0823,10.3,2015JJ00
GM0823,9.7,2016JJ00
GM0823,8.6,2017JJ00
GM0823,7.2,2018JJ00
GM0823,7.0,2019JJ00
GM0823,8.2,2020JJ00
GM0823,6.6,2021JJ00
GM0823,6.1,2022JJ00
GM0823,6.5,2023JJ00
GM0824,12.3,2013JJ00
GM0824,11.6,2014JJ00
GM0824,11.5,2015JJ00
GM0824,10.4,2016JJ00
GM0824,9.2,2017JJ00
GM0824,7.8,2018JJ00
GM0824,7.1,2019JJ00
GM0824,8.7,2020JJ00
GM0824,7.7,2021JJ00
GM0824,6.5,2022JJ00
GM0824,7.0,2023JJ00
GM1895,14.9,2013JJ00
GM1895,15.1,2014JJ00
GM1895,13.8,2015JJ00
GM1895,13.5,2016JJ00
GM1895,12.9,2017JJ00
GM1895,10.8,2018JJ00
GM1895,9.4,2019JJ00
GM1895,11.3,2020JJ00
GM1895,8.8,2021JJ00
GM1895,7.0,2022JJ00
GM1895,8.1,2023JJ00
GM0269,11.9,2013JJ00
GM0269,11.3,2014JJ00
GM0269,10.0,2015JJ00
GM0269,10.8,2016JJ00
GM0269,8.9,2017JJ00
GM0269,7.5,2018JJ00
GM0269,7.5,2019JJ00
GM0269,8.7,2020JJ00
GM0269,7.6,2021JJ00
GM0269,6.7,2022JJ00
GM0269,6.6,2023JJ00
GM0173,13.5,2013JJ00
GM0173,13.0,2014JJ00
GM0173,11.8,2015JJ00
GM0173,11.5,2016JJ00
GM0173,9.6,2017JJ00
GM0173,8.2,2018JJ00
GM0173,7.9,2019JJ00
GM0173,9.5,2020JJ00
GM0173,7.8,2021JJ00
GM0173,6.3,2022JJ00
GM0173,7.0,2023JJ00
GM1773,12.5,2013JJ00
GM1773,12.3,2014JJ00
GM1773,11.6,2015JJ00
GM1773,10.3,2016JJ00
GM1773,9.2,2017JJ00
GM1773,7.9,2018JJ00
GM1773,7.7,2019JJ00
GM1773,8.7,2020JJ00
GM1773,7.4,2021JJ00
GM1773,6.6,2022JJ00
GM1773,6.8,2023JJ00
GM0175,12.3,2013JJ00
GM0175,11.8,2014JJ00
GM0175,11.2,2015JJ00
GM0175,10.6,2016JJ00
GM0175,9.5,2017JJ00
GM0175,7.9,2018JJ00
GM0175,7.2,2019JJ00
GM0175,9.8,2020JJ00
GM0175,7.6,2021JJ00
GM0175,6.1,2022JJ00
GM0175,6.8,2023JJ00
GM1586,11.8,2013JJ00
GM1586,11.5,2014JJ00
GM1586,11.2,2015JJ00
GM1586,10.0,2016JJ00
GM1586,8.9,2017JJ00
GM1586,7.5,2018JJ00
GM1586,7.1,2019JJ00
GM1586,8.4,2020JJ00
GM1586,6.5,2021JJ00
GM1586,6.5,2022JJ00
GM1586,6.8,2023JJ00
GM0826,13.3,2013JJ00
GM0826,12.8,2014JJ00
GM0826,12.1,2015JJ00
GM0826,11.3,2016JJ00
GM0826,9.3,2017JJ00
GM0826,7.7,2018JJ00
GM0826,7.7,2019JJ00
GM0826,9.2,2020JJ00
GM0826,8.0,2021JJ00
GM0826,7.1,2022JJ00
GM0826,7.7,2023JJ00
GM0085,14.8,2013JJ00
GM0085,13.3,2014JJ00
GM0085,12.2,2015JJ00
GM0085,11.4,2016JJ00
GM0085,9.8,2017JJ00
GM0085,7.9,2018JJ00
GM0085,8.0,2019JJ00
GM0085,9.3,2020JJ00
GM0085,7.9,2021JJ00
GM0085,6.9,2022JJ00
GM0085,7.0,2023JJ00
GM0431,12.6,2013JJ00
GM0431,12.3,2014JJ00
GM0431,11.2,2015JJ00
GM0431,10.8,2016JJ00
GM0431,9.3,2017JJ00
GM0431,8.0,2018JJ00
GM0431,7.6,2019JJ00
GM0431,9.4,2020JJ00
GM0431,7.9,2021JJ00
GM0431,7.0,2022JJ00
GM0431,7.2,2023JJ00
GM0432,11.7,2013JJ00
GM0432,11.1,2014JJ00
GM0432,10.1,2015JJ00
GM0432,9.9,2016JJ00
GM0432,8.3,2017JJ00
GM0432,6.9,2018JJ00
GM0432,7.0,2019JJ00
GM0432,8.3,2020JJ00
GM0432,6.7,2021JJ00
GM0432,6.1,2022JJ00
GM0432,6.8,2023JJ00
GM0086,14.0,2013JJ00
GM0086,13.8,2014JJ00
GM0086,13.4,2015JJ00
GM0086,11.0,2016JJ00
GM0086,9.7,2017JJ00
GM0086,9.5,2018JJ00
GM0086,7.5,2019JJ00
GM0086,9.3,2020JJ00
GM0086,8.3,2021JJ00
GM0086,6.6,2022JJ00
GM0086,7.1,2023JJ00
GM0828,13.0,2013JJ00
GM0828,14.2,2014JJ00
GM0828,12.5,2015JJ00
GM0828,11.3,2016JJ00
GM0828,9.7,2017JJ00
GM0828,8.3,2018JJ00
GM0828,7.2,2019JJ00
GM0828,8.5,2020JJ00
GM0828,7.7,2021JJ00
GM0828,6.6,2022JJ00
GM0828,7.3,2023JJ00
GM1509,13.1,2013JJ00
GM1509,13.0,2014JJ00
GM1509,12.5,2015JJ00
GM1509,13.2,2016JJ00
GM1509,10.8,2017JJ00
GM1509,8.3,2018JJ00
GM1509,8.2,2019JJ00
GM1509,9.4,2020JJ00
GM1509,7.4,2021JJ00
GM1509,6.9,2022JJ00
GM1509,7.2,2023JJ00
GM0437,14.1,2013JJ00
GM0437,13.8,2014JJ00
GM0437,12.4,2015JJ00
GM0437,12.2,2016JJ00
GM0437,10.5,2017JJ00
GM0437,9.1,2018JJ00
GM0437,8.4,2019JJ00
GM0437,10.4,2020JJ00
GM0437,9.2,2021JJ00
GM0437,7.5,2022JJ00
GM0437,8.2,2023JJ00
GM0589,11.9,2013JJ00
GM0589,11.0,2014JJ00
GM0589,11.1,2015JJ00
GM0589,9.8,2016JJ00
GM0589,8.5,2017JJ00
GM0589,7.7,2018JJ00
GM0589,7.2,2019JJ00
GM0589,8.8,2020JJ00
GM0589,7.0,2021JJ00
GM0589,6.4,2022JJ00
GM0589,6.9,2023JJ00
GM1734,13.5,2013JJ00
GM1734,12.5,2014JJ00
GM1734,11.8,2015JJ00
GM1734,10.8,2016JJ00
GM1734,9.3,2017JJ00
GM1734,7.9,2018JJ00
GM1734,7.7,2019JJ00
GM1734,9.0,2020JJ00
GM1734,8.0,2021JJ00
GM1734,6.6,2022JJ00
GM1734,6.9,2023JJ00
GM0590,13.2,2013JJ00
GM0590,12.9,2014JJ00
GM0590,12.2,2015JJ00
GM0590,10.9,2016JJ00
GM0590,9.4,2017JJ00
GM0590,8.9,2018JJ00
GM0590,7.7,2019JJ00
GM0590,9.5,2020JJ00
GM0590,8.6,2021JJ00
GM0590,7.0,2022JJ00
GM0590,7.8,2023JJ00
GM1894,10.9,2013JJ00
GM1894,11.0,2014JJ00
GM1894,10.1,2015JJ00
GM1894,9.6,2016JJ00
GM1894,8.3,2017JJ00
GM1894,7.1,2018JJ00
GM1894,6.8,2019JJ00
GM1894,8.5,2020JJ00
GM1894,6.6,2021JJ00
GM1894,6.5,2022JJ00
GM1894,6.9,2023JJ00
GM0765,15.1,2013JJ00
GM0765,14.2,2014JJ00
GM0765,13.4,2015JJ00
GM0765,12.8,2016JJ00
GM0765,10.3,2017JJ00
GM0765,9.0,2018JJ00
GM0765,8.2,2019JJ00
GM0765,10.1,2020JJ00
GM0765,8.0,2021JJ00
GM0765,6.9,2022JJ00
GM0765,7.9,2023JJ00
GM1926,13.0,2013JJ00
GM1926,12.2,2014JJ00
GM1926,11.6,2015JJ00
GM1926,11.3,2016JJ00
GM1926,10.5,2017JJ00
GM1926,8.6,2018JJ00
GM1926,7.9,2019JJ00
GM1926,9.9,2020JJ00
GM1926,8.6,2021JJ00
GM1926,7.2,2022JJ00
GM1926,8.2,2023JJ00
GM0439,14.5,2013JJ00
GM0439,14.4,2014JJ00
GM0439,12.7,2015JJ00
GM0439,12.6,2016JJ00
GM0439,10.4,2017JJ00
GM0439,8.7,2018JJ00
GM0439,8.4,2019JJ00
GM0439,11.2,2020JJ00
GM0439,10.5,2021JJ00
GM0439,7.6,2022JJ00
GM0439,8.0,2023JJ00
GM0273,11.2,2013JJ00
GM0273,10.5,2014JJ00
GM0273,9.6,2015JJ00
GM0273,10.0,2016JJ00
GM0273,8.2,2017JJ00
GM0273,7.3,2018JJ00
GM0273,6.9,2019JJ00
GM0273,8.6,2020JJ00
GM0273,7.1,2021JJ00
GM0273,6.4,2022JJ00
GM0273,6.8,2023JJ00
GM0177,13.5,2013JJ00
GM0177,11.0,2014JJ00
GM0177,11.9,2015JJ00
GM0177,11.1,2016JJ00
GM0177,9.3,2017JJ00
GM0177,7.3,2018JJ00
GM0177,7.1,2019JJ00
GM0177,8.3,2020JJ00
GM0177,6.7,2021JJ00
GM0177,5.8,2022JJ00
GM0177,6.7,2023JJ00
GM0703,10.7,2013JJ00
GM0703,10.2,2014JJ00
GM0703,9.3,2015JJ00
GM0703,8.9,2016JJ00
GM0703,7.5,2017JJ00
GM0703,6.6,2018JJ00
GM0703,6.6,2019JJ00
GM0703,8.1,2020JJ00
GM0703,6.6,2021JJ00
GM0703,5.9,2022JJ00
GM0703,6.8,2023JJ00
GM0274,14.1,2013JJ00
GM0274,12.6,2014JJ00
GM0274,12.5,2015JJ00
GM0274,11.3,2016JJ00
GM0274,10.5,2017JJ00
GM0274,9.1,2018JJ00
GM0274,8.5,2019JJ00
GM0274,10.5,2020JJ00
GM0274,8.5,2021JJ00
GM0274,7.4,2022JJ00
GM0274,8.3,2023JJ00
GM0339,11.2,2013JJ00
GM0339,10.5,2014JJ00
GM0339,10.2,2015JJ00
GM0339,9.8,2016JJ00
GM0339,9.0,2017JJ00
GM0339,7.0,2018JJ00
GM0339,6.8,2019JJ00
GM0339,8.3,2020JJ00
GM0339,6.9,2021JJ00
GM0339,6.1,2022JJ00
GM0339,6.6,2023JJ00
GM1667,11.1,2013JJ00
GM1667,10.6,2014JJ00
GM1667,9.7,2015JJ00
GM1667,9.2,2016JJ00
GM1667,8.3,2017JJ00
GM1667,6.7,2018JJ00
GM1667,6.8,2019JJ00
GM1667,8.6,2020JJ00
GM1667,6.7,2021JJ00
GM1667,6.1,2022JJ00
GM1667,6.9,2023JJ00
GM0275,13.3,2013JJ00
GM0275,12.8,2014JJ00
GM0275,12.4,2015JJ00
GM0275,11.9,2016JJ00
GM0275,10.7,2017JJ00
GM0275,8.8,2018JJ00
GM0275,8.7,2019JJ00
GM0275,11.5,2020JJ00
GM0275,9.8,2021JJ00
GM0275,7.9,2022JJ00
GM0275,7.8,2023JJ00
GM0340,12.5,2013JJ00
GM0340,12.1,2014JJ00
GM0340,10.5,2015JJ00
GM0340,10.1,2016JJ00
GM0340,9.1,2017JJ00
GM0340,7.6,2018JJ00
GM0340,7.4,2019JJ00
GM0340,9.3,2020JJ00
GM0340,7.8,2021JJ00
GM0340,6.7,2022JJ00
GM0340,7.2,2023JJ00
GM0597,13.3,2013JJ00
GM0597,12.2,2014JJ00
GM0597,11.0,2015JJ00
GM0597,10.5,2016JJ00
GM0597,10.0,2017JJ00
GM0597,8.0,2018JJ00
GM0597,8.1,2019JJ00
GM0597,9.5,2020JJ00
GM0597,10.0,2021JJ00
GM0597,7.5,2022JJ00
GM0597,7.9,2023JJ00
GM1742,12.1,2013JJ00
GM1742,11.7,2014JJ00
GM1742,11.4,2015JJ00
GM1742,11.2,2016JJ00
GM1742,9.1,2017JJ00
GM1742,7.5,2018JJ00
GM1742,7.0,2019JJ00
GM1742,8.1,2020JJ00
GM1742,6.6,2021JJ00
GM1742,5.8,2022JJ00
GM1742,6.4,2023JJ00
GM0603,15.4,2013JJ00
GM0603,14.7,2014JJ00
GM0603,14.6,2015JJ00
GM0603,13.7,2016JJ00
GM0603,12.3,2017JJ00
GM0603,9.9,2018JJ00
GM0603,9.7,2019JJ00
GM0603,12.0,2020JJ00
GM0603,11.8,2021JJ00
GM0603,8.6,2022JJ00
GM0603,9.5,2023JJ00
GM1669,13.8,2013JJ00
GM1669,12.2,2014JJ00
GM1669,11.7,2015JJ00
GM1669,10.9,2016JJ00
GM1669,9.5,2017JJ00
GM1669,7.7,2018JJ00
GM1669,7.4,2019JJ00
GM1669,9.7,2020JJ00
GM1669,7.8,2021JJ00
GM1669,6.9,2022JJ00
GM1669,7.2,2023JJ00
GM0957,13.8,2013JJ00
GM0957,14.6,2014JJ00
GM0957,12.8,2015JJ00
GM0957,12.7,2016JJ00
GM0957,10.7,2017JJ00
GM0957,8.6,2018JJ00
GM0957,8.3,2019JJ00
GM0957,11.4,2020JJ00
GM0957,9.4,2021JJ00
GM0957,7.9,2022JJ00
GM0957,9.2,2023JJ00
GM0736,13.0,2013JJ00
GM0736,11.6,2014JJ00
GM0736,11.5,2015JJ00
GM0736,10.0,2016JJ00
GM0736,9.1,2017JJ00
GM0736,7.7,2018JJ00
GM0736,7.6,2019JJ00
GM0736,9.4,2020JJ00
GM0736,8.2,2021JJ00
GM0736,7.5,2022JJ00
GM0736,7.2,2023JJ00
GM1674,13.7,2013JJ00
GM1674,14.9,2014JJ00
GM1674,12.6,2015JJ00
GM1674,11.2,2016JJ00
GM1674,10.7,2017JJ00
GM1674,8.4,2018JJ00
GM1674,8.1,2019JJ00
GM1674,10.4,2020JJ00
GM1674,8.8,2021JJ00
GM1674,7.5,2022JJ00
GM1674,7.7,2023JJ00
GM0599,17.6,2013JJ00
GM0599,19.2,2014JJ00
GM0599,18.3,2015JJ00
GM0599,18.9,2016JJ00
GM0599,14.0,2017JJ00
GM0599,12.5,2018JJ00
GM0599,11.9,2019JJ00
GM0599,14.7,2020JJ00
GM0599,14.9,2021JJ00
GM0599,9.4,2022JJ00
GM0599,11.2,2023JJ00
GM0277,14.9,2013JJ00
GM0277,13.9,2014JJ00
GM0277,13.3,2015JJ00
GM0277,11.7,2016JJ00
GM0277,11.0,2017JJ00
GM0277,9.1,2018JJ00
GM0277,8.9,2019JJ00
GM0277,10.2,2020JJ00
GM0277,8.0,2021JJ00
GM0277,6.7,2022JJ00
GM0277,7.4,2023JJ00
GM0840,12.2,2013JJ00
GM0840,12.2,2014JJ00
GM0840,10.8,2015JJ00
GM0840,11.1,2016JJ00
GM0840,9.4,2017JJ00
GM0840,7.4,2018JJ00
GM0840,7.2,2019JJ00
GM0840,9.0,2020JJ00
GM0840,6.9,2021JJ00
GM0840,6.4,2022JJ00
GM0840,7.1,2023JJ00
GM0441,12.4,2013JJ00
GM0441,11.2,2014JJ00
GM0441,10.1,2015JJ00
GM0441,9.4,2016JJ00
GM0441,8.3,2017JJ00
GM0441,7.0,2018JJ00
GM0441,7.2,2019JJ00
GM0441,8.9,2020JJ00
GM0441,7.0,2021JJ00
GM0441,6.3,2022JJ00
GM0441,6.6,2023JJ00
GM0279,11.6,2013JJ00
GM0279,10.9,2014JJ00
GM0279,10.1,2015JJ00
GM0279,9.7,2016JJ00
GM0279,8.8,2017JJ00
GM0279,7.5,2018JJ00
GM0279,6.8,2019JJ00
GM0279,8.6,2020JJ00
GM0279,6.8,2021JJ00
GM0279,6.1,2022JJ00
GM0279,6.3,2023JJ00
GM0606,16.1,2013JJ00
GM0606,15.8,2014JJ00
GM0606,16.2,2015JJ00
GM0606,14.1,2016JJ00
GM0606,13.3,2017JJ00
GM0606,10.6,2018JJ00
GM0606,10.2,2019JJ00
GM0606,11.6,2020JJ00
GM0606,11.3,2021JJ00
GM0606,9.1,2022JJ00
GM0606,9.2,2023JJ00
GM0088,11.4,2013JJ00
GM0088,11.4,2014JJ00
GM0088,10.3,2015JJ00
GM0088,9.7,2016JJ00
GM0088,8.6,2017JJ00
GM0088,7.7,2018JJ00
GM0088,6.8,2019JJ00
GM0088,9.1,2020JJ00
GM0088,7.3,2021JJ00
GM0088,5.9,2022JJ00
GM0088,7.6,2023JJ00
GM1676,11.0,2013JJ00
GM1676,10.3,2014JJ00
GM1676,9.2,2015JJ00
GM1676,8.7,2016JJ00
GM1676,7.9,2017JJ00
GM1676,6.6,2018JJ00
GM1676,6.8,2019JJ00
GM1676,8.3,2020JJ00
GM1676,7.1,2021JJ00
GM1676,5.8,2022JJ00
GM1676,6.4,2023JJ00
GM0965,13.8,2013JJ00
GM0965,12.7,2014JJ00
GM0965,11.1,2015JJ00
GM0965,10.5,2016JJ00
GM0965,9.5,2017JJ00
GM0965,8.7,2018JJ00
GM0965,7.8,2019JJ00
GM0965,10.0,2020JJ00
GM0965,7.8,2021JJ00
GM0965,6.7,2022JJ00
GM0965,7.5,2023JJ00
GM0845,12.1,2013JJ00
GM0845,11.5,2014JJ00
GM0845,10.5,2015JJ00
GM0845,9.9,2016JJ00
GM0845,9.2,2017JJ00
GM0845,8.2,2018JJ00
GM0845,7.3,2019JJ00
GM0845,8.4,2020JJ00
GM0845,7.1,2021JJ00
GM0845,6.4,2022JJ00
GM0845,6.6,2023JJ00
GM1883,16.4,2013JJ00
GM1883,15.0,2014JJ00
GM1883,12.3,2015JJ00
GM1883,12.1,2016JJ00
GM1883,10.7,2017JJ00
GM1883,8.5,2018JJ00
GM1883,8.6,2019JJ00
GM1883,10.7,2020JJ00
GM1883,9.0,2021JJ00
GM1883,7.6,2022JJ00
GM1883,8.9,2023JJ00
GM0610,12.2,2013JJ00
GM0610,11.6,2014JJ00
GM0610,11.4,2015JJ00
GM0610,10.7,2016JJ00
GM0610,9.7,2017JJ00
GM0610,8.5,2018JJ00
GM0610,7.9,2019JJ00
GM0610,9.7,2020JJ00
GM0610,8.1,2021JJ00
GM0610,6.7,2022JJ00
GM0610,7.2,2023JJ00
GM1714,12.5,2013JJ00
GM1714,10.8,2014JJ00
GM1714,9.8,2015JJ00
GM1714,9.4,2016JJ00
GM1714,8.5,2017JJ00
GM1714,7.4,2018JJ00
GM1714,7.6,2019JJ00
GM1714,9.2,2020JJ00
GM1714,7.7,2021JJ00
GM1714,7.0,2022JJ00
GM1714,7.7,2023JJ00
GM0090,16.7,2013JJ00
GM0090,14.5,2014JJ00
GM0090,15.6,2015JJ00
GM0090,14.1,2016JJ00
GM0090,11.1,2017JJ00
GM0090,9.3,2018JJ00
GM0090,8.5,2019JJ00
GM0090,10.5,2020JJ00
GM0090,9.4,2021JJ00
GM0090,7.5,2022JJ00
GM0090,8.1,2023JJ00
GM0342,13.7,2013JJ00
GM0342,13.0,2014JJ00
GM0342,12.8,2015JJ00
GM0342,11.4,2016JJ00
GM0342,10.8,2017JJ00
GM0342,9.6,2018JJ00
GM0342,8.0,2019JJ00
GM0342,9.8,2020JJ00
GM0342,8.9,2021JJ00
GM0342,7.5,2022JJ00
GM0342,7.6,2023JJ00
GM0847,10.9,2013JJ00
GM0847,11.0,2014JJ00
GM0847,10.3,2015JJ00
GM0847,9.4,2016JJ00
GM0847,8.3,2017JJ00
GM0847,7.6,2018JJ00
GM0847,6.9,2019JJ00
GM0847,8.3,2020JJ00
GM0847,7.0,2021JJ00
GM0847,6.3,2022JJ00
GM0847,6.6,2023JJ00
GM0848,13.7,2013JJ00
GM0848,12.1,2014JJ00
GM0848,11.4,2015JJ00
GM0848,10.5,2016JJ00
GM0848,9.1,2017JJ00
GM0848,7.8,2018JJ00
GM0848,7.6,2019JJ00
GM0848,9.4,2020JJ00
GM0848,7.4,2021JJ00
GM0848,7.2,2022JJ00
GM0848,7.1,2023JJ00
GM0037,13.9,2013JJ00
GM0037,13.9,2014JJ00
GM0037,13.1,2015JJ00
GM0037,13.3,2016JJ00
GM0037,11.2,2017JJ00
GM0037,10.5,2018JJ00
GM0037,8.4,2019JJ00
GM0037,10.4,2020JJ00
GM0037,7.9,2021JJ00
GM0037,6.9,2022JJ00
GM0037,7.7,2023JJ00
GM0180,11.4,2013JJ00
GM0180,10.4,2014JJ00
GM0180,10.2,2015JJ00
GM0180,9.8,2016JJ00
GM0180,8.3,2017JJ00
GM0180,7.3,2018JJ00
GM0180,6.6,2019JJ00
GM0180,8.0,2020JJ00
GM0180,6.6,2021JJ00
GM0180,5.8,2022JJ00
GM0180,6.3,2023JJ00
GM0532,11.9,2013JJ00
GM0532,11.8,2014JJ00
GM0532,10.9,2015JJ00
GM0532,10.2,2016JJ00
GM0532,9.2,2017JJ00
GM0532,8.3,2018JJ00
GM0532,7.8,2019JJ00
GM0532,9.5,2020JJ00
GM0532,7.7,2021JJ00
GM0532,6.5,2022JJ00
GM0532,7.1,2023JJ00
GM0851,12.6,2013JJ00
GM0851,11.8,2014JJ00
GM0851,11.5,2015JJ00
GM0851,11.9,2016JJ00
GM0851,9.7,2017JJ00
GM0851,8.1,2018JJ00
GM0851,7.7,2019JJ00
GM0851,9.1,2020JJ00
GM0851,7.3,2021JJ00
GM0851,6.7,2022JJ00
GM0851,7.2,2023JJ00
GM1708,13.1,2013JJ00
GM1708,12.7,2014JJ00
GM1708,11.4,2015JJ00
GM1708,12.2,2016JJ00
GM1708,9.8,2017JJ00
GM1708,8.2,2018JJ00
GM1708,7.7,2019JJ00
GM1708,8.9,2020JJ00
GM1708,7.1,2021JJ00
GM1708,6.6,2022JJ00
GM1708,7.1,2023JJ00
GM0971,13.7,2013JJ00
GM0971,12.7,2014JJ00
GM0971,11.6,2015JJ00
GM0971,10.7,2016JJ00
GM0971,9.4,2017JJ00
GM0971,8.1,2018JJ00
GM0971,7.9,2019JJ00
GM0971,9.7,2020JJ00
GM0971,8.2,2021JJ00
GM0971,6.9,2022JJ00
GM0971,7.7,2023JJ00
GM1904,12.6,2013JJ00
GM1904,11.6,2014JJ00
GM1904,12.7,2015JJ00
GM1904,10.9,2016JJ00
GM1904,9.2,2017JJ00
GM1904,7.7,2018JJ00
GM1904,7.6,2019JJ00
GM1904,10.1,2020JJ00
GM1904,9.0,2021JJ00
GM1904,7.3,2022JJ00
GM1904,8.1,2023JJ00
GM1900,15.8,2013JJ00
GM1900,14.5,2014JJ00
GM1900,14.9,2015JJ00
GM1900,11.9,2016JJ00
GM1900,10.2,2017JJ00
GM1900,8.8,2018JJ00
GM1900,8.2,2019JJ00
GM1900,9.8,2020JJ00
GM1900,7.6,2021JJ00
GM1900,6.9,2022JJ00
GM1900,7.3,2023JJ00
GM0715,12.7,2013JJ00
GM0715,12.5,2014JJ00
GM0715,11.6,2015JJ00
GM0715,10.7,2016JJ00
GM0715,8.0,2017JJ00
GM0715,7.5,2018JJ00
GM0715,7.7,2019JJ00
GM0715,9.7,2020JJ00
GM0715,8.2,2021JJ00
GM0715,7.1,2022JJ00
GM0715,7.6,2023JJ00
GM0093,11.8,2013JJ00
GM0093,12.7,2014JJ00
GM0093,10.0,2015JJ00
GM0093,10.3,2016JJ00
GM0093,8.8,2017JJ00
GM0093,7.6,2018JJ00
GM0093,7.6,2019JJ00
GM0093,9.0,2020JJ00
GM0093,7.2,2021JJ00
GM0093,6.4,2022JJ00
GM0093,7.1,2023JJ00
GM0448,11.3,2013JJ00
GM0448,10.7,2014JJ00
GM0448,10.1,2015JJ00
GM0448,9.5,2016JJ00
GM0448,8.8,2017JJ00
GM0448,7.6,2018JJ00
GM0448,7.1,2019JJ00
GM0448,8.9,2020JJ00
GM0448,7.0,2021JJ00
GM0448,6.4,2022JJ00
GM0448,6.9,2023JJ00
GM1525,11.9,2013JJ00
GM1525,11.5,2014JJ00
GM1525,10.9,2015JJ00
GM1525,10.8,2016JJ00
GM1525,9.3,2017JJ00
GM1525,8.9,2018JJ00
GM1525,7.6,2019JJ00
GM1525,9.1,2020JJ00
GM1525,8.0,2021JJ00
GM1525,6.6,2022JJ00
GM1525,7.4,2023JJ00
GM0716,11.9,2013JJ00
GM0716,11.7,2014JJ00
GM0716,10.3,2015JJ00
GM0716,9.0,2016JJ00
GM0716,7.7,2017JJ00
GM0716,6.8,2018JJ00
GM0716,6.7,2019JJ00
GM0716,8.5,2020JJ00
GM0716,8.3,2021JJ00
GM0716,6.3,2022JJ00
GM0716,6.7,2023JJ00
GM0281,15.0,2013JJ00
GM0281,14.4,2014JJ00
GM0281,14.1,2015JJ00
GM0281,12.6,2016JJ00
GM0281,11.1,2017JJ00
GM0281,9.5,2018JJ00
GM0281,8.7,2019JJ00
GM0281,11.0,2020JJ00
GM0281,9.8,2021JJ00
GM0281,7.6,2022JJ00
GM0281,8.1,2023JJ00
GM0855,14.2,2013JJ00
GM0855,14.0,2014JJ00
GM0855,11.8,2015JJ00
GM0855,11.3,2016JJ00
GM0855,9.2,2017JJ00
GM0855,7.4,2018JJ00
GM0855,8.1,2019JJ00
GM0855,10.0,2020JJ00
GM0855,7.9,2021JJ00
GM0855,7.7,2022JJ00
GM0855,8.0,2023JJ00
GM0183,12.5,2013JJ00
GM0183,11.9,2014JJ00
GM0183,10.3,2015JJ00
GM0183,9.9,2016JJ00
GM0183,8.9,2017JJ00
GM0183,7.3,2018JJ00
GM0183,6.8,2019JJ00
GM0183,8.3,2020JJ00
GM0183,6.5,2021JJ00
GM0183,5.8,2022JJ00
GM0183,6.3,2023JJ00
GM1700,13.3,2013JJ00
GM1700,11.9,2014JJ00
GM1700,11.0,2015JJ00
GM1700,11.1,2016JJ00
GM1700,9.1,2017JJ00
GM1700,7.9,2018JJ00
GM1700,7.3,2019JJ00
GM1700,9.0,2020JJ00
GM1700,7.1,2021JJ00
GM1700,5.9,2022JJ00
GM1700,6.5,2023JJ00
GM1730,14.8,2013JJ00
GM1730,14.0,2014JJ00
GM1730,12.9,2015JJ00
GM1730,11.4,2016JJ00
GM1730,11.2,2017JJ00
GM1730,9.3,2018JJ00
GM1730,8.3,2019JJ00
GM1730,10.9,2020JJ00
GM1730,8.3,2021JJ00
GM1730,7.0,2022JJ00
GM1730,7.8,2023JJ00
GM0737,15.2,2013JJ00
GM0737,12.7,2014JJ00
GM0737,13.3,2015JJ00
GM0737,12.1,2016JJ00
GM0737,10.2,2017JJ00
GM0737,8.3,2018JJ00
GM0737,8.0,2019JJ00
GM0737,9.9,2020JJ00
GM0737,8.0,2021JJ00
GM0737,6.4,2022JJ00
GM0737,6.9,2023JJ00
GM0450,12.2,2013JJ00
GM0450,11.5,2014JJ00
GM0450,10.5,2015JJ00
GM0450,10.4,2016JJ00
GM0450,9.1,2017JJ00
GM0450,8.0,2018JJ00
GM0450,7.5,2019JJ00
GM0450,9.2,2020JJ00
GM0450,7.6,2021JJ00
GM0450,6.4,2022JJ00
GM0450,7.4,2023JJ00
GM0451,13.4,2013JJ00
GM0451,14.1,2014JJ00
GM0451,12.6,2015JJ00
GM0451,11.7,2016JJ00
GM0451,9.8,2017JJ00
GM0451,8.5,2018JJ00
GM0451,8.2,2019JJ00
GM0451,10.4,2020JJ00
GM0451,8.9,2021JJ00
GM0451,8.2,2022JJ00
GM0451,7.8,2023JJ00
GM0184,11.3,2013JJ00
GM0184,11.1,2014JJ00
GM0184,10.8,2015JJ00
GM0184,9.4,2016JJ00
GM0184,8.1,2017JJ00
GM0184,7.1,2018JJ00
GM0184,6.4,2019JJ00
GM0184,7.4,2020JJ00
GM0184,6.5,2021JJ00
GM0184,5.8,2022JJ00
GM0184,6.4,2023JJ00
GM0344,12.9,2013JJ00
GM0344,13.1,2014JJ00
GM0344,12.5,2015JJ00
GM0344,10.8,2016JJ00
GM0344,9.6,2017JJ00
GM0344,8.5,2018JJ00
GM0344,8.4,2019JJ00
GM0344,11.2,2020JJ00
GM0344,11.6,2021JJ00
GM0344,8.9,2022JJ00
GM0344,9.3,2023JJ00
GM1581,12.6,2013JJ00
GM1581,12.2,2014JJ00
GM1581,12.1,2015JJ00
GM1581,10.0,2016JJ00
GM1581,9.3,2017JJ00
GM1581,8.2,2018JJ00
GM1581,8.4,2019JJ00
GM1581,9.9,2020JJ00
GM1581,8.1,2021JJ00
GM1581,7.4,2022JJ00
GM1581,7.4,2023JJ00
GM0981,16.1,2013JJ00
GM0981,14.6,2014JJ00
GM0981,13.6,2015JJ00
GM0981,13.9,2016JJ00
GM0981,12.4,2017JJ00
GM0981,12.1,2018JJ00
GM0981,12.7,2019JJ00
GM0981,15.7,2020JJ00
GM0981,14.1,2021JJ00
GM0981,11.7,2022JJ00
GM0981,13.0,2023JJ00
GM0994,12.7,2013JJ00
GM0994,11.6,2014JJ00
GM0994,11.1,2015JJ00
GM0994,11.0,2016JJ00
GM0994,9.4,2017JJ00
GM0994,7.7,2018JJ00
GM0994,7.6,2019JJ00
GM0994,10.0,2020JJ00
GM0994,8.0,2021JJ00
GM0994,7.1,2022JJ00
GM0994,7.9,2023JJ00
GM0858,12.0,2013JJ00
GM0858,12.3,2014JJ00
GM0858,10.7,2015JJ00
GM0858,10.0,2016JJ00
GM0858,9.1,2017JJ00
GM0858,7.4,2018JJ00
GM0858,7.4,2019JJ00
GM0858,8.8,2020JJ00
GM0858,7.3,2021JJ00
GM0858,7.0,2022JJ00
GM0858,7.3,2023JJ00
GM0047,14.3,2013JJ00
GM0047,15.1,2014JJ00
GM0047,14.1,2015JJ00
GM0047,14.1,2016JJ00
GM0047,11.9,2017JJ00
GM0047,10.9,2018JJ00
GM0047,9.5,2019JJ00
GM0047,10.8,2020JJ00
GM0047,8.6,2021JJ00
GM0047,7.0,2022JJ00
GM0047,8.1,2023JJ00
GM0345,14.4,2013JJ00
GM0345,13.8,2014JJ00
GM0345,12.8,2015JJ00
GM0345,11.8,2016JJ00
GM0345,9.9,2017JJ00
GM0345,8.1,2018JJ00
GM0345,7.4,2019JJ00
GM0345,9.3,2020JJ00
GM0345,8.8,2021JJ00
GM0345,6.8,2022JJ00
GM0345,7.6,2023JJ00
GM0717,11.4,2013JJ00
GM0717,10.3,2014JJ00
GM0717,9.2,2015JJ00
GM0717,8.6,2016JJ00
GM0717,7.6,2017JJ00
GM0717,6.8,2018JJ00
GM0717,6.7,2019JJ00
GM0717,8.3,2020JJ00
GM0717,6.5,2021JJ00
GM0717,5.9,2022JJ00
GM0717,6.5,2023JJ00
GM0861,12.4,2013JJ00
GM0861,11.6,2014JJ00
GM0861,10.8,2015JJ00
GM0861,11.4,2016JJ00
GM0861,8.9,2017JJ00
GM0861,7.9,2018JJ00
GM0861,7.3,2019JJ00
GM0861,9.3,2020JJ00
GM0861,7.9,2021JJ00
GM0861,6.6,2022JJ00
GM0861,7.2,2023JJ00
GM0453,12.5,2013JJ00
GM0453,12.3,2014JJ00
GM0453,11.1,2015JJ00
GM0453,10.2,2016JJ00
GM0453,9.3,2017JJ00
GM0453,7.6,2018JJ00
GM0453,7.9,2019JJ00
GM0453,9.5,2020JJ00
GM0453,7.8,2021JJ00
GM0453,7.3,2022JJ00
GM0453,7.8,2023JJ00
GM0983,14.0,2013JJ00
GM0983,15.8,2014JJ00
GM0983,12.7,2015JJ00
GM0983,11.4,2016JJ00
GM0983,10.5,2017JJ00
GM0983,8.6,2018JJ00
GM0983,8.1,2019JJ00
GM0983,9.8,2020JJ00
GM0983,8.5,2021JJ00
GM0983,7.6,2022JJ00
GM0983,8.4,2023JJ00
GM0984,12.9,2013JJ00
GM0984,13.0,2014JJ00
GM0984,11.3,2015JJ00
GM0984,10.9,2016JJ00
GM0984,8.6,2017JJ00
GM0984,7.5,2018JJ00
GM0984,7.3,2019JJ00
GM0984,8.9,2020JJ00
GM0984,8.0,2021JJ00
GM0984,6.9,2022JJ00
GM0984,7.5,2023JJ00
GM1961,13.0,2013JJ00
GM1961,12.3,2014JJ00
GM1961,12.1,2015JJ00
GM1961,10.9,2016JJ00
GM1961,9.5,2017JJ00
GM1961,8.6,2018JJ00
GM1961,7.5,2019JJ00
GM1961,9.1,2020JJ00
GM1961,7.7,2021JJ00
GM1961,6.5,2022JJ00
GM1961,6.9,2023JJ00
GM0622,15.8,2013JJ00
GM0622,15.0,2014JJ00
GM0622,14.4,2015JJ00
GM0622,12.2,2016JJ00
GM0622,11.7,2017JJ00
GM0622,9.3,2018JJ00
GM0622,8.9,2019JJ00
GM0622,11.1,2020JJ00
GM0622,10.4,2021JJ00
GM0622,8.5,2022JJ00
GM0622,8.8,2023JJ00
GM0096,11.9,2013JJ00
GM0096,10.9,2014JJ00
GM0096,10.0,2015JJ00
GM0096,9.8,2016JJ00
GM0096,8.6,2017JJ00
GM0096,7.9,2018JJ00
GM0096,7.5,2019JJ00
GM0096,9.0,2020JJ00
GM0096,7.9,2021JJ00
GM0096,6.6,2022JJ00
GM0096,7.5,2023JJ00
GM0718,13.6,2013JJ00
GM0718,13.0,2014JJ00
GM0718,11.7,2015JJ00
GM0718,10.7,2016JJ00
GM0718,9.1,2017JJ00
GM0718,8.3,2018JJ00
GM0718,8.1,2019JJ00
GM0718,9.8,2020JJ00
GM0718,8.6,2021JJ00
GM0718,7.3,2022JJ00
GM0718,7.8,2023JJ00
GM0986,13.1,2013JJ00
GM0986,12.7,2014JJ00
GM0986,11.7,2015JJ00
GM0986,11.5,2016JJ00
GM0986,9.5,2017JJ00
GM0986,8.4,2018JJ00
GM0986,7.5,2019JJ00
GM0986,9.2,2020JJ00
GM0986,7.7,2021JJ00
GM0986,6.7,2022JJ00
GM0986,7.4,2023JJ00
GM1992,13.1,2013JJ00
GM1992,12.8,2014JJ00
GM1992,12.0,2015JJ00
GM1992,11.2,2016JJ00
GM1992,9.5,2017JJ00
GM1992,8.5,2018JJ00
GM1992,7.8,2019JJ00
GM1992,9.5,2020JJ00
GM1992,8.2,2021JJ00
GM1992,7.0,2022JJ00
GM1992,7.7,2023JJ00
GM0626,13.7,2013JJ00
GM0626,13.5,2014JJ00
GM0626,13.2,2015JJ00
GM0626,11.8,2016JJ00
GM0626,10.5,2017JJ00
GM0626,8.9,2018JJ00
GM0626,8.7,2019JJ00
GM0626,10.8,2020JJ00
GM0626,8.6,2021JJ00
GM0626,7.6,2022JJ00
GM0626,8.3,2023JJ00
GM0285,12.0,2013JJ00
GM0285,11.5,2014JJ00
GM0285,10.4,2015JJ00
GM0285,9.7,2016JJ00
GM0285,9.1,2017JJ00
GM0285,7.5,2018JJ00
GM0285,7.4,2019JJ00
GM0285,9.3,2020JJ00
GM0285,7.1,2021JJ00
GM0285,6.5,2022JJ00
GM0285,6.7,2023JJ00
GM0865,12.2,2013JJ00
GM0865,13.1,2014JJ00
GM0865,11.7,2015JJ00
GM0865,10.5,2016JJ00
GM0865,8.9,2017JJ00
GM0865,8.1,2018JJ00
GM0865,7.7,2019JJ00
GM0865,9.3,2020JJ00
GM0865,7.8,2021JJ00
GM0865,6.6,2022JJ00
GM0865,6.8,2023JJ00
GM1949,13.3,2013JJ00
GM1949,12.7,2014JJ00
GM1949,12.3,2015JJ00
GM1949,10.7,2016JJ00
GM1949,9.3,2017JJ00
GM1949,7.7,2018JJ00
GM1949,8.6,2019JJ00
GM1949,9.7,2020JJ00
GM1949,7.1,2021JJ00
GM1949,7.1,2022JJ00
GM1949,7.2,2023JJ00
GM0866,13.6,2013JJ00
GM0866,12.8,2014JJ00
GM0866,11.8,2015JJ00
GM0866,12.0,2016JJ00
GM0866,9.6,2017JJ00
GM0866,8.7,2018JJ00
GM0866,7.6,2019JJ00
GM0866,9.5,2020JJ00
GM0866,7.8,2021JJ00
GM0866,7.2,2022JJ00
GM0866,7.4,2023JJ00
GM0867,12.4,2013JJ00
GM0867,12.5,2014JJ00
GM0867,10.8,2015JJ00
GM0867,11.0,2016JJ00
GM0867,8.7,2017JJ00
GM0867,7.4,2018JJ00
GM0867,7.6,2019JJ00
GM0867,8.9,2020JJ00
GM0867,7.4,2021JJ00
GM0867,6.8,2022JJ00
GM0867,7.2,2023JJ00
GM0627,12.2,2013JJ00
GM0627,12.1,2014JJ00
GM0627,11.3,2015JJ00
GM0627,10.9,2016JJ00
GM0627,9.5,2017JJ00
GM0627,8.4,2018JJ00
GM0627,7.6,2019JJ00
GM0627,9.1,2020JJ00
GM0627,7.4,2021JJ00
GM0627,7.0,2022JJ00
GM0627,7.3,2023JJ00
GM0289,12.8,2013JJ00
GM0289,12.3,2014JJ00
GM0289,12.5,2015JJ00
GM0289,13.0,2016JJ00
GM0289,10.5,2017JJ00
GM0289,9.6,2018JJ00
GM0289,9.4,2019JJ00
GM0289,10.9,2020JJ00
GM0289,9.6,2021JJ00
GM0289,8.6,2022JJ00
GM0289,9.4,2023JJ00
GM0629,15.3,2013JJ00
GM0629,15.3,2014JJ00
GM0629,14.2,2015JJ00
GM0629,13.4,2016JJ00
GM0629,12.1,2017JJ00
GM0629,10.4,2018JJ00
GM0629,9.9,2019JJ00
GM0629,12.0,2020JJ00
GM0629,10.9,2021JJ00
GM0629,9.1,2022JJ00
GM0629,9.6,2023JJ00
GM0852,13.0,2013JJ00
GM0852,11.6,2014JJ00
GM0852,10.4,2015JJ00
GM0852,10.3,2016JJ00
GM0852,9.6,2017JJ00
GM0852,8.4,2018JJ00
GM0852,7.4,2019JJ00
GM0852,9.7,2020JJ00
GM0852,8.6,2021JJ00
GM0852,6.7,2022JJ00
GM0852,7.3,2023JJ00
GM0988,14.8,2013JJ00
GM0988,13.3,2014JJ00
GM0988,10.8,2015JJ00
GM0988,11.1,2016JJ00
GM0988,10.3,2017JJ00
GM0988,9.1,2018JJ00
GM0988,7.6,2019JJ00
GM0988,9.6,2020JJ00
GM0988,8.2,2021JJ00
GM0988,7.2,2022JJ00
GM0988,8.0,2023JJ00
GM1960,12.4,2013JJ00
GM1960,11.9,2014JJ00
GM1960,10.8,2015JJ00
GM1960,10.1,2016JJ00
GM1960,8.6,2017JJ00
GM1960,7.8,2018JJ00
GM1960,7.4,2019JJ00
GM1960,9.4,2020JJ00
GM1960,7.3,2021JJ00
GM1960,6.8,2022JJ00
GM1960,7.4,2023JJ00
GM0668,11.8,2013JJ00
GM0668,11.3,2014JJ00
GM0668,10.9,2015JJ00
GM0668,9.9,2016JJ00
GM0668,8.7,2017JJ00
GM0668,7.6,2018JJ00
GM0668,7.5,2019JJ00
GM0668,9.1,2020JJ00
GM0668,7.3,2021JJ00
GM0668,6.6,2022JJ00
GM0668,6.9,2023JJ00
GM1969,13.6,2013JJ00
GM1969,13.0,2014JJ00
GM1969,12.1,2015JJ00
GM1969,11.3,2016JJ00
GM1969,9.9,2017JJ00
GM1969,8.8,2018JJ00
GM1969,8.7,2019JJ00
GM1969,9.4,2020JJ00
GM1969,8.2,2021JJ00
GM1969,7.2,2022JJ00
GM1969,7.5,2023JJ00
GM1701,13.5,2013JJ00
GM1701,12.9,2014JJ00
GM1701,12.9,2015JJ00
GM1701,10.5,2016JJ00
GM1701,9.4,2017JJ00
GM1701,7.9,2018JJ00
GM1701,7.4,2019JJ00
GM1701,9.1,2020JJ00
GM1701,7.6,2021JJ00
GM1701,6.5,2022JJ00
GM1701,7.0,2023JJ00
GM0293,13.4,2013JJ00
GM0293,12.2,2014JJ00
GM0293,11.9,2015JJ00
GM0293,11.7,2016JJ00
GM0293,10.2,2017JJ00
GM0293,8.7,2018JJ00
GM0293,8.2,2019JJ00
GM0293,9.8,2020JJ00
GM0293,9.0,2021JJ00
GM0293,7.5,2022JJ00
GM0293,7.9,2023JJ00
GM1950,13.9,2013JJ00
GM1950,13.9,2014JJ00
GM1950,13.4,2015JJ00
GM1950,13.7,2016JJ00
GM1950,10.7,2017JJ00
GM1950,9.3,2018JJ00
GM1950,8.4,2019JJ00
GM1950,10.6,2020JJ00
GM1950,7.6,2021JJ00
GM1950,7.0,2022JJ00
GM1950,7.7,2023JJ00
GM1783,10.5,2013JJ00
GM1783,10.4,2014JJ00
GM1783,9.3,2015JJ00
GM1783,8.9,2016JJ00
GM1783,8.0,2017JJ00
GM1783,6.9,2018JJ00
GM1783,6.7,2019JJ00
GM1783,8.0,2020JJ00
GM1783,6.6,2021JJ00
GM1783,6.3,2022JJ00
GM1783,6.5,2023JJ00
GM0098,14.2,2013JJ00
GM0098,13.1,2014JJ00
GM0098,12.2,2015JJ00
GM0098,11.4,2016JJ00
GM0098,10.5,2017JJ00
GM0098,8.6,2018JJ00
GM0098,8.1,2019JJ00
GM0098,10.3,2020JJ00
GM0098,8.1,2021JJ00
GM0098,6.6,2022JJ00
GM0098,7.3,2023JJ00
GM0189,12.3,2013JJ00
GM0189,11.5,2014JJ00
GM0189,11.5,2015JJ00
GM0189,10.6,2016JJ00
GM0189,8.8,2017JJ00
GM0189,7.5,2018JJ00
GM0189,7.3,2019JJ00
GM0189,8.7,2020JJ00
GM0189,7.0,2021JJ00
GM0189,6.2,2022JJ00
GM0189,6.5,2023JJ00
GM0296,13.5,2013JJ00
GM0296,12.0,2014JJ00
GM0296,11.3,2015JJ00
GM0296,11.0,2016JJ00
GM0296,9.9,2017JJ00
GM0296,8.0,2018JJ00
GM0296,8.1,2019JJ00
GM0296,9.8,2020JJ00
GM0296,8.6,2021JJ00
GM0296,7.0,2022JJ00
GM0296,7.3,2023JJ00
GM1696,13.5,2013JJ00
GM1696,12.2,2014JJ00
GM1696,11.1,2015JJ00
GM1696,10.7,2016JJ00
GM1696,9.3,2017JJ00
GM1696,8.0,2018JJ00
GM1696,7.7,2019JJ00
GM1696,9.3,2020JJ00
GM1696,8.4,2021JJ00
GM1696,6.9,2022JJ00
GM1696,7.3,2023JJ00
GM0352,12.1,2013JJ00
GM0352,11.8,2014JJ00
GM0352,11.3,2015JJ00
GM0352,10.5,2016JJ00
GM0352,9.6,2017JJ00
GM0352,7.9,2018JJ00
GM0352,7.3,2019JJ00
GM0352,9.2,2020JJ00
GM0352,8.5,2021JJ00
GM0352,6.7,2022JJ00
GM0352,7.0,2023JJ00
GM0294,12.8,2013JJ00
GM0294,12.2,2014JJ00
GM0294,11.4,2015JJ00
GM0294,10.8,2016JJ00
GM0294,10.0,2017JJ00
GM0294,7.9,2018JJ00
GM0294,8.0,2019JJ00
GM0294,9.3,2020JJ00
GM0294,7.5,2021JJ00
GM0294,6.8,2022JJ00
GM0294,7.4,2023JJ00
GM0873,13.3,2013JJ00
GM0873,12.5,2014JJ00
GM0873,12.4,2015JJ00
GM0873,10.7,2016JJ00
GM0873,9.0,2017JJ00
GM0873,7.9,2018JJ00
GM0873,7.2,2019JJ00
GM0873,9.6,2020JJ00
GM0873,8.0,2021JJ00
GM0873,6.9,2022JJ00
GM0873,8.1,2023JJ00
GM0632,13.2,2013JJ00
GM0632,12.4,2014JJ00
GM0632,11.5,2015JJ00
GM0632,10.1,2016JJ00
GM0632,9.2,2017JJ00
GM0632,8.7,2018JJ00
GM0632,7.9,2019JJ00
GM0632,9.2,2020JJ00
GM0632,8.5,2021JJ00
GM0632,6.8,2022JJ00
GM0632,7.1,2023JJ00
GM1690,12.8,2013JJ00
GM1690,13.2,2014JJ00
GM1690,11.9,2015JJ00
GM1690,10.3,2016JJ00
GM1690,9.0,2017JJ00
GM1690,8.4,2018JJ00
GM1690,7.2,2019JJ00
GM1690,9.2,2020JJ00
GM1690,7.3,2021JJ00
GM1690,6.2,2022JJ00
GM1690,6.9,2023JJ00
GM0880,13.4,2013JJ00
GM0880,12.5,2014JJ00
GM0880,10.9,2015JJ00
GM0880,10.8,2016JJ00
GM0880,9.3,2017JJ00
GM0880,7.9,2018JJ00
GM0880,7.5,2019JJ00
GM0880,9.3,2020JJ00
GM0880,8.1,2021JJ00
GM0880,6.9,2022JJ00
GM0880,7.5,2023JJ00
GM0351,12.5,2013JJ00
GM0351,11.7,2014JJ00
GM0351,10.2,2015JJ00
GM0351,9.9,2016JJ00
GM0351,8.6,2017JJ00
GM0351,7.2,2018JJ00
GM0351,7.2,2019JJ00
GM0351,8.5,2020JJ00
GM0351,7.1,2021JJ00
GM0351,6.3,2022JJ00
GM0351,6.8,2023JJ00
GM0479,14.9,2013JJ00
GM0479,15.0,2014JJ00
GM0479,12.7,2015JJ00
GM0479,12.8,2016JJ00
GM0479,10.0,2017JJ00
GM0479,9.7,2018JJ00
GM0479,8.1,2019JJ00
GM0479,10.9,2020JJ00
GM0479,9.6,2021JJ00
GM0479,7.7,2022JJ00
GM0479,8.5,2023JJ00
GM0297,12.5,2013JJ00
GM0297,11.3,2014JJ00
GM0297,10.8,2015JJ00
GM0297,9.9,2016JJ00
GM0297,9.4,2017JJ00
GM0297,7.4,2018JJ00
GM0297,7.1,2019JJ00
GM0297,9.3,2020JJ00
GM0297,7.2,2021JJ00
GM0297,6.5,2022JJ00
GM0297,7.2,2023JJ00
GM0473,12.5,2013JJ00
GM0473,12.3,2014JJ00
GM0473,11.6,2015JJ00
GM0473,11.1,2016JJ00
GM0473,10.3,2017JJ00
GM0473,8.7,2018JJ00
GM0473,8.3,2019JJ00
GM0473,10.3,2020JJ00
GM0473,8.5,2021JJ00
GM0473,7.4,2022JJ00
GM0473,8.0,2023JJ00
GM0050,13.4,2013JJ00
GM0050,13.1,2014JJ00
GM0050,11.7,2015JJ00
GM0050,12.0,2016JJ00
GM0050,9.9,2017JJ00
GM0050,8.3,2018JJ00
GM0050,7.7,2019JJ00
GM0050,9.1,2020JJ00
GM0050,8.1,2021JJ00
GM0050,6.9,2022JJ00
GM0050,7.4,2023JJ00
GM0355,14.0,2013JJ00
GM0355,14.4,2014JJ00
GM0355,13.8,2015JJ00
GM0355,12.4,2016JJ00
GM0355,11.0,2017JJ00
GM0355,9.0,2018JJ00
GM0355,8.7,2019JJ00
GM0355,11.3,2020JJ00
GM0355,9.8,2021JJ00
GM0355,8.2,2022JJ00
GM0355,9.1,2023JJ00
GM0299,14.2,2013JJ00
GM0299,12.6,2014JJ00
GM0299,11.0,2015JJ00
GM0299,11.7,2016JJ00
GM0299,9.9,2017JJ00
GM0299,7.8,2018JJ00
GM0299,7.7,2019JJ00
GM0299,10.1,2020JJ00
GM0299,8.5,2021JJ00
GM0299,6.8,2022JJ00
GM0299,7.2,2023JJ00
GM0637,15.2,2013JJ00
GM0637,14.6,2014JJ00
GM0637,14.1,2015JJ00
GM0637,13.8,2016JJ00
GM0637,12.2,2017JJ00
GM0637,9.4,2018JJ00
GM0637,8.3,2019JJ00
GM0637,11.6,2020JJ00
GM0637,10.9,2021JJ00
GM0637,8.2,2022JJ00
GM0637,8.5,2023JJ00
GM0638,12.6,2013JJ00
GM0638,11.7,2014JJ00
GM0638,10.4,2015JJ00
GM0638,10.3,2016JJ00
GM0638,9.4,2017JJ00
GM0638,8.1,2018JJ00
GM0638,7.5,2019JJ00
GM0638,9.5,2020JJ00
GM0638,7.9,2021JJ00
GM0638,7.1,2022JJ00
GM0638,7.1,2023JJ00
GM1892,12.2,2013JJ00
GM1892,12.7,2014JJ00
GM1892,10.9,2015JJ00
GM1892,10.4,2016JJ00
GM1892,9.5,2017JJ00
GM1892,7.7,2018JJ00
GM1892,7.6,2019JJ00
GM1892,9.5,2020JJ00
GM1892,8.0,2021JJ00
GM1892,7.0,2022JJ00
GM1892,7.7,2023JJ00
GM0879,11.8,2013JJ00
GM0879,10.9,2014JJ00
GM0879,10.1,2015JJ00
GM0879,10.1,2016JJ00
GM0879,8.4,2017JJ00
GM0879,7.7,2018JJ00
GM0879,7.1,2019JJ00
GM0879,8.4,2020JJ00
GM0879,7.3,2021JJ00
GM0879,6.4,2022JJ00
GM0879,7.3,2023JJ00
GM0301,13.8,2013JJ00
GM0301,14.3,2014JJ00
GM0301,12.2,2015JJ00
GM0301,12.5,2016JJ00
GM0301,12.0,2017JJ00
GM0301,10.1,2018JJ00
GM0301,8.8,2019JJ00
GM0301,10.5,2020JJ00
GM0301,8.7,2021JJ00
GM0301,7.2,2022JJ00
GM0301,7.8,2023JJ00
GM1896,12.3,2013JJ00
GM1896,10.6,2014JJ00
GM1896,10.4,2015JJ00
GM1896,9.7,2016JJ00
GM1896,8.5,2017JJ00
GM1896,7.5,2018JJ00
GM1896,7.0,2019JJ00
GM1896,8.0,2020JJ00
GM1896,6.6,2021JJ00
GM1896,5.8,2022JJ00
GM1896,6.3,2023JJ00
GM0642,14.7,2013JJ00
GM0642,13.6,2014JJ00
GM0642,13.0,2015JJ00
GM0642,13.3,2016JJ00
GM0642,10.5,2017JJ00
GM0642,9.2,2018JJ00
GM0642,9.1,2019JJ00
GM0642,10.6,2020JJ00
GM0642,8.7,2021JJ00
GM0642,7.7,2022JJ00
GM0642,8.2,2023JJ00
GM0193,13.4,2013JJ00
GM0193,12.8,2014JJ00
GM0193,14.2,2015JJ00
GM0193,13.5,2016JJ00
GM0193,10.7,2017JJ00
GM0193,8.7,2018JJ00
GM0193,8.5,2019JJ00
GM0193,10.4,2020JJ00
GM0193,8.1,2021JJ00
GM0193,6.7,2022JJ00
GM0193,7.3,2023JJ00
AM01  ,14.7,2013JJ00
AM01  ,15.0,2014JJ00
AM01  ,13.9,2015JJ00
AM01  ,14.2,2016JJ00
AM01  ,12.0,2017JJ00
AM01  ,11.3,2018JJ00
AM01  ,10.1,2019JJ00
AM01  ,11.8,2020JJ00
AM01  ,9.5,2021JJ00
AM01  ,8.0,2022JJ00
AM01  ,8.7,2023JJ00
AM02  ,15.6,2013JJ00
AM02  ,13.9,2014JJ00
AM02  ,14.5,2015JJ00
AM02  ,12.3,2016JJ00
AM02  ,11.0,2017JJ00
AM02  ,9.3,2018JJ00
AM02  ,8.6,2019JJ00
AM02  ,10.0,2020JJ00
AM02  ,8.5,2021JJ00
AM02  ,7.2,2022JJ00
AM02  ,7.7,2023JJ00
AM03  ,14.4,2013JJ00
AM03  ,14.8,2014JJ00
AM03  ,13.1,2015JJ00
AM03  ,11.8,2016JJ00
AM03  ,10.7,2017JJ00
AM03  ,9.1,2018JJ00
AM03  ,8.0,2019JJ00
AM03  ,10.2,2020JJ00
AM03  ,8.3,2021JJ00
AM03  ,6.7,2022JJ00
AM03  ,7.5,2023JJ00
AM05  ,14.8,2013JJ00
AM05  ,13.7,2014JJ00
AM05  ,12.8,2015JJ00
AM05  ,12.5,2016JJ00
AM05  ,11.0,2017JJ00
AM05  ,9.0,2018JJ00
AM05  ,8.1,2019JJ00
AM05  ,10.1,2020JJ00
AM05  ,8.0,2021JJ00
AM05  ,6.6,2022JJ00
AM05  ,7.3,2023JJ00
AM06  ,13.3,2013JJ00
AM06  ,12.4,2014JJ00
AM06  ,11.7,2015JJ00
AM06  ,11.6,2016JJ00
AM06  ,10.3,2017JJ00
AM06  ,9.0,2018JJ00
AM06  ,8.1,2019JJ00
AM06  ,9.9,2020JJ00
AM06  ,8.2,2021JJ00
AM06  ,7.1,2022JJ00
AM06  ,7.5,2023JJ00
AM07  ,14.2,2013JJ00
AM07  ,13.7,2014JJ00
AM07  ,12.9,2015JJ00
AM07  ,12.3,2016JJ00
AM07  ,10.7,2017JJ00
AM07  ,8.9,2018JJ00
AM07  ,8.4,2019JJ00
AM07  ,10.6,2020JJ00
AM07  ,10.2,2021JJ00
AM07  ,7.9,2022JJ00
AM07  ,7.9,2023JJ00
AM08  ,14.3,2013JJ00
AM08  ,12.1,2014JJ00
AM08  ,12.2,2015JJ00
AM08  ,11.7,2016JJ00
AM08  ,9.9,2017JJ00
AM08  ,9.0,2018JJ00
AM08  ,8.4,2019JJ00
AM08  ,10.9,2020JJ00
AM08  ,9.7,2021JJ00
AM08  ,7.8,2022JJ00
AM08  ,8.1,2023JJ00
AM09  ,12.7,2013JJ00
AM09  ,12.0,2014JJ00
AM09  ,11.3,2015JJ00
AM09  ,10.7,2016JJ00
AM09  ,9.7,2017JJ00
AM09  ,8.0,2018JJ00
AM09  ,7.6,2019JJ00
AM09  ,9.4,2020JJ00
AM09  ,7.5,2021JJ00
AM09  ,6.8,2022JJ00
AM09  ,7.1,2023JJ00
AM10  ,13.0,2013JJ00
AM10  ,12.3,2014JJ00
AM10  ,11.5,2015JJ00
AM10  ,10.6,2016JJ00
AM10  ,9.4,2017JJ00
AM10  ,8.0,2018JJ00
AM10  ,7.8,2019JJ00
AM10  ,9.6,2020JJ00
AM10  ,7.8,2021JJ00
AM10  ,6.9,2022JJ00
AM10  ,7.3,2023JJ00
AM11  ,19.3,2013JJ00
AM11  ,19.0,2014JJ00
AM11  ,14.8,2015JJ00
AM11  ,14.9,2016JJ00
AM11  ,12.5,2017JJ00
AM11  ,9.7,2018JJ00
AM11  ,9.4,2019JJ00
AM11  ,11.0,2020JJ00
AM11  ,10.3,2021JJ00
AM11  ,8.2,2022JJ00
AM11  ,8.9,2023JJ00
AM12  ,13.8,2013JJ00
AM12  ,13.9,2014JJ00
AM12  ,11.9,2015JJ00
AM12  ,11.7,2016JJ00
AM12  ,10.1,2017JJ00
AM12  ,8.9,2018JJ00
AM12  ,8.4,2019JJ00
AM12  ,10.7,2020JJ00
AM12  ,9.0,2021JJ00
AM12  ,7.7,2022JJ00
AM12  ,8.1,2023JJ00
AM13  ,13.0,2013JJ00
AM13  ,12.8,2014JJ00
AM13  ,12.3,2015JJ00
AM13  ,10.9,2016JJ00
AM13  ,9.7,2017JJ00
AM13  ,8.4,2018JJ00
AM13  ,8.2,2019JJ00
AM13  ,10.5,2020JJ00
AM13  ,10.1,2021JJ00
AM13  ,8.0,2022JJ00
AM13  ,8.5,2023JJ00
AM14  ,13.2,2013JJ00
AM14  ,12.8,2014JJ00
AM14  ,12.3,2015JJ00
AM14  ,10.8,2016JJ00
AM14  ,10.2,2017JJ00
AM14  ,8.8,2018JJ00
AM14  ,7.8,2019JJ00
AM14  ,9.7,2020JJ00
AM14  ,9.6,2021JJ00
AM14  ,7.3,2022JJ00
AM14  ,8.1,2023JJ00
AM15  ,12.9,2013JJ00
AM15  ,12.6,2014JJ00
AM15  ,11.0,2015JJ00
AM15  ,10.6,2016JJ00
AM15  ,9.4,2017JJ00
AM15  ,8.2,2018JJ00
AM15  ,7.8,2019JJ00
AM15  ,9.4,2020JJ00
AM15  ,8.0,2021JJ00
AM15  ,6.8,2022JJ00
AM15  ,7.4,2023JJ00
AM17  ,14.2,2013JJ00
AM17  ,14.0,2014JJ00
AM17  ,12.2,2015JJ00
AM17  ,12.0,2016JJ00
AM17  ,9.8,2017JJ00
AM17  ,8.9,2018JJ00
AM17  ,7.9,2019JJ00
AM17  ,10.4,2020JJ00
AM17  ,9.4,2021JJ00
AM17  ,7.4,2022JJ00
AM17  ,7.9,2023JJ00
AM18  ,16.6,2013JJ00
AM18  ,15.0,2014JJ00
AM18  ,12.6,2015JJ00
AM18  ,12.4,2016JJ00
AM18  ,10.1,2017JJ00
AM18  ,9.1,2018JJ00
AM18  ,9.6,2019JJ00
AM18  ,12.7,2020JJ00
AM18  ,13.1,2021JJ00
AM18  ,9.6,2022JJ00
AM18  ,10.4,2023JJ00
AM19  ,12.7,2013JJ00
AM19  ,12.0,2014JJ00
AM19  ,10.9,2015JJ00
AM19  ,11.1,2016JJ00
AM19  ,9.7,2017JJ00
AM19  ,8.5,2018JJ00
AM19  ,8.0,2019JJ00
AM19  ,10.3,2020JJ00
AM19  ,8.4,2021JJ00
AM19  ,7.1,2022JJ00
AM19  ,7.9,2023JJ00
AM20  ,13.1,2013JJ00
AM20  ,12.3,2014JJ00
AM20  ,12.2,2015JJ00
AM20  ,11.4,2016JJ00
AM20  ,9.8,2017JJ00
AM20  ,8.2,2018JJ00
AM20  ,7.8,2019JJ00
AM20  ,9.9,2020JJ00
AM20  ,8.4,2021JJ00
AM20  ,7.1,2022JJ00
AM20  ,7.7,2023JJ00
AM21  ,16.0,2013JJ00
AM21  ,16.5,2014JJ00
AM21  ,14.5,2015JJ00
AM21  ,14.8,2016JJ00
AM21  ,12.8,2017JJ00
AM21  ,10.4,2018JJ00
AM21  ,10.2,2019JJ00
AM21  ,13.0,2020JJ00
AM21  ,12.5,2021JJ00
AM21  ,9.5,2022JJ00
AM21  ,10.0,2023JJ00
AM22  ,15.7,2013JJ00
AM22  ,16.3,2014JJ00
AM22  ,15.5,2015JJ00
AM22  ,15.1,2016JJ00
AM22  ,12.3,2017JJ00
AM22  ,10.6,2018JJ00
AM22  ,10.1,2019JJ00
AM22  ,12.5,2020JJ00
AM22  ,12.0,2021JJ00
AM22  ,8.4,2022JJ00
AM22  ,9.6,2023JJ00
AM23  ,13.9,2013JJ00
AM23  ,14.4,2014JJ00
AM23  ,13.3,2015JJ00
AM23  ,12.0,2016JJ00
AM23  ,10.4,2017JJ00
AM23  ,8.7,2018JJ00
AM23  ,8.5,2019JJ00
AM23  ,11.0,2020JJ00
AM23  ,9.0,2021JJ00
AM23  ,7.3,2022JJ00
AM23  ,8.2,2023JJ00
AM24  ,12.3,2013JJ00
AM24  ,11.7,2014JJ00
AM24  ,10.7,2015JJ00
AM24  ,9.7,2016JJ00
AM24  ,8.2,2017JJ00
AM24  ,7.2,2018JJ00
AM24  ,7.3,2019JJ00
AM24  ,9.0,2020JJ00
AM24  ,7.7,2021JJ00
AM24  ,6.5,2022JJ00
AM24  ,7.1,2023JJ00
AM25  ,13.3,2013JJ00
AM25  ,12.6,2014JJ00
AM25  ,11.9,2015JJ00
AM25  ,11.3,2016JJ00
AM25  ,9.3,2017JJ00
AM25  ,7.9,2018JJ00
AM25  ,7.7,2019JJ00
AM25  ,9.7,2020JJ00
AM25  ,7.8,2021JJ00
AM25  ,7.0,2022JJ00
AM25  ,7.6,2023JJ00
AM26  ,13.3,2013JJ00
AM26  ,12.9,2014JJ00
AM26  ,11.5,2015JJ00
AM26  ,10.9,2016JJ00
AM26  ,9.1,2017JJ00
AM26  ,7.5,2018JJ00
AM26  ,7.8,2019JJ00
AM26  ,9.5,2020JJ00
AM26  ,7.6,2021JJ00
AM26  ,7.2,2022JJ00
AM26  ,7.5,2023JJ00
AM27  ,12.4,2013JJ00
AM27  ,12.3,2014JJ00
AM27  ,11.2,2015JJ00
AM27  ,10.5,2016JJ00
AM27  ,9.2,2017JJ00
AM27  ,7.6,2018JJ00
AM27  ,7.2,2019JJ00
AM27  ,8.8,2020JJ00
AM27  ,7.2,2021JJ00
AM27  ,6.7,2022JJ00
AM27  ,6.9,2023JJ00
AM28  ,12.7,2013JJ00
AM28  ,12.4,2014JJ00
AM28  ,11.9,2015JJ00
AM28  ,12.0,2016JJ00
AM28  ,9.4,2017JJ00
AM28  ,8.3,2018JJ00
AM28  ,7.8,2019JJ00
AM28  ,9.3,2020JJ00
AM28  ,8.1,2021JJ00
AM28  ,7.1,2022JJ00
AM28  ,8.0,2023JJ00
AM29  ,12.6,2013JJ00
AM29  ,13.2,2014JJ00
AM29  ,11.2,2015JJ00
AM29  ,10.4,2016JJ00
AM29  ,9.1,2017JJ00
AM29  ,7.7,2018JJ00
AM29  ,7.4,2019JJ00
AM29  ,9.1,2020JJ00
AM29  ,7.6,2021JJ00
AM29  ,7.0,2022JJ00
AM29  ,7.6,2023JJ00
AM30  ,14.7,2013JJ00
AM30  ,13.9,2014JJ00
AM30  ,12.2,2015JJ00
AM30  ,12.2,2016JJ00
AM30  ,10.3,2017JJ00
AM30  ,8.8,2018JJ00
AM30  ,8.6,2019JJ00
AM30  ,11.3,2020JJ00
AM30  ,9.2,2021JJ00
AM30  ,8.3,2022JJ00
AM30  ,8.8,2023JJ00
AM32  ,13.2,2013JJ00
AM32  ,13.0,2014JJ00
AM32  ,11.2,2015JJ00
AM32  ,10.8,2016JJ00
AM32  ,9.1,2017JJ00
AM32  ,8.0,2018JJ00
AM32  ,7.7,2019JJ00
AM32  ,9.6,2020JJ00
AM32  ,7.7,2021JJ00
AM32  ,6.7,2022JJ00
AM32  ,7.5,2023JJ00
AM33  ,13.3,2013JJ00
AM33  ,12.7,2014JJ00
AM33  ,11.3,2015JJ00
AM33  ,11.1,2016JJ00
AM33  ,9.7,2017JJ00
AM33  ,8.2,2018JJ00
AM33  ,7.7,2019JJ00
AM33  ,9.9,2020JJ00
AM33  ,8.0,2021JJ00
AM33  ,7.2,2022JJ00
AM33  ,7.9,2023JJ00
AM34  ,14.5,2013JJ00
AM34  ,13.9,2014JJ00
AM34  ,13.3,2015JJ00
AM34  ,12.6,2016JJ00
AM34  ,11.3,2017JJ00
AM34  ,9.3,2018JJ00
AM34  ,8.5,2019JJ00
AM34  ,10.9,2020JJ00
AM34  ,9.7,2021JJ00
AM34  ,7.9,2022JJ00
AM34  ,8.4,2023JJ00
AM35  ,12.5,2013JJ00
AM35  ,12.4,2014JJ00
AM35  ,11.4,2015JJ00
AM35  ,10.5,2016JJ00
AM35  ,9.3,2017JJ00
AM35  ,8.3,2018JJ00
AM35  ,7.5,2019JJ00
AM35  ,9.1,2020JJ00
AM35  ,7.9,2021JJ00
AM35  ,6.6,2022JJ00
AM35  ,7.0,2023JJ00
AM36  ,12.7,2013JJ00
AM36  ,12.0,2014JJ00
AM36  ,11.9,2015JJ00
AM36  ,11.4,2016JJ00
AM36  ,9.7,2017JJ00
AM36  ,8.0,2018JJ00
AM36  ,7.5,2019JJ00
AM36  ,9.2,2020JJ00
AM36  ,7.4,2021JJ00
AM36  ,6.4,2022JJ00
AM36  ,6.9,2023JJ00
AM37  ,13.5,2013JJ00
AM37  ,12.8,2014JJ00
AM37  ,11.6,2015JJ00
AM37  ,11.2,2016JJ00
AM37  ,10.0,2017JJ00
AM37  ,8.2,2018JJ00
AM37  ,8.3,2019JJ00
AM37  ,10.5,2020JJ00
AM37  ,8.9,2021JJ00
AM37  ,7.6,2022JJ00
AM37  ,8.3,2023JJ00
AM38  ,12.4,2013JJ00
AM38  ,11.6,2014JJ00
AM38  ,11.2,2015JJ00
AM38  ,11.0,2016JJ00
AM38  ,9.8,2017JJ00
AM38  ,8.2,2018JJ00
AM38  ,7.8,2019JJ00
AM38  ,9.5,2020JJ00
AM38  ,8.5,2021JJ00
AM38  ,7.1,2022JJ00
AM38  ,7.7,2023JJ00
AM99  ,,2013JJ00
AM99  ,,2014JJ00
AM99  ,,2015JJ00
AM99  ,,2016JJ00
AM99  ,,2017JJ00
AM99  ,,2018JJ00
AM99  ,,2019JJ00
AM99  ,,2020JJ00
AM99  ,,2021JJ00
AM99  ,,2022JJ00
AM99  ,,2023JJ00
NL01  ,6.9,2013JJ00
NL01  ,6.9,2014JJ00
NL01  ,6.3,2015JJ00
NL01  ,5.3,2016JJ00
NL01  ,4.4,2017JJ00
NL01  ,3.5,2018JJ00
NL01  ,3.5,2019JJ00
NL01  ,3.9,2020JJ00
NL01  ,3.3,2021JJ00
NL01  ,2.9,2022JJ00
NL01  ,2.9,2023JJ00
LD01  ,7.4,2013JJ00
LD01  ,7.4,2014JJ00
LD01  ,6.9,2015JJ00
LD01  ,5.5,2016JJ00
LD01  ,4.8,2017JJ00
LD01  ,3.7,2018JJ00
LD01  ,3.5,2019JJ00
LD01  ,4.0,2020JJ00
LD01  ,3.4,2021JJ00
LD01  ,2.8,2022JJ00
LD01  ,3.0,2023JJ00
LD02  ,6.6,2013JJ00
LD02  ,6.7,2014JJ00
LD02  ,5.9,2015JJ00
LD02  ,5.2,2016JJ00
LD02  ,4.1,2017JJ00
LD02  ,3.2,2018JJ00
LD02  ,3.2,2019JJ00
LD02  ,3.7,2020JJ00
LD02  ,2.9,2021JJ00
LD02  ,2.7,2022JJ00
LD02  ,2.6,2023JJ00
LD03  ,7.1,2013JJ00
LD03  ,7.1,2014JJ00
LD03  ,6.5,2015JJ00
LD03  ,5.5,2016JJ00
LD03  ,4.7,2017JJ00
LD03  ,3.6,2018JJ00
LD03  ,3.7,2019JJ00
LD03  ,4.1,2020JJ00
LD03  ,3.7,2021JJ00
LD03  ,3.0,2022JJ00
LD03  ,3.1,2023JJ00
LD04  ,6.4,2013JJ00
LD04  ,6.5,2014JJ00
LD04  ,5.9,2015JJ00
LD04  ,4.7,2016JJ00
LD04  ,3.9,2017JJ00
LD04  ,3.2,2018JJ00
LD04  ,3.2,2019JJ00
LD04  ,3.7,2020JJ00
LD04  ,2.9,2021JJ00
LD04  ,2.6,2022JJ00
LD04  ,2.7,2023JJ00
PV20  ,7.7,2013JJ00
PV20  ,8.0,2014JJ00
PV20  ,8.0,2015JJ00
PV20  ,5.9,2016JJ00
PV20  ,5.8,2017JJ00
PV20  ,4.3,2018JJ00
PV20  ,4.0,2019JJ00
PV20  ,4.2,2020JJ00
PV20  ,4.0,2021JJ00
PV20  ,3.1,2022JJ00
PV20  ,3.4,2023JJ00
PV21  ,7.5,2013JJ00
PV21  ,7.4,2014JJ00
PV21  ,6.1,2015JJ00
PV21  ,5.2,2016JJ00
PV21  ,4.3,2017JJ00
PV21  ,3.4,2018JJ00
PV21  ,3.4,2019JJ00
PV21  ,4.0,2020JJ00
PV21  ,3.3,2021JJ00
PV21  ,2.7,2022JJ00
PV21  ,2.9,2023JJ00
PV22  ,6.8,2013JJ00
PV22  ,6.6,2014JJ00
PV22  ,6.4,2015JJ00
PV22  ,5.4,2016JJ00
PV22  ,4.1,2017JJ00
PV22  ,3.3,2018JJ00
PV22  ,3.0,2019JJ00
PV22  ,3.7,2020JJ00
PV22  ,2.8,2021JJ00
PV22  ,2.5,2022JJ00
PV22  ,2.6,2023JJ00
PV23  ,6.6,2013JJ00
PV23  ,6.6,2014JJ00
PV23  ,5.9,2015JJ00
PV23  ,5.3,2016JJ00
PV23  ,4.2,2017JJ00
PV23  ,3.2,2018JJ00
PV23  ,3.2,2019JJ00
PV23  ,3.6,2020JJ00
PV23  ,3.0,2021JJ00
PV23  ,2.5,2022JJ00
PV23  ,2.5,2023JJ00
PV24  ,8.4,2013JJ00
PV24  ,8.6,2014JJ00
PV24  ,7.0,2015JJ00
PV24  ,6.5,2016JJ00
PV24  ,4.8,2017JJ00
PV24  ,3.8,2018JJ00
PV24  ,3.8,2019JJ00
PV24  ,4.4,2020JJ00
PV24  ,3.7,2021JJ00
PV24  ,3.1,2022JJ00
PV24  ,3.1,2023JJ00
PV25  ,6.3,2013JJ00
PV25  ,6.4,2014JJ00
PV25  ,5.6,2015JJ00
PV25  ,4.8,2016JJ00
PV25  ,3.8,2017JJ00
PV25  ,3.0,2018JJ00
PV25  ,3.0,2019JJ00
PV25  ,3.6,2020JJ00
PV25  ,2.7,2021JJ00
PV25  ,2.7,2022JJ00
PV25  ,2.6,2023JJ00
PV26  ,6.1,2013JJ00
PV26  ,5.8,2014JJ00
PV26  ,5.5,2015JJ00
PV26  ,4.5,2016JJ00
PV26  ,3.8,2017JJ00
PV26  ,3.1,2018JJ00
PV26  ,3.2,2019JJ00
PV26  ,3.5,2020JJ00
PV26  ,2.7,2021JJ00
PV26  ,2.6,2022JJ00
PV26  ,2.7,2023JJ00
PV27  ,6.8,2013JJ00
PV27  ,6.8,2014JJ00
PV27  ,6.2,2015JJ00
PV27  ,5.2,2016JJ00
PV27  ,4.7,2017JJ00
PV27  ,3.8,2018JJ00
PV27  ,3.6,2019JJ00
PV27  ,4.3,2020JJ00
PV27  ,4.0,2021JJ00
PV27  ,3.0,2022JJ00
PV27  ,3.2,2023JJ00
PV28  ,7.8,2013JJ00
PV28  ,8.0,2014JJ00
PV28  ,7.2,2015JJ00
PV28  ,6.3,2016JJ00
PV28  ,5.1,2017JJ00
PV28  ,3.8,2018JJ00
PV28  ,4.0,2019JJ00
PV28  ,4.2,2020JJ00
PV28  ,3.9,2021JJ00
PV28  ,3.3,2022JJ00
PV28  ,3.2,2023JJ00
PV29  ,5.7,2013JJ00
PV29  ,5.2,2014JJ00
PV29  ,5.2,2015JJ00
PV29  ,4.1,2016JJ00
PV29  ,3.6,2017JJ00
PV29  ,3.0,2018JJ00
PV29  ,3.0,2019JJ00
PV29  ,3.4,2020JJ00
PV29  ,3.0,2021JJ00
PV29  ,2.5,2022JJ00
PV29  ,2.4,2023JJ00
PV30  ,6.3,2013JJ00
PV30  ,6.4,2014JJ00
PV30  ,5.8,2015JJ00
PV30  ,4.6,2016JJ00
PV30  ,3.9,2017JJ00
PV30  ,3.1,2018JJ00
PV30  ,3.1,2019JJ00
PV30  ,3.6,2020JJ00
PV30  ,2.9,2021JJ00
PV30  ,2.6,2022JJ00
PV30  ,2.6,2023JJ00
PV31  ,6.9,2013JJ00
PV31  ,6.7,2014JJ00
PV31  ,6.1,2015JJ00
PV31  ,4.9,2016JJ00
PV31  ,4.1,2017JJ00
PV31  ,3.3,2018JJ00
PV31  ,3.4,2019JJ00
PV31  ,4.0,2020JJ00
PV31  ,3.1,2021JJ00
PV31  ,2.8,2022JJ00
PV31  ,2.9,2023JJ00
CR01  ,7.5,2013JJ00
CR01  ,7.7,2014JJ00
CR01  ,7.5,2015JJ00
CR01  ,6.1,2016JJ00
CR01  ,5.3,2017JJ00
CR01  ,4.2,2018JJ00
CR01  ,3.8,2019JJ00
CR01  ,4.4,2020JJ00
CR01  ,3.2,2021JJ00
CR01  ,2.8,2022JJ00
CR01  ,3.1,2023JJ00
CR02  ,8.6,2013JJ00
CR02  ,8.4,2014JJ00
CR02  ,7.8,2015JJ00
CR02  ,6.0,2016JJ00
CR02  ,5.0,2017JJ00
CR02  ,3.9,2018JJ00
CR02  ,3.7,2019JJ00
CR02  ,4.2,2020JJ00
CR02  ,3.5,2021JJ00
CR02  ,2.9,2022JJ00
CR02  ,3.2,2023JJ00
CR03  ,7.7,2013JJ00
CR03  ,8.0,2014JJ00
CR03  ,8.1,2015JJ00
CR03  ,5.8,2016JJ00
CR03  ,6.0,2017JJ00
CR03  ,4.4,2018JJ00
CR03  ,4.1,2019JJ00
CR03  ,4.1,2020JJ00
CR03  ,4.2,2021JJ00
CR03  ,3.2,2022JJ00
CR03  ,3.4,2023JJ00
CR04  ,7.8,2013JJ00
CR04  ,7.7,2014JJ00
CR04  ,6.6,2015JJ00
CR04  ,5.4,2016JJ00
CR04  ,4.5,2017JJ00
CR04  ,3.7,2018JJ00
CR04  ,3.6,2019JJ00
CR04  ,4.1,2020JJ00
CR04  ,3.5,2021JJ00
CR04  ,3.0,2022JJ00
CR04  ,3.1,2023JJ00
CR05  ,6.8,2013JJ00
CR05  ,6.7,2014JJ00
CR05  ,5.1,2015JJ00
CR05  ,4.6,2016JJ00
CR05  ,3.8,2017JJ00
CR05  ,3.2,2018JJ00
CR05  ,3.1,2019JJ00
CR05  ,3.8,2020JJ00
CR05  ,2.8,2021JJ00
CR05  ,2.3,2022JJ00
CR05  ,2.6,2023JJ00
CR06  ,7.4,2013JJ00
CR06  ,7.6,2014JJ00
CR06  ,6.1,2015JJ00
CR06  ,5.2,2016JJ00
CR06  ,4.2,2017JJ00
CR06  ,3.1,2018JJ00
CR06  ,3.2,2019JJ00
CR06  ,4.0,2020JJ00
CR06  ,3.1,2021JJ00
CR06  ,2.5,2022JJ00
CR06  ,2.8,2023JJ00
CR07  ,6.2,2013JJ00
CR07  ,6.2,2014JJ00
CR07  ,6.2,2015JJ00
CR07  ,4.8,2016JJ00
CR07  ,4.0,2017JJ00
CR07  ,3.1,2018JJ00
CR07  ,3.0,2019JJ00
CR07  ,3.5,2020JJ00
CR07  ,2.6,2021JJ00
CR07  ,2.4,2022JJ00
CR07  ,2.4,2023JJ00
CR08  ,7.3,2013JJ00
CR08  ,7.0,2014JJ00
CR08  ,7.0,2015JJ00
CR08  ,6.3,2016JJ00
CR08  ,4.6,2017JJ00
CR08  ,3.7,2018JJ00
CR08  ,3.3,2019JJ00
CR08  ,4.1,2020JJ00
CR08  ,3.2,2021JJ00
CR08  ,2.6,2022JJ00
CR08  ,2.8,2023JJ00
CR09  ,6.9,2013JJ00
CR09  ,6.6,2014JJ00
CR09  ,6.1,2015JJ00
CR09  ,5.0,2016JJ00
CR09  ,3.6,2017JJ00
CR09  ,3.0,2018JJ00
CR09  ,2.8,2019JJ00
CR09  ,3.5,2020JJ00
CR09  ,2.7,2021JJ00
CR09  ,2.4,2022JJ00
CR09  ,2.5,2023JJ00
CR10  ,6.1,2013JJ00
CR10  ,5.8,2014JJ00
CR10  ,5.1,2015JJ00
CR10  ,4.8,2016JJ00
CR10  ,3.8,2017JJ00
CR10  ,2.8,2018JJ00
CR10  ,3.1,2019JJ00
CR10  ,3.3,2020JJ00
CR10  ,2.6,2021JJ00
CR10  ,2.4,2022JJ00
CR10  ,2.3,2023JJ00
CR11  ,6.4,2013JJ00
CR11  ,6.7,2014JJ00
CR11  ,5.7,2015JJ00
CR11  ,5.2,2016JJ00
CR11  ,4.3,2017JJ00
CR11  ,3.5,2018JJ00
CR11  ,3.3,2019JJ00
CR11  ,3.7,2020JJ00
CR11  ,3.2,2021JJ00
CR11  ,2.5,2022JJ00
CR11  ,2.6,2023JJ00
CR12  ,7.1,2013JJ00
CR12  ,7.0,2014JJ00
CR12  ,6.4,2015JJ00
CR12  ,5.6,2016JJ00
CR12  ,4.4,2017JJ00
CR12  ,3.3,2018JJ00
CR12  ,3.3,2019JJ00
CR12  ,3.7,2020JJ00
CR12  ,3.2,2021JJ00
CR12  ,2.6,2022JJ00
CR12  ,2.7,2023JJ00
CR13  ,5.7,2013JJ00
CR13  ,5.9,2014JJ00
CR13  ,5.0,2015JJ00
CR13  ,4.4,2016JJ00
CR13  ,3.5,2017JJ00
CR13  ,2.7,2018JJ00
CR13  ,2.8,2019JJ00
CR13  ,3.3,2020JJ00
CR13  ,2.3,2021JJ00
CR13  ,2.4,2022JJ00
CR13  ,2.4,2023JJ00
CR14  ,6.1,2013JJ00
CR14  ,6.1,2014JJ00
CR14  ,5.5,2015JJ00
CR14  ,4.6,2016JJ00
CR14  ,3.7,2017JJ00
CR14  ,2.9,2018JJ00
CR14  ,2.8,2019JJ00
CR14  ,3.4,2020JJ00
CR14  ,2.4,2021JJ00
CR14  ,2.5,2022JJ00
CR14  ,2.4,2023JJ00
CR15  ,7.0,2013JJ00
CR15  ,7.2,2014JJ00
CR15  ,6.4,2015JJ00
CR15  ,5.4,2016JJ00
CR15  ,4.3,2017JJ00
CR15  ,3.4,2018JJ00
CR15  ,3.3,2019JJ00
CR15  ,4.0,2020JJ00
CR15  ,3.2,2021JJ00
CR15  ,3.2,2022JJ00
CR15  ,2.8,2023JJ00
CR16  ,5.8,2013JJ00
CR16  ,5.8,2014JJ00
CR16  ,5.0,2015JJ00
CR16  ,4.4,2016JJ00
CR16  ,3.5,2017JJ00
CR16  ,2.8,2018JJ00
CR16  ,2.8,2019JJ00
CR16  ,3.3,2020JJ00
CR16  ,2.4,2021JJ00
CR16  ,2.4,2022JJ00
CR16  ,2.4,2023JJ00
CR17  ,6.1,2013JJ00
CR17  ,5.8,2014JJ00
CR17  ,5.5,2015JJ00
CR17  ,4.5,2016JJ00
CR17  ,3.8,2017JJ00
CR17  ,3.1,2018JJ00
CR17  ,3.2,2019JJ00
CR17  ,3.5,2020JJ00
CR17  ,2.7,2021JJ00
CR17  ,2.6,2022JJ00
CR17  ,2.7,2023JJ00
CR18  ,6.0,2013JJ00
CR18  ,6.1,2014JJ00
CR18  ,5.3,2015JJ00
CR18  ,4.5,2016JJ00
CR18  ,4.0,2017JJ00
CR18  ,3.1,2018JJ00
CR18  ,3.0,2019JJ00
CR18  ,3.5,2020JJ00
CR18  ,2.7,2021JJ00
CR18  ,2.5,2022JJ00
CR18  ,2.5,2023JJ00
CR19  ,6.0,2013JJ00
CR19  ,6.2,2014JJ00
CR19  ,5.5,2015JJ00
CR19  ,4.4,2016JJ00
CR19  ,4.0,2017JJ00
CR19  ,3.1,2018JJ00
CR19  ,3.0,2019JJ00
CR19  ,3.6,2020JJ00
CR19  ,2.7,2021JJ00
CR19  ,2.5,2022JJ00
CR19  ,2.7,2023JJ00
CR20  ,5.8,2013JJ00
CR20  ,6.1,2014JJ00
CR20  ,5.4,2015JJ00
CR20  ,4.6,2016JJ00
CR20  ,3.9,2017JJ00
CR20  ,3.1,2018JJ00
CR20  ,3.1,2019JJ00
CR20  ,3.7,2020JJ00
CR20  ,3.0,2021JJ00
CR20  ,2.6,2022JJ00
CR20  ,2.7,2023JJ00
CR21  ,6.5,2013JJ00
CR21  ,6.4,2014JJ00
CR21  ,5.9,2015JJ00
CR21  ,5.1,2016JJ00
CR21  ,4.5,2017JJ00
CR21  ,3.3,2018JJ00
CR21  ,3.5,2019JJ00
CR21  ,4.1,2020JJ00
CR21  ,3.2,2021JJ00
CR21  ,2.7,2022JJ00
CR21  ,2.9,2023JJ00
CR22  ,7.3,2013JJ00
CR22  ,7.8,2014JJ00
CR22  ,6.8,2015JJ00
CR22  ,5.7,2016JJ00
CR22  ,4.8,2017JJ00
CR22  ,3.9,2018JJ00
CR22  ,3.9,2019JJ00
CR22  ,4.3,2020JJ00
CR22  ,3.8,2021JJ00
CR22  ,3.0,2022JJ00
CR22  ,3.0,2023JJ00
CR23  ,7.3,2013JJ00
CR23  ,7.1,2014JJ00
CR23  ,6.5,2015JJ00
CR23  ,5.5,2016JJ00
CR23  ,5.0,2017JJ00
CR23  ,4.2,2018JJ00
CR23  ,3.8,2019JJ00
CR23  ,4.8,2020JJ00
CR23  ,4.7,2021JJ00
CR23  ,3.3,2022JJ00
CR23  ,3.5,2023JJ00
CR24  ,6.3,2013JJ00
CR24  ,6.3,2014JJ00
CR24  ,5.9,2015JJ00
CR24  ,4.7,2016JJ00
CR24  ,4.2,2017JJ00
CR24  ,3.3,2018JJ00
CR24  ,3.4,2019JJ00
CR24  ,3.8,2020JJ00
CR24  ,3.1,2021JJ00
CR24  ,2.6,2022JJ00
CR24  ,2.7,2023JJ00
CR25  ,5.8,2013JJ00
CR25  ,5.7,2014JJ00
CR25  ,5.1,2015JJ00
CR25  ,4.6,2016JJ00
CR25  ,3.8,2017JJ00
CR25  ,2.9,2018JJ00
CR25  ,3.2,2019JJ00
CR25  ,3.4,2020JJ00
CR25  ,2.7,2021JJ00
CR25  ,2.6,2022JJ00
CR25  ,2.6,2023JJ00
CR26  ,8.4,2013JJ00
CR26  ,9.0,2014JJ00
CR26  ,8.3,2015JJ00
CR26  ,7.0,2016JJ00
CR26  ,5.9,2017JJ00
CR26  ,4.3,2018JJ00
CR26  ,4.4,2019JJ00
CR26  ,4.8,2020JJ00
CR26  ,4.4,2021JJ00
CR26  ,3.5,2022JJ00
CR26  ,3.6,2023JJ00
CR27  ,6.5,2013JJ00
CR27  ,6.3,2014JJ00
CR27  ,5.6,2015JJ00
CR27  ,4.9,2016JJ00
CR27  ,3.9,2017JJ00
CR27  ,3.1,2018JJ00
CR27  ,3.3,2019JJ00
CR27  ,3.6,2020JJ00
CR27  ,3.1,2021JJ00
CR27  ,2.7,2022JJ00
CR27  ,2.7,2023JJ00
CR28  ,5.8,2013JJ00
CR28  ,5.8,2014JJ00
CR28  ,5.3,2015JJ00
CR28  ,4.6,2016JJ00
CR28  ,3.7,2017JJ00
CR28  ,2.8,2018JJ00
CR28  ,3.0,2019JJ00
CR28  ,3.4,2020JJ00
CR28  ,2.7,2021JJ00
CR28  ,2.4,2022JJ00
CR28  ,2.4,2023JJ00
CR29  ,9.1,2013JJ00
CR29  ,9.3,2014JJ00
CR29  ,8.3,2015JJ00
CR29  ,7.3,2016JJ00
CR29  ,5.9,2017JJ00
CR29  ,4.2,2018JJ00
CR29  ,4.6,2019JJ00
CR29  ,4.5,2020JJ00
CR29  ,4.5,2021JJ00
CR29  ,3.7,2022JJ00
CR29  ,3.5,2023JJ00
CR30  ,6.3,2013JJ00
CR30  ,6.0,2014JJ00
CR30  ,5.4,2015JJ00
CR30  ,4.7,2016JJ00
CR30  ,4.0,2017JJ00
CR30  ,3.3,2018JJ00
CR30  ,3.3,2019JJ00
CR30  ,3.7,2020JJ00
CR30  ,2.9,2021JJ00
CR30  ,2.7,2022JJ00
CR30  ,2.7,2023JJ00
CR31  ,5.9,2013JJ00
CR31  ,5.5,2014JJ00
CR31  ,5.6,2015JJ00
CR31  ,4.5,2016JJ00
CR31  ,3.8,2017JJ00
CR31  ,3.1,2018JJ00
CR31  ,3.2,2019JJ00
CR31  ,3.6,2020JJ00
CR31  ,3.2,2021JJ00
CR31  ,2.7,2022JJ00
CR31  ,2.5,2023JJ00
CR32  ,5.6,2013JJ00
CR32  ,5.1,2014JJ00
CR32  ,5.0,2015JJ00
CR32  ,4.0,2016JJ00
CR32  ,3.6,2017JJ00
CR32  ,2.9,2018JJ00
CR32  ,2.9,2019JJ00
CR32  ,3.3,2020JJ00
CR32  ,2.9,2021JJ00
CR32  ,2.4,2022JJ00
CR32  ,2.3,2023JJ00
CR33  ,6.2,2013JJ00
CR33  ,6.2,2014JJ00
CR33  ,5.9,2015JJ00
CR33  ,4.7,2016JJ00
CR33  ,4.0,2017JJ00
CR33  ,3.2,2018JJ00
CR33  ,3.2,2019JJ00
CR33  ,3.7,2020JJ00
CR33  ,3.0,2021JJ00
CR33  ,2.7,2022JJ00
CR33  ,2.6,2023JJ00
CR34  ,6.3,2013JJ00
CR34  ,6.5,2014JJ00
CR34  ,5.9,2015JJ00
CR34  ,4.8,2016JJ00
CR34  ,4.0,2017JJ00
CR34  ,3.1,2018JJ00
CR34  ,3.1,2019JJ00
CR34  ,3.5,2020JJ00
CR34  ,2.7,2021JJ00
CR34  ,2.6,2022JJ00
CR34  ,2.6,2023JJ00
CR35  ,5.9,2013JJ00
CR35  ,6.0,2014JJ00
CR35  ,5.3,2015JJ00
CR35  ,4.3,2016JJ00
CR35  ,3.7,2017JJ00
CR35  ,2.9,2018JJ00
CR35  ,3.0,2019JJ00
CR35  ,3.4,2020JJ00
CR35  ,2.5,2021JJ00
CR35  ,2.4,2022JJ00
CR35  ,2.4,2023JJ00
CR36  ,6.6,2013JJ00
CR36  ,6.8,2014JJ00
CR36  ,6.0,2015JJ00
CR36  ,4.7,2016JJ00
CR36  ,3.9,2017JJ00
CR36  ,3.2,2018JJ00
CR36  ,3.3,2019JJ00
CR36  ,3.9,2020JJ00
CR36  ,3.2,2021JJ00
CR36  ,2.7,2022JJ00
CR36  ,2.7,2023JJ00
CR37  ,6.4,2013JJ00
CR37  ,6.4,2014JJ00
CR37  ,5.7,2015JJ00
CR37  ,4.6,2016JJ00
CR37  ,3.8,2017JJ00
CR37  ,3.1,2018JJ00
CR37  ,3.1,2019JJ00
CR37  ,3.8,2020JJ00
CR37  ,2.9,2021JJ00
CR37  ,2.6,2022JJ00
CR37  ,2.8,2023JJ00
CR38  ,6.1,2013JJ00
CR38  ,5.7,2014JJ00
CR38  ,5.2,2015JJ00
CR38  ,4.5,2016JJ00
CR38  ,3.8,2017JJ00
CR38  ,3.1,2018JJ00
CR38  ,3.2,2019JJ00
CR38  ,3.7,2020JJ00
CR38  ,2.9,2021JJ00
CR38  ,2.6,2022JJ00
CR38  ,2.7,2023JJ00
CR39  ,7.4,2013JJ00
CR39  ,7.4,2014JJ00
CR39  ,6.6,2015JJ00
CR39  ,5.3,2016JJ00
CR39  ,4.3,2017JJ00
CR39  ,3.5,2018JJ00
CR39  ,3.7,2019JJ00
CR39  ,4.2,2020JJ00
CR39  ,3.2,2021JJ00
CR39  ,2.9,2022JJ00
CR39  ,3.0,2023JJ00
CR40  ,8.4,2013JJ00
CR40  ,8.6,2014JJ00
CR40  ,7.0,2015JJ00
CR40  ,6.5,2016JJ00
CR40  ,4.8,2017JJ00
CR40  ,3.8,2018JJ00
CR40  ,3.8,2019JJ00
CR40  ,4.4,2020JJ00
CR40  ,3.7,2021JJ00
CR40  ,3.1,2022JJ00
CR40  ,3.1,2023JJ00
GM1680,6.1,2013JJ00
GM1680,5.8,2014JJ00
GM1680,5.4,2015JJ00
GM1680,4.6,2016JJ00
GM1680,3.7,2017JJ00
GM1680,2.8,2018JJ00
GM1680,2.7,2019JJ00
GM1680,3.1,2020JJ00
GM1680,2.3,2021JJ00
GM1680,2.2,2022JJ00
GM1680,2.1,2023JJ00
GM0358,5.4,2013JJ00
GM0358,5.4,2014JJ00
GM0358,4.8,2015JJ00
GM0358,3.9,2016JJ00
GM0358,3.2,2017JJ00
GM0358,2.7,2018JJ00
GM0358,2.8,2019JJ00
GM0358,3.4,2020JJ00
GM0358,2.7,2021JJ00
GM0358,2.5,2022JJ00
GM0358,2.6,2023JJ00
GM0197,5.0,2013JJ00
GM0197,5.2,2014JJ00
GM0197,4.4,2015JJ00
GM0197,3.7,2016JJ00
GM0197,3.1,2017JJ00
GM0197,2.5,2018JJ00
GM0197,2.5,2019JJ00
GM0197,2.9,2020JJ00
GM0197,1.9,2021JJ00
GM0197,2.0,2022JJ00
GM0197,2.1,2023JJ00
GM0059,6.9,2013JJ00
GM0059,7.4,2014JJ00
GM0059,5.6,2015JJ00
GM0059,4.7,2016JJ00
GM0059,3.4,2017JJ00
GM0059,2.9,2018JJ00
GM0059,2.9,2019JJ00
GM0059,3.8,2020JJ00
GM0059,2.8,2021JJ00
GM0059,2.3,2022JJ00
GM0059,2.5,2023JJ00
GM0482,5.0,2013JJ00
GM0482,4.9,2014JJ00
GM0482,4.2,2015JJ00
GM0482,3.8,2016JJ00
GM0482,3.4,2017JJ00
GM0482,2.8,2018JJ00
GM0482,2.8,2019JJ00
GM0482,3.3,2020JJ00
GM0482,2.5,2021JJ00
GM0482,2.3,2022JJ00
GM0482,2.5,2023JJ00
GM0613,5.9,2013JJ00
GM0613,6.1,2014JJ00
GM0613,5.5,2015JJ00
GM0613,4.3,2016JJ00
GM0613,3.7,2017JJ00
GM0613,2.8,2018JJ00
GM0613,2.9,2019JJ00
GM0613,3.4,2020JJ00
GM0613,2.8,2021JJ00
GM0613,2.4,2022JJ00
GM0613,2.5,2023JJ00
GM0361,6.5,2013JJ00
GM0361,6.6,2014JJ00
GM0361,5.9,2015JJ00
GM0361,4.5,2016JJ00
GM0361,4.2,2017JJ00
GM0361,3.3,2018JJ00
GM0361,3.2,2019JJ00
GM0361,3.8,2020JJ00
GM0361,2.9,2021JJ00
GM0361,2.7,2022JJ00
GM0361,2.9,2023JJ00
GM0141,8.3,2013JJ00
GM0141,9.3,2014JJ00
GM0141,8.9,2015JJ00
GM0141,7.2,2016JJ00
GM0141,5.3,2017JJ00
GM0141,4.2,2018JJ00
GM0141,3.9,2019JJ00
GM0141,4.5,2020JJ00
GM0141,4.0,2021JJ00
GM0141,2.9,2022JJ00
GM0141,3.3,2023JJ00
GM0034,9.5,2013JJ00
GM0034,9.9,2014JJ00
GM0034,7.9,2015JJ00
GM0034,7.7,2016JJ00
GM0034,5.3,2017JJ00
GM0034,4.3,2018JJ00
GM0034,4.1,2019JJ00
GM0034,4.8,2020JJ00
GM0034,4.5,2021JJ00
GM0034,3.5,2022JJ00
GM0034,3.4,2023JJ00
GM0484,5.5,2013JJ00
GM0484,5.4,2014JJ00
GM0484,5.0,2015JJ00
GM0484,4.6,2016JJ00
GM0484,3.7,2017JJ00
GM0484,2.9,2018JJ00
GM0484,3.1,2019JJ00
GM0484,3.7,2020JJ00
GM0484,2.9,2021JJ00
GM0484,2.4,2022JJ00
GM0484,2.3,2023JJ00
GM1723,4.7,2013JJ00
GM1723,4.7,2014JJ00
GM1723,4.4,2015JJ00
GM1723,3.9,2016JJ00
GM1723,3.3,2017JJ00
GM1723,2.6,2018JJ00
GM1723,2.6,2019JJ00
GM1723,2.8,2020JJ00
GM1723,2.0,2021JJ00
GM1723,1.9,2022JJ00
GM1723,2.0,2023JJ00
GM1959,4.9,2013JJ00
GM1959,4.9,2014JJ00
GM1959,4.5,2015JJ00
GM1959,3.6,2016JJ00
GM1959,3.0,2017JJ00
GM1959,2.3,2018JJ00
GM1959,2.4,2019JJ00
GM1959,2.7,2020JJ00
GM1959,1.9,2021JJ00
GM1959,1.9,2022JJ00
GM1959,2.0,2023JJ00
GM0060,5.7,2013JJ00
GM0060,5.6,2014JJ00
GM0060,5.2,2015JJ00
GM0060,4.4,2016JJ00
GM0060,3.5,2017JJ00
GM0060,2.5,2018JJ00
GM0060,2.5,2019JJ00
GM0060,3.5,2020JJ00
GM0060,2.4,2021JJ00
GM0060,2.0,2022JJ00
GM0060,2.2,2023JJ00
GM0307,6.3,2013JJ00
GM0307,6.1,2014JJ00
GM0307,6.1,2015JJ00
GM0307,4.5,2016JJ00
GM0307,3.9,2017JJ00
GM0307,3.1,2018JJ00
GM0307,3.2,2019JJ00
GM0307,3.5,2020JJ00
GM0307,3.1,2021JJ00
GM0307,2.5,2022JJ00
GM0307,2.7,2023JJ00
GM0362,7.1,2013JJ00
GM0362,6.8,2014JJ00
GM0362,5.8,2015JJ00
GM0362,5.2,2016JJ00
GM0362,4.6,2017JJ00
GM0362,3.7,2018JJ00
GM0362,4.2,2019JJ00
GM0362,4.6,2020JJ00
GM0362,4.3,2021JJ00
GM0362,3.2,2022JJ00
GM0362,3.4,2023JJ00
GM0363,7.8,2013JJ00
GM0363,7.5,2014JJ00
GM0363,7.0,2015JJ00
GM0363,5.9,2016JJ00
GM0363,5.4,2017JJ00
GM0363,4.5,2018JJ00
GM0363,4.0,2019JJ00
GM0363,5.0,2020JJ00
GM0363,5.2,2021JJ00
GM0363,3.4,2022JJ00
GM0363,3.8,2023JJ00
GM0200,6.4,2013JJ00
GM0200,6.9,2014JJ00
GM0200,5.7,2015JJ00
GM0200,5.1,2016JJ00
GM0200,4.2,2017JJ00
GM0200,3.1,2018JJ00
GM0200,3.2,2019JJ00
GM0200,3.9,2020JJ00
GM0200,2.3,2021JJ00
GM0200,2.7,2022JJ00
GM0200,2.9,2023JJ00
GM0202,8.0,2013JJ00
GM0202,8.7,2014JJ00
GM0202,7.9,2015JJ00
GM0202,6.3,2016JJ00
GM0202,5.3,2017JJ00
GM0202,4.0,2018JJ00
GM0202,3.9,2019JJ00
GM0202,4.6,2020JJ00
GM0202,4.2,2021JJ00
GM0202,3.8,2022JJ00
GM0202,3.3,2023JJ00
GM0106,6.7,2013JJ00
GM0106,6.9,2014JJ00
GM0106,7.4,2015JJ00
GM0106,5.5,2016JJ00
GM0106,4.7,2017JJ00
GM0106,3.5,2018JJ00
GM0106,3.3,2019JJ00
GM0106,3.8,2020JJ00
GM0106,2.9,2021JJ00
GM0106,2.8,2022JJ00
GM0106,2.9,2023JJ00
GM0743,5.6,2013JJ00
GM0743,5.6,2014JJ00
GM0743,5.2,2015JJ00
GM0743,4.2,2016JJ00
GM0743,3.5,2017JJ00
GM0743,2.9,2018JJ00
GM0743,2.8,2019JJ00
GM0743,3.3,2020JJ00
GM0743,2.3,2021JJ00
GM0743,2.2,2022JJ00
GM0743,2.3,2023JJ00
GM0744,5.7,2013JJ00
GM0744,5.4,2014JJ00
GM0744,5.3,2015JJ00
GM0744,4.3,2016JJ00
GM0744,3.6,2017JJ00
GM0744,3.1,2018JJ00
GM0744,3.0,2019JJ00
GM0744,3.1,2020JJ00
GM0744,2.3,2021JJ00
GM0744,2.1,2022JJ00
GM0744,2.3,2023JJ00
GM0308,6.2,2013JJ00
GM0308,5.9,2014JJ00
GM0308,5.8,2015JJ00
GM0308,4.8,2016JJ00
GM0308,3.8,2017JJ00
GM0308,3.1,2018JJ00
GM0308,3.3,2019JJ00
GM0308,3.5,2020JJ00
GM0308,2.7,2021JJ00
GM0308,2.6,2022JJ00
GM0308,2.7,2023JJ00
GM0489,6.0,2013JJ00
GM0489,5.9,2014JJ00
GM0489,5.4,2015JJ00
GM0489,4.5,2016JJ00
GM0489,3.9,2017JJ00
GM0489,3.1,2018JJ00
GM0489,2.8,2019JJ00
GM0489,3.4,2020JJ00
GM0489,2.7,2021JJ00
GM0489,2.6,2022JJ00
GM0489,2.4,2023JJ00
GM0203,4.6,2013JJ00
GM0203,5.0,2014JJ00
GM0203,3.7,2015JJ00
GM0203,3.4,2016JJ00
GM0203,2.8,2017JJ00
GM0203,2.2,2018JJ00
GM0203,2.3,2019JJ00
GM0203,2.6,2020JJ00
GM0203,1.6,2021JJ00
GM0203,2.2,2022JJ00
GM0203,2.0,2023JJ00
GM0888,6.0,2013JJ00
GM0888,5.9,2014JJ00
GM0888,5.4,2015JJ00
GM0888,4.2,2016JJ00
GM0888,3.5,2017JJ00
GM0888,2.9,2018JJ00
GM0888,3.2,2019JJ00
GM0888,3.5,2020JJ00
GM0888,2.5,2021JJ00
GM0888,2.6,2022JJ00
GM0888,2.5,2023JJ00
GM1954,6.0,2013JJ00
GM1954,6.0,2014JJ00
GM1954,5.1,2015JJ00
GM1954,4.3,2016JJ00
GM1954,3.5,2017JJ00
GM1954,2.9,2018JJ00
GM1954,2.8,2019JJ00
GM1954,3.6,2020JJ00
GM1954,2.3,2021JJ00
GM1954,2.2,2022JJ00
GM1954,2.4,2023JJ00
GM0889,6.1,2013JJ00
GM0889,6.2,2014JJ00
GM0889,5.8,2015JJ00
GM0889,4.7,2016JJ00
GM0889,3.7,2017JJ00
GM0889,2.8,2018JJ00
GM0889,2.8,2019JJ00
GM0889,3.6,2020JJ00
GM0889,2.6,2021JJ00
GM0889,2.4,2022JJ00
GM0889,2.6,2023JJ00
GM1945,6.0,2013JJ00
GM1945,6.0,2014JJ00
GM1945,5.2,2015JJ00
GM1945,4.4,2016JJ00
GM1945,3.9,2017JJ00
GM1945,3.1,2018JJ00
GM1945,3.1,2019JJ00
GM1945,3.7,2020JJ00
GM1945,2.5,2021JJ00
GM1945,2.5,2022JJ00
GM1945,2.5,2023JJ00
GM1724,5.1,2013JJ00
GM1724,5.1,2014JJ00
GM1724,4.6,2015JJ00
GM1724,3.7,2016JJ00
GM1724,3.0,2017JJ00
GM1724,2.4,2018JJ00
GM1724,2.5,2019JJ00
GM1724,3.0,2020JJ00
GM1724,1.9,2021JJ00
GM1724,2.0,2022JJ00
GM1724,2.0,2023JJ00
GM0893,5.7,2013JJ00
GM0893,5.9,2014JJ00
GM0893,5.1,2015JJ00
GM0893,4.4,2016JJ00
GM0893,3.5,2017JJ00
GM0893,2.8,2018JJ00
GM0893,2.7,2019JJ00
GM0893,3.3,2020JJ00
GM0893,2.5,2021JJ00
GM0893,2.3,2022JJ00
GM0893,2.4,2023JJ00
GM0373,5.2,2013JJ00
GM0373,5.5,2014JJ00
GM0373,4.8,2015JJ00
GM0373,4.0,2016JJ00
GM0373,3.5,2017JJ00
GM0373,2.9,2018JJ00
GM0373,3.0,2019JJ00
GM0373,3.4,2020JJ00
GM0373,2.3,2021JJ00
GM0373,2.5,2022JJ00
GM0373,2.5,2023JJ00
GM0748,6.7,2013JJ00
GM0748,6.6,2014JJ00
GM0748,6.9,2015JJ00
GM0748,5.5,2016JJ00
GM0748,4.9,2017JJ00
GM0748,3.7,2018JJ00
GM0748,3.4,2019JJ00
GM0748,4.2,2020JJ00
GM0748,3.2,2021JJ00
GM0748,3.1,2022JJ00
GM0748,2.9,2023JJ00
GM1859,5.8,2013JJ00
GM1859,5.5,2014JJ00
GM1859,4.8,2015JJ00
GM1859,3.8,2016JJ00
GM1859,3.2,2017JJ00
GM1859,2.5,2018JJ00
GM1859,2.5,2019JJ00
GM1859,3.1,2020JJ00
GM1859,2.0,2021JJ00
GM1859,2.1,2022JJ00
GM1859,2.2,2023JJ00
GM1721,5.1,2013JJ00
GM1721,4.9,2014JJ00
GM1721,4.3,2015JJ00
GM1721,3.8,2016JJ00
GM1721,3.2,2017JJ00
GM1721,2.6,2018JJ00
GM1721,2.8,2019JJ00
GM1721,3.1,2020JJ00
GM1721,2.1,2021JJ00
GM1721,2.0,2022JJ00
GM1721,2.0,2023JJ00
GM0753,5.8,2013JJ00
GM0753,5.5,2014JJ00
GM0753,4.7,2015JJ00
GM0753,4.1,2016JJ00
GM0753,3.4,2017JJ00
GM0753,2.8,2018JJ00
GM0753,2.9,2019JJ00
GM0753,3.3,2020JJ00
GM0753,3.0,2021JJ00
GM0753,2.4,2022JJ00
GM0753,2.4,2023JJ00
GM0209,6.0,2013JJ00
GM0209,5.6,2014JJ00
GM0209,5.2,2015JJ00
GM0209,4.1,2016JJ00
GM0209,3.5,2017JJ00
GM0209,2.7,2018JJ00
GM0209,2.7,2019JJ00
GM0209,3.3,2020JJ00
GM0209,2.2,2021JJ00
GM0209,2.3,2022JJ00
GM0209,2.4,2023JJ00
GM0375,6.4,2013JJ00
GM0375,6.7,2014JJ00
GM0375,5.9,2015JJ00
GM0375,5.2,2016JJ00
GM0375,4.4,2017JJ00
GM0375,3.5,2018JJ00
GM0375,3.5,2019JJ00
GM0375,4.0,2020JJ00
GM0375,3.5,2021JJ00
GM0375,2.9,2022JJ00
GM0375,3.1,2023JJ00
GM0310,5.5,2013JJ00
GM0310,5.4,2014JJ00
GM0310,4.9,2015JJ00
GM0310,3.9,2016JJ00
GM0310,3.8,2017JJ00
GM0310,3.2,2018JJ00
GM0310,3.0,2019JJ00
GM0310,3.6,2020JJ00
GM0310,2.7,2021JJ00
GM0310,2.6,2022JJ00
GM0310,2.6,2023JJ00
GM1728,4.9,2013JJ00
GM1728,4.9,2014JJ00
GM1728,3.9,2015JJ00
GM1728,3.6,2016JJ00
GM1728,2.8,2017JJ00
GM1728,2.4,2018JJ00
GM1728,2.5,2019JJ00
GM1728,2.9,2020JJ00
GM1728,2.1,2021JJ00
GM1728,2.0,2022JJ00
GM1728,2.1,2023JJ00
GM0376,6.3,2013JJ00
GM0376,6.2,2014JJ00
GM0376,5.6,2015JJ00
GM0376,4.6,2016JJ00
GM0376,4.2,2017JJ00
GM0376,3.0,2018JJ00
GM0376,3.1,2019JJ00
GM0376,3.4,2020JJ00
GM0376,2.7,2021JJ00
GM0376,2.4,2022JJ00
GM0376,2.5,2023JJ00
GM0377,5.8,2013JJ00
GM0377,5.8,2014JJ00
GM0377,5.1,2015JJ00
GM0377,4.4,2016JJ00
GM0377,3.8,2017JJ00
GM0377,3.0,2018JJ00
GM0377,2.9,2019JJ00
GM0377,3.4,2020JJ00
GM0377,2.7,2021JJ00
GM0377,2.3,2022JJ00
GM0377,2.6,2023JJ00
GM1901,4.9,2013JJ00
GM1901,5.1,2014JJ00
GM1901,4.3,2015JJ00
GM1901,3.7,2016JJ00
GM1901,3.2,2017JJ00
GM1901,2.7,2018JJ00
GM1901,2.6,2019JJ00
GM1901,3.0,2020JJ00
GM1901,2.1,2021JJ00
GM1901,2.0,2022JJ00
GM1901,2.0,2023JJ00
GM0755,5.2,2013JJ00
GM0755,4.8,2014JJ00
GM0755,4.2,2015JJ00
GM0755,3.5,2016JJ00
GM0755,2.9,2017JJ00
GM0755,2.4,2018JJ00
GM0755,2.5,2019JJ00
GM0755,2.8,2020JJ00
GM0755,1.9,2021JJ00
GM0755,2.0,2022JJ00
GM0755,2.0,2023JJ00
GM1681,6.2,2013JJ00
GM1681,5.9,2014JJ00
GM1681,5.9,2015JJ00
GM1681,4.7,2016JJ00
GM1681,3.8,2017JJ00
GM1681,3.1,2018JJ00
GM1681,2.8,2019JJ00
GM1681,3.5,2020JJ00
GM1681,2.6,2021JJ00
GM1681,2.2,2022JJ00
GM1681,2.3,2023JJ00
GM0147,5.4,2013JJ00
GM0147,5.7,2014JJ00
GM0147,5.3,2015JJ00
GM0147,4.2,2016JJ00
GM0147,3.5,2017JJ00
GM0147,2.7,2018JJ00
GM0147,2.6,2019JJ00
GM0147,3.0,2020JJ00
GM0147,2.2,2021JJ00
GM0147,2.0,2022JJ00
GM0147,2.1,2023JJ00
GM0654,4.7,2013JJ00
GM0654,4.2,2014JJ00
GM0654,4.4,2015JJ00
GM0654,3.5,2016JJ00
GM0654,3.0,2017JJ00
GM0654,2.5,2018JJ00
GM0654,2.3,2019JJ00
GM0654,2.7,2020JJ00
GM0654,2.0,2021JJ00
GM0654,1.9,2022JJ00
GM0654,1.8,2023JJ00
GM0757,6.3,2013JJ00
GM0757,5.8,2014JJ00
GM0757,5.6,2015JJ00
GM0757,4.7,2016JJ00
GM0757,4.0,2017JJ00
GM0757,3.1,2018JJ00
GM0757,2.9,2019JJ00
GM0757,3.5,2020JJ00
GM0757,2.6,2021JJ00
GM0757,2.4,2022JJ00
GM0757,2.4,2023JJ00
GM0758,6.5,2013JJ00
GM0758,6.5,2014JJ00
GM0758,6.2,2015JJ00
GM0758,4.7,2016JJ00
GM0758,4.2,2017JJ00
GM0758,3.4,2018JJ00
GM0758,3.5,2019JJ00
GM0758,3.9,2020JJ00
GM0758,3.4,2021JJ00
GM0758,3.0,2022JJ00
GM0758,2.9,2023JJ00
GM1876,5.3,2013JJ00
GM1876,5.2,2014JJ00
GM1876,4.4,2015JJ00
GM1876,3.6,2016JJ00
GM1876,3.1,2017JJ00
GM1876,2.3,2018JJ00
GM1876,2.2,2019JJ00
GM1876,3.0,2020JJ00
GM1876,1.9,2021JJ00
GM1876,2.3,2022JJ00
GM1876,2.0,2023JJ00
GM0213,6.2,2013JJ00
GM0213,6.3,2014JJ00
GM0213,5.3,2015JJ00
GM0213,4.2,2016JJ00
GM0213,3.5,2017JJ00
GM0213,2.9,2018JJ00
GM0213,2.8,2019JJ00
GM0213,3.4,2020JJ00
GM0213,2.4,2021JJ00
GM0213,2.5,2022JJ00
GM0213,2.4,2023JJ00
GM0899,7.5,2013JJ00
GM0899,7.1,2014JJ00
GM0899,6.8,2015JJ00
GM0899,5.2,2016JJ00
GM0899,4.6,2017JJ00
GM0899,3.6,2018JJ00
GM0899,3.6,2019JJ00
GM0899,4.1,2020JJ00
GM0899,3.1,2021JJ00
GM0899,2.8,2022JJ00
GM0899,3.0,2023JJ00
GM0312,4.8,2013JJ00
GM0312,4.5,2014JJ00
GM0312,4.1,2015JJ00
GM0312,3.7,2016JJ00
GM0312,2.9,2017JJ00
GM0312,2.6,2018JJ00
GM0312,2.8,2019JJ00
GM0312,3.0,2020JJ00
GM0312,2.2,2021JJ00
GM0312,2.1,2022JJ00
GM0312,2.2,2023JJ00
GM0313,5.0,2013JJ00
GM0313,4.8,2014JJ00
GM0313,4.3,2015JJ00
GM0313,3.4,2016JJ00
GM0313,2.9,2017JJ00
GM0313,2.3,2018JJ00
GM0313,2.4,2019JJ00
GM0313,2.7,2020JJ00
GM0313,1.9,2021JJ00
GM0313,1.9,2022JJ00
GM0313,2.0,2023JJ00
GM0214,5.4,2013JJ00
GM0214,5.4,2014JJ00
GM0214,4.6,2015JJ00
GM0214,4.4,2016JJ00
GM0214,3.4,2017JJ00
GM0214,2.5,2018JJ00
GM0214,2.6,2019JJ00
GM0214,3.0,2020JJ00
GM0214,1.9,2021JJ00
GM0214,2.3,2022JJ00
GM0214,2.2,2023JJ00
GM0502,8.0,2013JJ00
GM0502,8.9,2014JJ00
GM0502,8.4,2015JJ00
GM0502,6.9,2016JJ00
GM0502,5.9,2017JJ00
GM0502,4.0,2018JJ00
GM0502,4.7,2019JJ00
GM0502,4.8,2020JJ00
GM0502,4.0,2021JJ00
GM0502,3.2,2022JJ00
GM0502,3.5,2023JJ00
GM0383,4.6,2013JJ00
GM0383,4.7,2014JJ00
GM0383,4.2,2015JJ00
GM0383,3.4,2016JJ00
GM0383,3.1,2017JJ00
GM0383,2.6,2018JJ00
GM0383,2.6,2019JJ00
GM0383,3.1,2020JJ00
GM0383,2.3,2021JJ00
GM0383,2.1,2022JJ00
GM0383,2.1,2023JJ00
GM0109,6.2,2013JJ00
GM0109,6.6,2014JJ00
GM0109,6.7,2015JJ00
GM0109,5.1,2016JJ00
GM0109,4.3,2017JJ00
GM0109,3.3,2018JJ00
GM0109,3.0,2019JJ00
GM0109,3.7,2020JJ00
GM0109,2.9,2021JJ00
GM0109,2.4,2022JJ00
GM0109,2.5,2023JJ00
GM1706,5.4,2013JJ00
GM1706,5.7,2014JJ00
GM1706,5.0,2015JJ00
GM1706,4.1,2016JJ00
GM1706,3.4,2017JJ00
GM1706,2.8,2018JJ00
GM1706,2.9,2019JJ00
GM1706,3.3,2020JJ00
GM1706,2.5,2021JJ00
GM1706,2.3,2022JJ00
GM1706,2.2,2023JJ00
GM0216,6.6,2013JJ00
GM0216,6.9,2014JJ00
GM0216,6.0,2015JJ00
GM0216,5.6,2016JJ00
GM0216,4.0,2017JJ00
GM0216,3.1,2018JJ00
GM0216,3.1,2019JJ00
GM0216,3.6,2020JJ00
GM0216,3.1,2021JJ00
GM0216,2.8,2022JJ00
GM0216,2.7,2023JJ00
GM0148,4.8,2013JJ00
GM0148,4.7,2014JJ00
GM0148,4.1,2015JJ00
GM0148,3.5,2016JJ00
GM0148,3.0,2017JJ00
GM0148,2.4,2018JJ00
GM0148,2.5,2019JJ00
GM0148,2.8,2020JJ00
GM0148,2.2,2021JJ00
GM0148,1.8,2022JJ00
GM0148,1.9,2023JJ00
GM1891,7.3,2013JJ00
GM1891,6.9,2014JJ00
GM1891,5.5,2015JJ00
GM1891,4.9,2016JJ00
GM1891,3.6,2017JJ00
GM1891,2.9,2018JJ00
GM1891,2.8,2019JJ00
GM1891,3.6,2020JJ00
GM1891,2.5,2021JJ00
GM1891,2.5,2022JJ00
GM1891,2.5,2023JJ00
GM0503,8.1,2013JJ00
GM0503,8.1,2014JJ00
GM0503,6.7,2015JJ00
GM0503,5.7,2016JJ00
GM0503,4.9,2017JJ00
GM0503,3.7,2018JJ00
GM0503,3.9,2019JJ00
GM0503,4.3,2020JJ00
GM0503,4.2,2021JJ00
GM0503,3.4,2022JJ00
GM0503,3.2,2023JJ00
GM0762,5.6,2013JJ00
GM0762,5.7,2014JJ00
GM0762,4.8,2015JJ00
GM0762,4.3,2016JJ00
GM0762,3.1,2017JJ00
GM0762,2.8,2018JJ00
GM0762,2.7,2019JJ00
GM0762,3.3,2020JJ00
GM0762,2.2,2021JJ00
GM0762,2.2,2022JJ00
GM0762,2.2,2023JJ00
GM0150,6.9,2013JJ00
GM0150,7.4,2014JJ00
GM0150,6.1,2015JJ00
GM0150,5.8,2016JJ00
GM0150,4.8,2017JJ00
GM0150,4.0,2018JJ00
GM0150,3.6,2019JJ00
GM0150,4.1,2020JJ00
GM0150,3.7,2021JJ00
GM0150,2.8,2022JJ00
GM0150,2.8,2023JJ00
GM0384,7.9,2013JJ00
GM0384,7.4,2014JJ00
GM0384,6.8,2015JJ00
GM0384,5.7,2016JJ00
GM0384,5.2,2017JJ00
GM0384,4.1,2018JJ00
GM0384,3.8,2019JJ00
GM0384,4.7,2020JJ00
GM0384,3.9,2021JJ00
GM0384,3.3,2022JJ00
GM0384,3.1,2023JJ00
GM1980,5.7,2013JJ00
GM1980,6.2,2014JJ00
GM1980,5.3,2015JJ00
GM1980,4.3,2016JJ00
GM1980,3.8,2017JJ00
GM1980,3.0,2018JJ00
GM1980,2.8,2019JJ00
GM1980,3.4,2020JJ00
GM1980,2.5,2021JJ00
GM1980,2.3,2022JJ00
GM1980,2.4,2023JJ00
GM1774,4.7,2013JJ00
GM1774,4.6,2014JJ00
GM1774,4.1,2015JJ00
GM1774,3.6,2016JJ00
GM1774,2.8,2017JJ00
GM1774,2.3,2018JJ00
GM1774,2.6,2019JJ00
GM1774,2.6,2020JJ00
GM1774,1.8,2021JJ00
GM1774,1.8,2022JJ00
GM1774,1.8,2023JJ00
GM0221,7.7,2013JJ00
GM0221,7.7,2014JJ00
GM0221,7.7,2015JJ00
GM0221,6.0,2016JJ00
GM0221,5.0,2017JJ00
GM0221,3.8,2018JJ00
GM0221,3.5,2019JJ00
GM0221,4.3,2020JJ00
GM0221,3.5,2021JJ00
GM0221,3.1,2022JJ00
GM0221,3.1,2023JJ00
GM0222,6.4,2013JJ00
GM0222,6.5,2014JJ00
GM0222,6.2,2015JJ00
GM0222,5.2,2016JJ00
GM0222,4.0,2017JJ00
GM0222,3.2,2018JJ00
GM0222,3.0,2019JJ00
GM0222,3.6,2020JJ00
GM0222,3.1,2021JJ00
GM0222,3.0,2022JJ00
GM0222,2.7,2023JJ00
GM0766,5.6,2013JJ00
GM0766,5.3,2014JJ00
GM0766,5.2,2015JJ00
GM0766,4.3,2016JJ00
GM0766,3.3,2017JJ00
GM0766,2.9,2018JJ00
GM0766,2.7,2019JJ00
GM0766,3.0,2020JJ00
GM0766,2.1,2021JJ00
GM0766,2.1,2022JJ00
GM0766,2.2,2023JJ00
GM0505,8.0,2013JJ00
GM0505,7.5,2014JJ00
GM0505,6.6,2015JJ00
GM0505,6.0,2016JJ00
GM0505,4.9,2017JJ00
GM0505,4.0,2018JJ00
GM0505,4.1,2019JJ00
GM0505,4.4,2020JJ00
GM0505,3.6,2021JJ00
GM0505,3.3,2022JJ00
GM0505,3.3,2023JJ00
GM0498,5.1,2013JJ00
GM0498,5.2,2014JJ00
GM0498,4.5,2015JJ00
GM0498,4.0,2016JJ00
GM0498,3.4,2017JJ00
GM0498,2.9,2018JJ00
GM0498,2.9,2019JJ00
GM0498,3.0,2020JJ00
GM0498,2.2,2021JJ00
GM0498,2.2,2022JJ00
GM0498,2.2,2023JJ00
GM1719,5.2,2013JJ00
GM1719,5.2,2014JJ00
GM1719,4.7,2015JJ00
GM1719,3.7,2016JJ00
GM1719,3.1,2017JJ00
GM1719,2.4,2018JJ00
GM1719,2.5,2019JJ00
GM1719,2.8,2020JJ00
GM1719,2.1,2021JJ00
GM1719,1.9,2022JJ00
GM1719,2.0,2023JJ00
GM0303,6.3,2013JJ00
GM0303,5.8,2014JJ00
GM0303,5.3,2015JJ00
GM0303,4.9,2016JJ00
GM0303,3.7,2017JJ00
GM0303,2.9,2018JJ00
GM0303,3.1,2019JJ00
GM0303,3.5,2020JJ00
GM0303,2.6,2021JJ00
GM0303,2.4,2022JJ00
GM0303,2.5,2023JJ00
GM0225,5.6,2013JJ00
GM0225,5.6,2014JJ00
GM0225,4.9,2015JJ00
GM0225,4.4,2016JJ00
GM0225,3.4,2017JJ00
GM0225,2.7,2018JJ00
GM0225,2.9,2019JJ00
GM0225,3.3,2020JJ00
GM0225,2.4,2021JJ00
GM0225,2.2,2022JJ00
GM0225,2.3,2023JJ00
GM0226,5.7,2013JJ00
GM0226,5.7,2014JJ00
GM0226,5.1,2015JJ00
GM0226,4.4,2016JJ00
GM0226,3.7,2017JJ00
GM0226,3.1,2018JJ00
GM0226,2.9,2019JJ00
GM0226,3.5,2020JJ00
GM0226,2.7,2021JJ00
GM0226,2.8,2022JJ00
GM0226,2.4,2023JJ00
GM1711,6.0,2013JJ00
GM1711,5.7,2014JJ00
GM1711,5.0,2015JJ00
GM1711,4.2,2016JJ00
GM1711,3.5,2017JJ00
GM1711,2.8,2018JJ00
GM1711,3.0,2019JJ00
GM1711,3.6,2020JJ00
GM1711,2.5,2021JJ00
GM1711,2.6,2022JJ00
GM1711,2.6,2023JJ00
GM0385,4.7,2013JJ00
GM0385,4.8,2014JJ00
GM0385,4.0,2015JJ00
GM0385,3.4,2016JJ00
GM0385,2.8,2017JJ00
GM0385,2.6,2018JJ00
GM0385,2.3,2019JJ00
GM0385,2.7,2020JJ00
GM0385,2.0,2021JJ00
GM0385,2.1,2022JJ00
GM0385,1.9,2023JJ00
GM0228,5.5,2013JJ00
GM0228,6.3,2014JJ00
GM0228,5.6,2015JJ00
GM0228,4.7,2016JJ00
GM0228,3.3,2017JJ00
GM0228,2.7,2018JJ00
GM0228,2.7,2019JJ00
GM0228,3.4,2020JJ00
GM0228,2.3,2021JJ00
GM0228,2.3,2022JJ00
GM0228,2.4,2023JJ00
GM0317,5.2,2013JJ00
GM0317,5.1,2014JJ00
GM0317,4.4,2015JJ00
GM0317,3.8,2016JJ00
GM0317,3.1,2017JJ00
GM0317,2.5,2018JJ00
GM0317,2.7,2019JJ00
GM0317,3.1,2020JJ00
GM0317,2.3,2021JJ00
GM0317,2.2,2022JJ00
GM0317,2.2,2023JJ00
GM1979,8.6,2013JJ00
GM1979,8.4,2014JJ00
GM1979,7.8,2015JJ00
GM1979,6.0,2016JJ00
GM1979,5.0,2017JJ00
GM1979,3.9,2018JJ00
GM1979,3.7,2019JJ00
GM1979,4.2,2020JJ00
GM1979,3.5,2021JJ00
GM1979,2.9,2022JJ00
GM1979,3.2,2023JJ00
GM0770,5.0,2013JJ00
GM0770,4.8,2014JJ00
GM0770,4.1,2015JJ00
GM0770,3.5,2016JJ00
GM0770,2.8,2017JJ00
GM0770,2.3,2018JJ00
GM0770,2.4,2019JJ00
GM0770,2.9,2020JJ00
GM0770,2.0,2021JJ00
GM0770,1.9,2022JJ00
GM0770,2.0,2023JJ00
GM1903,5.1,2013JJ00
GM1903,5.0,2014JJ00
GM1903,4.5,2015JJ00
GM1903,3.8,2016JJ00
GM1903,3.0,2017JJ00
GM1903,2.4,2018JJ00
GM1903,2.4,2019JJ00
GM1903,2.9,2020JJ00
GM1903,1.9,2021JJ00
GM1903,2.1,2022JJ00
GM1903,2.2,2023JJ00
GM0772,7.8,2013JJ00
GM0772,8.3,2014JJ00
GM0772,7.2,2015JJ00
GM0772,5.2,2016JJ00
GM0772,4.7,2017JJ00
GM0772,3.7,2018JJ00
GM0772,3.9,2019JJ00
GM0772,4.5,2020JJ00
GM0772,4.0,2021JJ00
GM0772,3.2,2022JJ00
GM0772,3.2,2023JJ00
GM0230,5.1,2013JJ00
GM0230,4.9,2014JJ00
GM0230,4.1,2015JJ00
GM0230,3.8,2016JJ00
GM0230,3.1,2017JJ00
GM0230,2.5,2018JJ00
GM0230,2.7,2019JJ00
GM0230,3.0,2020JJ00
GM0230,2.2,2021JJ00
GM0230,2.1,2022JJ00
GM0230,2.1,2023JJ00
GM0114,7.9,2013JJ00
GM0114,7.4,2014JJ00
GM0114,7.3,2015JJ00
GM0114,6.9,2016JJ00
GM0114,4.9,2017JJ00
GM0114,4.0,2018JJ00
GM0114,3.6,2019JJ00
GM0114,4.4,2020JJ00
GM0114,3.4,2021JJ00
GM0114,2.7,2022JJ00
GM0114,3.0,2023JJ00
GM0388,6.4,2013JJ00
GM0388,6.2,2014JJ00
GM0388,5.7,2015JJ00
GM0388,5.0,2016JJ00
GM0388,4.1,2017JJ00
GM0388,3.2,2018JJ00
GM0388,3.2,2019JJ00
GM0388,3.7,2020JJ00
GM0388,2.8,2021JJ00
GM0388,2.6,2022JJ00
GM0388,2.7,2023JJ00
GM0153,8.9,2013JJ00
GM0153,8.4,2014JJ00
GM0153,7.7,2015JJ00
GM0153,7.2,2016JJ00
GM0153,6.0,2017JJ00
GM0153,4.3,2018JJ00
GM0153,4.0,2019JJ00
GM0153,4.5,2020JJ00
GM0153,4.5,2021JJ00
GM0153,3.4,2022JJ00
GM0153,3.5,2023JJ00
GM0232,5.8,2013JJ00
GM0232,5.9,2014JJ00
GM0232,5.0,2015JJ00
GM0232,4.1,2016JJ00
GM0232,3.4,2017JJ00
GM0232,2.8,2018JJ00
GM0232,2.7,2019JJ00
GM0232,3.3,2020JJ00
GM0232,2.3,2021JJ00
GM0232,2.5,2022JJ00
GM0232,2.3,2023JJ00
GM0233,5.7,2013JJ00
GM0233,5.4,2014JJ00
GM0233,4.8,2015JJ00
GM0233,4.2,2016JJ00
GM0233,3.4,2017JJ00
GM0233,2.7,2018JJ00
GM0233,2.7,2019JJ00
GM0233,3.2,2020JJ00
GM0233,2.3,2021JJ00
GM0233,2.2,2022JJ00
GM0233,2.3,2023JJ00
GM0777,6.1,2013JJ00
GM0777,6.0,2014JJ00
GM0777,5.3,2015JJ00
GM0777,4.3,2016JJ00
GM0777,3.7,2017JJ00
GM0777,3.0,2018JJ00
GM0777,2.9,2019JJ00
GM0777,3.4,2020JJ00
GM0777,2.8,2021JJ00
GM0777,2.6,2022JJ00
GM0777,2.5,2023JJ00
GM1940,6.0,2013JJ00
GM1940,5.7,2014JJ00
GM1940,4.7,2015JJ00
GM1940,4.2,2016JJ00
GM1940,3.6,2017JJ00
GM1940,2.9,2018JJ00
GM1940,2.9,2019JJ00
GM1940,3.4,2020JJ00
GM1940,3.0,2021JJ00
GM1940,2.1,2022JJ00
GM1940,2.3,2023JJ00
GM0779,5.3,2013JJ00
GM0779,5.1,2014JJ00
GM0779,4.7,2015JJ00
GM0779,4.0,2016JJ00
GM0779,3.3,2017JJ00
GM0779,2.7,2018JJ00
GM0779,2.6,2019JJ00
GM0779,3.1,2020JJ00
GM0779,2.2,2021JJ00
GM0779,2.1,2022JJ00
GM0779,2.1,2023JJ00
GM1771,6.2,2013JJ00
GM1771,6.5,2014JJ00
GM1771,6.0,2015JJ00
GM1771,5.1,2016JJ00
GM1771,3.8,2017JJ00
GM1771,3.2,2018JJ00
GM1771,3.3,2019JJ00
GM1771,3.6,2020JJ00
GM1771,2.8,2021JJ00
GM1771,2.5,2022JJ00
GM1771,2.7,2023JJ00
GM1652,5.4,2013JJ00
GM1652,5.4,2014JJ00
GM1652,4.7,2015JJ00
GM1652,3.9,2016JJ00
GM1652,3.1,2017JJ00
GM1652,2.7,2018JJ00
GM1652,2.6,2019JJ00
GM1652,3.1,2020JJ00
GM1652,2.3,2021JJ00
GM1652,2.1,2022JJ00
GM1652,2.2,2023JJ00
GM0907,6.3,2013JJ00
GM0907,5.9,2014JJ00
GM0907,5.4,2015JJ00
GM0907,4.3,2016JJ00
GM0907,3.7,2017JJ00
GM0907,3.0,2018JJ00
GM0907,3.0,2019JJ00
GM0907,3.6,2020JJ00
GM0907,2.6,2021JJ00
GM0907,2.3,2022JJ00
GM0907,2.6,2023JJ00
GM0784,5.9,2013JJ00
GM0784,5.7,2014JJ00
GM0784,5.1,2015JJ00
GM0784,4.2,2016JJ00
GM0784,3.6,2017JJ00
GM0784,3.0,2018JJ00
GM0784,3.0,2019JJ00
GM0784,3.3,2020JJ00
GM0784,2.5,2021JJ00
GM0784,2.3,2022JJ00
GM0784,2.4,2023JJ00
GM1924,4.7,2013JJ00
GM1924,4.6,2014JJ00
GM1924,4.1,2015JJ00
GM1924,3.3,2016JJ00
GM1924,3.0,2017JJ00
GM1924,2.5,2018JJ00
GM1924,2.4,2019JJ00
GM1924,2.7,2020JJ00
GM1924,1.8,2021JJ00
GM1924,2.1,2022JJ00
GM1924,2.1,2023JJ00
GM0664,6.1,2013JJ00
GM0664,5.5,2014JJ00
GM0664,5.5,2015JJ00
GM0664,4.3,2016JJ00
GM0664,3.7,2017JJ00
GM0664,2.8,2018JJ00
GM0664,2.9,2019JJ00
GM0664,3.5,2020JJ00
GM0664,2.9,2021JJ00
GM0664,2.5,2022JJ00
GM0664,2.4,2023JJ00
GM0785,5.1,2013JJ00
GM0785,5.0,2014JJ00
GM0785,4.5,2015JJ00
GM0785,3.7,2016JJ00
GM0785,3.2,2017JJ00
GM0785,2.6,2018JJ00
GM0785,2.5,2019JJ00
GM0785,3.0,2020JJ00
GM0785,2.0,2021JJ00
GM0785,2.1,2022JJ00
GM0785,2.1,2023JJ00
GM1942,6.1,2013JJ00
GM1942,6.5,2014JJ00
GM1942,5.6,2015JJ00
GM1942,4.6,2016JJ00
GM1942,4.1,2017JJ00
GM1942,3.1,2018JJ00
GM1942,3.2,2019JJ00
GM1942,3.8,2020JJ00
GM1942,2.8,2021JJ00
GM1942,2.7,2022JJ00
GM1942,2.8,2023JJ00
GM0512,6.8,2013JJ00
GM0512,6.6,2014JJ00
GM0512,6.0,2015JJ00
GM0512,4.8,2016JJ00
GM0512,4.4,2017JJ00
GM0512,3.6,2018JJ00
GM0512,3.5,2019JJ00
GM0512,3.8,2020JJ00
GM0512,3.4,2021JJ00
GM0512,2.7,2022JJ00
GM0512,2.9,2023JJ00
GM0513,7.4,2013JJ00
GM0513,7.4,2014JJ00
GM0513,7.2,2015JJ00
GM0513,6.0,2016JJ00
GM0513,4.2,2017JJ00
GM0513,3.2,2018JJ00
GM0513,3.7,2019JJ00
GM0513,3.7,2020JJ00
GM0513,3.4,2021JJ00
GM0513,2.8,2022JJ00
GM0513,2.9,2023JJ00
GM0518,9.2,2013JJ00
GM0518,10.2,2014JJ00
GM0518,9.3,2015JJ00
GM0518,7.7,2016JJ00
GM0518,6.6,2017JJ00
GM0518,4.8,2018JJ00
GM0518,4.8,2019JJ00
GM0518,5.2,2020JJ00
GM0518,4.9,2021JJ00
GM0518,3.7,2022JJ00
GM0518,3.9,2023JJ00
GM0014,8.3,2013JJ00
GM0014,8.6,2014JJ00
GM0014,9.4,2015JJ00
GM0014,6.3,2016JJ00
GM0014,6.9,2017JJ00
GM0014,4.9,2018JJ00
GM0014,4.5,2019JJ00
GM0014,4.3,2020JJ00
GM0014,4.8,2021JJ00
GM0014,3.6,2022JJ00
GM0014,3.9,2023JJ00
GM1729,5.5,2013JJ00
GM1729,5.5,2014JJ00
GM1729,5.1,2015JJ00
GM1729,4.4,2016JJ00
GM1729,3.2,2017JJ00
GM1729,2.9,2018JJ00
GM1729,3.1,2019JJ00
GM1729,3.3,2020JJ00
GM1729,2.1,2021JJ00
GM1729,2.1,2022JJ00
GM1729,2.3,2023JJ00
GM0158,5.5,2013JJ00
GM0158,5.4,2014JJ00
GM0158,4.7,2015JJ00
GM0158,4.7,2016JJ00
GM0158,3.8,2017JJ00
GM0158,2.9,2018JJ00
GM0158,2.8,2019JJ00
GM0158,3.1,2020JJ00
GM0158,2.4,2021JJ00
GM0158,2.3,2022JJ00
GM0158,2.3,2023JJ00
GM0392,6.6,2013JJ00
GM0392,6.4,2014JJ00
GM0392,6.0,2015JJ00
GM0392,5.2,2016JJ00
GM0392,4.6,2017JJ00
GM0392,3.4,2018JJ00
GM0392,3.6,2019JJ00
GM0392,4.2,2020JJ00
GM0392,3.3,2021JJ00
GM0392,2.7,2022JJ00
GM0392,2.9,2023JJ00
GM0394,6.2,2013JJ00
GM0394,6.0,2014JJ00
GM0394,5.5,2015JJ00
GM0394,4.5,2016JJ00
GM0394,4.0,2017JJ00
GM0394,3.2,2018JJ00
GM0394,3.1,2019JJ00
GM0394,4.0,2020JJ00
GM0394,3.6,2021JJ00
GM0394,2.9,2022JJ00
GM0394,2.9,2023JJ00
GM1655,6.3,2013JJ00
GM1655,6.2,2014JJ00
GM1655,5.4,2015JJ00
GM1655,4.6,2016JJ00
GM1655,4.0,2017JJ00
GM1655,3.0,2018JJ00
GM1655,3.0,2019JJ00
GM1655,3.5,2020JJ00
GM1655,2.8,2021JJ00
GM1655,2.3,2022JJ00
GM1655,2.5,2023JJ00
GM0160,5.9,2013JJ00
GM0160,5.3,2014JJ00
GM0160,4.8,2015JJ00
GM0160,4.4,2016JJ00
GM0160,3.4,2017JJ00
GM0160,2.6,2018JJ00
GM0160,2.7,2019JJ00
GM0160,3.2,2020JJ00
GM0160,2.3,2021JJ00
GM0160,2.1,2022JJ00
GM0160,2.1,2023JJ00
GM0243,6.0,2013JJ00
GM0243,6.0,2014JJ00
GM0243,5.5,2015JJ00
GM0243,4.6,2016JJ00
GM0243,4.0,2017JJ00
GM0243,3.0,2018JJ00
GM0243,2.9,2019JJ00
GM0243,3.4,2020JJ00
GM0243,2.7,2021JJ00
GM0243,2.4,2022JJ00
GM0243,2.5,2023JJ00
GM0523,4.7,2013JJ00
GM0523,4.5,2014JJ00
GM0523,4.0,2015JJ00
GM0523,3.3,2016JJ00
GM0523,2.9,2017JJ00
GM0523,2.3,2018JJ00
GM0523,2.4,2019JJ00
GM0523,2.7,2020JJ00
GM0523,1.9,2021JJ00
GM0523,2.0,2022JJ00
GM0523,2.0,2023JJ00
GM0072,7.6,2013JJ00
GM0072,7.7,2014JJ00
GM0072,6.8,2015JJ00
GM0072,6.0,2016JJ00
GM0072,4.6,2017JJ00
GM0072,3.5,2018JJ00
GM0072,3.5,2019JJ00
GM0072,4.2,2020JJ00
GM0072,3.2,2021JJ00
GM0072,2.7,2022JJ00
GM0072,2.9,2023JJ00
GM0244,5.2,2013JJ00
GM0244,5.0,2014JJ00
GM0244,4.5,2015JJ00
GM0244,3.9,2016JJ00
GM0244,3.1,2017JJ00
GM0244,2.4,2018JJ00
GM0244,2.5,2019JJ00
GM0244,2.8,2020JJ00
GM0244,2.0,2021JJ00
GM0244,2.1,2022JJ00
GM0244,2.1,2023JJ00
GM0396,5.9,2013JJ00
GM0396,6.5,2014JJ00
GM0396,5.7,2015JJ00
GM0396,5.2,2016JJ00
GM0396,4.1,2017JJ00
GM0396,3.1,2018JJ00
GM0396,3.3,2019JJ00
GM0396,3.7,2020JJ00
GM0396,3.0,2021JJ00
GM0396,2.6,2022JJ00
GM0396,2.7,2023JJ00
GM0397,5.6,2013JJ00
GM0397,5.8,2014JJ00
GM0397,5.1,2015JJ00
GM0397,4.4,2016JJ00
GM0397,3.9,2017JJ00
GM0397,3.0,2018JJ00
GM0397,3.0,2019JJ00
GM0397,3.6,2020JJ00
GM0397,2.7,2021JJ00
GM0397,2.4,2022JJ00
GM0397,2.7,2023JJ00
GM0246,5.0,2013JJ00
GM0246,5.1,2014JJ00
GM0246,4.5,2015JJ00
GM0246,3.8,2016JJ00
GM0246,3.0,2017JJ00
GM0246,2.3,2018JJ00
GM0246,2.4,2019JJ00
GM0246,2.8,2020JJ00
GM0246,1.9,2021JJ00
GM0246,2.1,2022JJ00
GM0246,2.0,2023JJ00
GM0074,7.2,2013JJ00
GM0074,7.8,2014JJ00
GM0074,5.9,2015JJ00
GM0074,4.9,2016JJ00
GM0074,4.6,2017JJ00
GM0074,3.2,2018JJ00
GM0074,3.4,2019JJ00
GM0074,4.1,2020JJ00
GM0074,3.2,2021JJ00
GM0074,2.5,2022JJ00
GM0074,2.9,2023JJ00
GM0917,8.8,2013JJ00
GM0917,9.2,2014JJ00
GM0917,8.3,2015JJ00
GM0917,6.4,2016JJ00
GM0917,5.6,2017JJ00
GM0917,4.3,2018JJ00
GM0917,4.6,2019JJ00
GM0917,5.0,2020JJ00
GM0917,3.8,2021JJ00
GM0917,3.4,2022JJ00
GM0917,3.7,2023JJ00
GM1658,4.8,2013JJ00
GM1658,5.1,2014JJ00
GM1658,4.5,2015JJ00
GM1658,3.9,2016JJ00
GM1658,3.0,2017JJ00
GM1658,2.5,2018JJ00
GM1658,2.9,2019JJ00
GM1658,3.1,2020JJ00
GM1658,2.2,2021JJ00
GM1658,2.1,2022JJ00
GM1658,2.1,2023JJ00
GM0399,5.2,2013JJ00
GM0399,5.0,2014JJ00
GM0399,4.6,2015JJ00
GM0399,3.9,2016JJ00
GM0399,3.5,2017JJ00
GM0399,2.8,2018JJ00
GM0399,2.9,2019JJ00
GM0399,3.2,2020JJ00
GM0399,2.7,2021JJ00
GM0399,2.2,2022JJ00
GM0399,2.4,2023JJ00
GM0400,7.2,2013JJ00
GM0400,7.7,2014JJ00
GM0400,6.5,2015JJ00
GM0400,5.5,2016JJ00
GM0400,4.9,2017JJ00
GM0400,3.5,2018JJ00
GM0400,3.7,2019JJ00
GM0400,4.1,2020JJ00
GM0400,3.1,2021JJ00
GM0400,2.8,2022JJ00
GM0400,2.9,2023JJ00
GM0163,5.4,2013JJ00
GM0163,5.7,2014JJ00
GM0163,4.6,2015JJ00
GM0163,4.1,2016JJ00
GM0163,3.1,2017JJ00
GM0163,2.5,2018JJ00
GM0163,2.4,2019JJ00
GM0163,2.8,2020JJ00
GM0163,1.8,2021JJ00
GM0163,1.9,2022JJ00
GM0163,1.8,2023JJ00
GM0794,7.6,2013JJ00
GM0794,8.0,2014JJ00
GM0794,7.4,2015JJ00
GM0794,5.8,2016JJ00
GM0794,4.7,2017JJ00
GM0794,4.1,2018JJ00
GM0794,3.7,2019JJ00
GM0794,4.8,2020JJ00
GM0794,3.7,2021JJ00
GM0794,3.1,2022JJ00
GM0794,3.1,2023JJ00
GM0531,5.0,2013JJ00
GM0531,4.6,2014JJ00
GM0531,4.2,2015JJ00
GM0531,3.6,2016JJ00
GM0531,3.1,2017JJ00
GM0531,2.6,2018JJ00
GM0531,2.6,2019JJ00
GM0531,2.9,2020JJ00
GM0531,2.2,2021JJ00
GM0531,2.0,2022JJ00
GM0531,2.1,2023JJ00
GM0164,7.3,2013JJ00
GM0164,7.6,2014JJ00
GM0164,7.3,2015JJ00
GM0164,6.0,2016JJ00
GM0164,4.5,2017JJ00
GM0164,3.5,2018JJ00
GM0164,3.6,2019JJ00
GM0164,4.3,2020JJ00
GM0164,3.3,2021JJ00
GM0164,2.8,2022JJ00
GM0164,2.9,2023JJ00
GM0796,6.5,2013JJ00
GM0796,6.8,2014JJ00
GM0796,5.8,2015JJ00
GM0796,4.6,2016JJ00
GM0796,4.0,2017JJ00
GM0796,3.1,2018JJ00
GM0796,3.2,2019JJ00
GM0796,3.8,2020JJ00
GM0796,2.6,2021JJ00
GM0796,2.7,2022JJ00
GM0796,2.9,2023JJ00
GM0252,5.6,2013JJ00
GM0252,5.7,2014JJ00
GM0252,4.6,2015JJ00
GM0252,4.0,2016JJ00
GM0252,3.4,2017JJ00
GM0252,2.8,2018JJ00
GM0252,2.9,2019JJ00
GM0252,3.6,2020JJ00
GM0252,2.9,2021JJ00
GM0252,2.6,2022JJ00
GM0252,2.6,2023JJ00
GM0797,5.5,2013JJ00
GM0797,5.3,2014JJ00
GM0797,5.3,2015JJ00
GM0797,4.2,2016JJ00
GM0797,3.3,2017JJ00
GM0797,2.7,2018JJ00
GM0797,2.8,2019JJ00
GM0797,3.3,2020JJ00
GM0797,2.5,2021JJ00
GM0797,2.2,2022JJ00
GM0797,2.2,2023JJ00
GM0534,5.9,2013JJ00
GM0534,6.0,2014JJ00
GM0534,5.0,2015JJ00
GM0534,4.1,2016JJ00
GM0534,3.5,2017JJ00
GM0534,2.8,2018JJ00
GM0534,2.7,2019JJ00
GM0534,3.4,2020JJ00
GM0534,2.6,2021JJ00
GM0534,2.3,2022JJ00
GM0534,2.4,2023JJ00
GM0798,4.8,2013JJ00
GM0798,4.5,2014JJ00
GM0798,4.0,2015JJ00
GM0798,3.6,2016JJ00
GM0798,3.0,2017JJ00
GM0798,2.5,2018JJ00
GM0798,2.4,2019JJ00
GM0798,2.7,2020JJ00
GM0798,1.7,2021JJ00
GM0798,1.9,2022JJ00
GM0798,1.9,2023JJ00
GM0402,6.4,2013JJ00
GM0402,6.5,2014JJ00
GM0402,6.3,2015JJ00
GM0402,4.9,2016JJ00
GM0402,4.3,2017JJ00
GM0402,3.7,2018JJ00
GM0402,3.6,2019JJ00
GM0402,4.1,2020JJ00
GM0402,3.4,2021JJ00
GM0402,2.7,2022JJ00
GM0402,2.9,2023JJ00
GM1963,4.9,2013JJ00
GM1963,4.9,2014JJ00
GM1963,4.4,2015JJ00
GM1963,3.8,2016JJ00
GM1963,3.1,2017JJ00
GM1963,2.5,2018JJ00
GM1963,2.6,2019JJ00
GM1963,2.9,2020JJ00
GM1963,2.4,2021JJ00
GM1963,2.2,2022JJ00
GM1963,2.1,2023JJ00
GM1735,5.6,2013JJ00
GM1735,5.8,2014JJ00
GM1735,4.8,2015JJ00
GM1735,4.0,2016JJ00
GM1735,3.5,2017JJ00
GM1735,2.7,2018JJ00
GM1735,3.1,2019JJ00
GM1735,3.1,2020JJ00
GM1735,2.2,2021JJ00
GM1735,1.9,2022JJ00
GM1735,2.1,2023JJ00
GM1966,6.5,2013JJ00
GM1966,6.3,2014JJ00
GM1966,6.1,2015JJ00
GM1966,4.8,2016JJ00
GM1966,4.2,2017JJ00
GM1966,3.3,2018JJ00
GM1966,3.4,2019JJ00
GM1966,3.6,2020JJ00
GM1966,2.6,2021JJ00
GM1966,2.4,2022JJ00
GM1966,2.5,2023JJ00
GM1911,5.1,2013JJ00
GM1911,5.1,2014JJ00
GM1911,4.9,2015JJ00
GM1911,4.3,2016JJ00
GM1911,3.5,2017JJ00
GM1911,2.7,2018JJ00
GM1911,2.7,2019JJ00
GM1911,3.2,2020JJ00
GM1911,2.5,2021JJ00
GM1911,2.4,2022JJ00
GM1911,2.4,2023JJ00
GM0118,7.9,2013JJ00
GM0118,7.3,2014JJ00
GM0118,6.7,2015JJ00
GM0118,5.2,2016JJ00
GM0118,3.6,2017JJ00
GM0118,3.3,2018JJ00
GM0118,2.9,2019JJ00
GM0118,3.7,2020JJ00
GM0118,2.9,2021JJ00
GM0118,2.5,2022JJ00
GM0118,2.6,2023JJ00
GM0405,7.2,2013JJ00
GM0405,7.4,2014JJ00
GM0405,6.1,2015JJ00
GM0405,5.2,2016JJ00
GM0405,4.7,2017JJ00
GM0405,3.5,2018JJ00
GM0405,3.2,2019JJ00
GM0405,4.0,2020JJ00
GM0405,3.4,2021JJ00
GM0405,2.8,2022JJ00
GM0405,2.8,2023JJ00
GM1507,5.3,2013JJ00
GM1507,5.5,2014JJ00
GM1507,4.5,2015JJ00
GM1507,3.6,2016JJ00
GM1507,3.1,2017JJ00
GM1507,2.6,2018JJ00
GM1507,2.7,2019JJ00
GM1507,3.3,2020JJ00
GM1507,2.2,2021JJ00
GM1507,2.0,2022JJ00
GM1507,2.3,2023JJ00
GM0321,4.8,2013JJ00
GM0321,4.4,2014JJ00
GM0321,4.4,2015JJ00
GM0321,3.9,2016JJ00
GM0321,3.4,2017JJ00
GM0321,2.6,2018JJ00
GM0321,3.3,2019JJ00
GM0321,3.1,2020JJ00
GM0321,2.4,2021JJ00
GM0321,2.2,2022JJ00
GM0321,2.3,2023JJ00
GM0406,6.7,2013JJ00
GM0406,6.2,2014JJ00
GM0406,5.8,2015JJ00
GM0406,4.9,2016JJ00
GM0406,4.2,2017JJ00
GM0406,3.1,2018JJ00
GM0406,3.2,2019JJ00
GM0406,3.6,2020JJ00
GM0406,3.0,2021JJ00
GM0406,2.5,2022JJ00
GM0406,2.7,2023JJ00
GM0677,5.8,2013JJ00
GM0677,5.2,2014JJ00
GM0677,5.0,2015JJ00
GM0677,4.0,2016JJ00
GM0677,3.5,2017JJ00
GM0677,3.0,2018JJ00
GM0677,3.1,2019JJ00
GM0677,3.4,2020JJ00
GM0677,2.7,2021JJ00
GM0677,2.4,2022JJ00
GM0677,2.4,2023JJ00
GM0353,6.2,2013JJ00
GM0353,5.5,2014JJ00
GM0353,5.3,2015JJ00
GM0353,4.3,2016JJ00
GM0353,3.8,2017JJ00
GM0353,3.2,2018JJ00
GM0353,3.0,2019JJ00
GM0353,3.4,2020JJ00
GM0353,2.7,2021JJ00
GM0353,2.4,2022JJ00
GM0353,2.6,2023JJ00
GM1884,4.8,2013JJ00
GM1884,4.5,2014JJ00
GM1884,4.1,2015JJ00
GM1884,3.8,2016JJ00
GM1884,3.2,2017JJ00
GM1884,2.5,2018JJ00
GM1884,2.6,2019JJ00
GM1884,3.1,2020JJ00
GM1884,2.5,2021JJ00
GM1884,2.2,2022JJ00
GM1884,2.3,2023JJ00
GM0166,6.0,2013JJ00
GM0166,5.8,2014JJ00
GM0166,4.8,2015JJ00
GM0166,4.3,2016JJ00
GM0166,3.2,2017JJ00
GM0166,2.7,2018JJ00
GM0166,2.8,2019JJ00
GM0166,3.2,2020JJ00
GM0166,2.4,2021JJ00
GM0166,2.2,2022JJ00
GM0166,2.2,2023JJ00
GM0678,4.4,2013JJ00
GM0678,4.3,2014JJ00
GM0678,3.9,2015JJ00
GM0678,3.3,2016JJ00
GM0678,2.6,2017JJ00
GM0678,2.3,2018JJ00
GM0678,2.4,2019JJ00
GM0678,2.7,2020JJ00
GM0678,2.0,2021JJ00
GM0678,1.8,2022JJ00
GM0678,1.9,2023JJ00
GM0537,4.9,2013JJ00
GM0537,4.5,2014JJ00
GM0537,4.0,2015JJ00
GM0537,3.9,2016JJ00
GM0537,3.2,2017JJ00
GM0537,2.5,2018JJ00
GM0537,2.7,2019JJ00
GM0537,2.9,2020JJ00
GM0537,2.1,2021JJ00
GM0537,2.1,2022JJ00
GM0537,2.0,2023JJ00
GM0928,9.4,2013JJ00
GM0928,9.3,2014JJ00
GM0928,7.9,2015JJ00
GM0928,6.7,2016JJ00
GM0928,5.0,2017JJ00
GM0928,4.1,2018JJ00
GM0928,4.4,2019JJ00
GM0928,5.0,2020JJ00
GM0928,3.6,2021JJ00
GM0928,3.4,2022JJ00
GM0928,3.6,2023JJ00
GM1598,4.9,2013JJ00
GM1598,4.9,2014JJ00
GM1598,4.0,2015JJ00
GM1598,3.4,2016JJ00
GM1598,3.0,2017JJ00
GM1598,2.5,2018JJ00
GM1598,2.5,2019JJ00
GM1598,2.8,2020JJ00
GM1598,1.9,2021JJ00
GM1598,1.9,2022JJ00
GM1598,2.1,2023JJ00
GM0542,6.0,2013JJ00
GM0542,5.6,2014JJ00
GM0542,5.0,2015JJ00
GM0542,4.2,2016JJ00
GM0542,3.8,2017JJ00
GM0542,3.0,2018JJ00
GM0542,3.0,2019JJ00
GM0542,3.5,2020JJ00
GM0542,2.6,2021JJ00
GM0542,2.6,2022JJ00
GM0542,2.5,2023JJ00
GM1931,5.2,2013JJ00
GM1931,5.2,2014JJ00
GM1931,4.4,2015JJ00
GM1931,4.1,2016JJ00
GM1931,3.5,2017JJ00
GM1931,2.5,2018JJ00
GM1931,2.6,2019JJ00
GM1931,3.1,2020JJ00
GM1931,2.2,2021JJ00
GM1931,2.2,2022JJ00
GM1931,2.2,2023JJ00
GM1659,5.1,2013JJ00
GM1659,5.1,2014JJ00
GM1659,4.6,2015JJ00
GM1659,3.9,2016JJ00
GM1659,3.0,2017JJ00
GM1659,2.6,2018JJ00
GM1659,2.6,2019JJ00
GM1659,3.1,2020JJ00
GM1659,2.2,2021JJ00
GM1659,2.1,2022JJ00
GM1659,2.1,2023JJ00
GM1982,5.6,2013JJ00
GM1982,5.8,2014JJ00
GM1982,5.1,2015JJ00
GM1982,4.4,2016JJ00
GM1982,3.5,2017JJ00
GM1982,2.8,2018JJ00
GM1982,2.8,2019JJ00
GM1982,3.2,2020JJ00
GM1982,2.4,2021JJ00
GM1982,2.1,2022JJ00
GM1982,2.1,2023JJ00
GM0882,7.3,2013JJ00
GM0882,7.3,2014JJ00
GM0882,6.8,2015JJ00
GM0882,5.1,2016JJ00
GM0882,4.1,2017JJ00
GM0882,3.8,2018JJ00
GM0882,3.6,2019JJ00
GM0882,4.1,2020JJ00
GM0882,3.0,2021JJ00
GM0882,2.6,2022JJ00
GM0882,2.9,2023JJ00
GM0415,5.4,2013JJ00
GM0415,5.4,2014JJ00
GM0415,5.1,2015JJ00
GM0415,4.4,2016JJ00
GM0415,3.6,2017JJ00
GM0415,2.8,2018JJ00
GM0415,2.9,2019JJ00
GM0415,3.6,2020JJ00
GM0415,2.8,2021JJ00
GM0415,2.4,2022JJ00
GM0415,2.7,2023JJ00
GM1621,5.3,2013JJ00
GM1621,5.1,2014JJ00
GM1621,4.7,2015JJ00
GM1621,4.1,2016JJ00
GM1621,3.3,2017JJ00
GM1621,2.6,2018JJ00
GM1621,2.8,2019JJ00
GM1621,3.1,2020JJ00
GM1621,2.4,2021JJ00
GM1621,2.3,2022JJ00
GM1621,2.2,2023JJ00
GM0417,6.3,2013JJ00
GM0417,6.2,2014JJ00
GM0417,5.4,2015JJ00
GM0417,4.7,2016JJ00
GM0417,3.6,2017JJ00
GM0417,3.0,2018JJ00
GM0417,3.2,2019JJ00
GM0417,3.6,2020JJ00
GM0417,2.9,2021JJ00
GM0417,2.5,2022JJ00
GM0417,2.6,2023JJ00
GM0080,9.5,2013JJ00
GM0080,9.2,2014JJ00
GM0080,7.9,2015JJ00
GM0080,6.3,2016JJ00
GM0080,5.7,2017JJ00
GM0080,4.8,2018JJ00
GM0080,4.5,2019JJ00
GM0080,4.8,2020JJ00
GM0080,4.7,2021JJ00
GM0080,3.8,2022JJ00
GM0080,3.7,2023JJ00
GM0546,7.1,2013JJ00
GM0546,6.7,2014JJ00
GM0546,6.2,2015JJ00
GM0546,5.6,2016JJ00
GM0546,4.8,2017JJ00
GM0546,3.5,2018JJ00
GM0546,3.9,2019JJ00
GM0546,3.9,2020JJ00
GM0546,3.3,2021JJ00
GM0546,3.3,2022JJ00
GM0546,3.1,2023JJ00
GM0547,5.7,2013JJ00
GM0547,6.0,2014JJ00
GM0547,5.0,2015JJ00
GM0547,4.3,2016JJ00
GM0547,3.6,2017JJ00
GM0547,2.9,2018JJ00
GM0547,2.9,2019JJ00
GM0547,3.4,2020JJ00
GM0547,2.8,2021JJ00
GM0547,2.5,2022JJ00
GM0547,2.4,2023JJ00
GM1916,7.2,2013JJ00
GM1916,6.9,2014JJ00
GM1916,6.5,2015JJ00
GM1916,6.1,2016JJ00
GM1916,4.5,2017JJ00
GM1916,3.6,2018JJ00
GM1916,4.0,2019JJ00
GM1916,4.3,2020JJ00
GM1916,3.3,2021JJ00
GM1916,3.0,2022JJ00
GM1916,2.9,2023JJ00
GM0995,9.2,2013JJ00
GM0995,9.4,2014JJ00
GM0995,7.2,2015JJ00
GM0995,6.7,2016JJ00
GM0995,5.6,2017JJ00
GM0995,4.1,2018JJ00
GM0995,4.2,2019JJ00
GM0995,4.7,2020JJ00
GM0995,3.7,2021JJ00
GM0995,3.1,2022JJ00
GM0995,3.2,2023JJ00
GM1640,5.1,2013JJ00
GM1640,5.0,2014JJ00
GM1640,4.5,2015JJ00
GM1640,3.9,2016JJ00
GM1640,3.2,2017JJ00
GM1640,2.5,2018JJ00
GM1640,2.7,2019JJ00
GM1640,3.1,2020JJ00
GM1640,2.0,2021JJ00
GM1640,2.2,2022JJ00
GM1640,2.3,2023JJ00
GM0327,5.5,2013JJ00
GM0327,5.0,2014JJ00
GM0327,4.6,2015JJ00
GM0327,3.9,2016JJ00
GM0327,3.3,2017JJ00
GM0327,2.6,2018JJ00
GM0327,2.6,2019JJ00
GM0327,3.1,2020JJ00
GM0327,2.3,2021JJ00
GM0327,2.3,2022JJ00
GM0327,2.3,2023JJ00
GM1705,5.5,2013JJ00
GM1705,4.8,2014JJ00
GM1705,4.4,2015JJ00
GM1705,4.0,2016JJ00
GM1705,3.1,2017JJ00
GM1705,2.5,2018JJ00
GM1705,2.5,2019JJ00
GM1705,3.1,2020JJ00
GM1705,2.2,2021JJ00
GM1705,2.1,2022JJ00
GM1705,2.1,2023JJ00
GM0553,5.3,2013JJ00
GM0553,5.2,2014JJ00
GM0553,4.5,2015JJ00
GM0553,4.3,2016JJ00
GM0553,3.3,2017JJ00
GM0553,2.6,2018JJ00
GM0553,2.8,2019JJ00
GM0553,3.2,2020JJ00
GM0553,2.4,2021JJ00
GM0553,2.3,2022JJ00
GM0553,2.2,2023JJ00
GM0262,5.6,2013JJ00
GM0262,6.0,2014JJ00
GM0262,5.0,2015JJ00
GM0262,4.5,2016JJ00
GM0262,3.4,2017JJ00
GM0262,2.7,2018JJ00
GM0262,2.6,2019JJ00
GM0262,3.5,2020JJ00
GM0262,2.4,2021JJ00
GM0262,2.2,2022JJ00
GM0262,2.5,2023JJ00
GM0809,5.9,2013JJ00
GM0809,5.7,2014JJ00
GM0809,5.5,2015JJ00
GM0809,4.0,2016JJ00
GM0809,3.4,2017JJ00
GM0809,2.8,2018JJ00
GM0809,2.7,2019JJ00
GM0809,3.2,2020JJ00
GM0809,2.2,2021JJ00
GM0809,2.1,2022JJ00
GM0809,2.1,2023JJ00
GM0331,4.8,2013JJ00
GM0331,4.5,2014JJ00
GM0331,4.4,2015JJ00
GM0331,3.6,2016JJ00
GM0331,2.9,2017JJ00
GM0331,2.5,2018JJ00
GM0331,2.5,2019JJ00
GM0331,2.9,2020JJ00
GM0331,2.1,2021JJ00
GM0331,2.0,2022JJ00
GM0331,2.0,2023JJ00
GM0168,6.0,2013JJ00
GM0168,6.2,2014JJ00
GM0168,5.9,2015JJ00
GM0168,4.9,2016JJ00
GM0168,3.5,2017JJ00
GM0168,3.0,2018JJ00
GM0168,2.8,2019JJ00
GM0168,3.3,2020JJ00
GM0168,2.3,2021JJ00
GM0168,2.2,2022JJ00
GM0168,2.2,2023JJ00
GM0263,5.5,2013JJ00
GM0263,5.7,2014JJ00
GM0263,4.6,2015JJ00
GM0263,4.1,2016JJ00
GM0263,3.3,2017JJ00
GM0263,2.5,2018JJ00
GM0263,2.7,2019JJ00
GM0263,3.2,2020JJ00
GM0263,2.5,2021JJ00
GM0263,2.1,2022JJ00
GM0263,2.2,2023JJ00
GM1641,5.4,2013JJ00
GM1641,5.1,2014JJ00
GM1641,4.5,2015JJ00
GM1641,3.9,2016JJ00
GM1641,3.2,2017JJ00
GM1641,2.6,2018JJ00
GM1641,2.7,2019JJ00
GM1641,3.3,2020JJ00
GM1641,2.5,2021JJ00
GM1641,2.3,2022JJ00
GM1641,2.3,2023JJ00
GM1991,5.9,2013JJ00
GM1991,5.7,2014JJ00
GM1991,5.0,2015JJ00
GM1991,4.2,2016JJ00
GM1991,3.6,2017JJ00
GM1991,2.8,2018JJ00
GM1991,2.9,2019JJ00
GM1991,3.3,2020JJ00
GM1991,2.4,2021JJ00
GM1991,2.3,2022JJ00
GM1991,2.4,2023JJ00
GM0556,7.6,2013JJ00
GM0556,8.0,2014JJ00
GM0556,7.1,2015JJ00
GM0556,5.8,2016JJ00
GM0556,5.0,2017JJ00
GM0556,3.9,2018JJ00
GM0556,3.6,2019JJ00
GM0556,4.3,2020JJ00
GM0556,3.5,2021JJ00
GM0556,3.1,2022JJ00
GM0556,3.0,2023JJ00
GM0935,7.5,2013JJ00
GM0935,7.6,2014JJ00
GM0935,6.8,2015JJ00
GM0935,5.5,2016JJ00
GM0935,4.4,2017JJ00
GM0935,3.6,2018JJ00
GM0935,3.9,2019JJ00
GM0935,4.3,2020JJ00
GM0935,3.7,2021JJ00
GM0935,3.0,2022JJ00
GM0935,3.2,2023JJ00
GM0420,5.6,2013JJ00
GM0420,5.6,2014JJ00
GM0420,4.6,2015JJ00
GM0420,3.9,2016JJ00
GM0420,3.8,2017JJ00
GM0420,2.9,2018JJ00
GM0420,2.9,2019JJ00
GM0420,3.4,2020JJ00
GM0420,2.5,2021JJ00
GM0420,2.3,2022JJ00
GM0420,2.4,2023JJ00
GM0938,5.7,2013JJ00
GM0938,5.7,2014JJ00
GM0938,5.0,2015JJ00
GM0938,4.2,2016JJ00
GM0938,3.6,2017JJ00
GM0938,2.8,2018JJ00
GM0938,2.7,2019JJ00
GM0938,3.2,2020JJ00
GM0938,2.3,2021JJ00
GM0938,2.2,2022JJ00
GM0938,2.3,2023JJ00
GM1948,5.4,2013JJ00
GM1948,5.5,2014JJ00
GM1948,4.8,2015JJ00
GM1948,3.9,2016JJ00
GM1948,3.3,2017JJ00
GM1948,2.6,2018JJ00
GM1948,2.8,2019JJ00
GM1948,3.1,2020JJ00
GM1948,2.4,2021JJ00
GM1948,2.2,2022JJ00
GM1948,2.2,2023JJ00
GM0119,6.6,2013JJ00
GM0119,6.7,2014JJ00
GM0119,6.1,2015JJ00
GM0119,5.3,2016JJ00
GM0119,4.0,2017JJ00
GM0119,3.1,2018JJ00
GM0119,2.7,2019JJ00
GM0119,3.7,2020JJ00
GM0119,2.8,2021JJ00
GM0119,2.5,2022JJ00
GM0119,2.6,2023JJ00
GM0687,5.9,2013JJ00
GM0687,5.3,2014JJ00
GM0687,5.1,2015JJ00
GM0687,4.1,2016JJ00
GM0687,3.8,2017JJ00
GM0687,3.1,2018JJ00
GM0687,3.2,2019JJ00
GM0687,3.6,2020JJ00
GM0687,3.5,2021JJ00
GM0687,2.6,2022JJ00
GM0687,2.5,2023JJ00
GM1842,4.6,2013JJ00
GM1842,4.6,2014JJ00
GM1842,4.0,2015JJ00
GM1842,3.4,2016JJ00
GM1842,2.8,2017JJ00
GM1842,2.4,2018JJ00
GM1842,2.6,2019JJ00
GM1842,2.8,2020JJ00
GM1842,2.0,2021JJ00
GM1842,2.0,2022JJ00
GM1842,2.1,2023JJ00
GM1731,5.8,2013JJ00
GM1731,5.8,2014JJ00
GM1731,5.4,2015JJ00
GM1731,4.1,2016JJ00
GM1731,3.5,2017JJ00
GM1731,2.7,2018JJ00
GM1731,2.6,2019JJ00
GM1731,3.2,2020JJ00
GM1731,2.4,2021JJ00
GM1731,2.1,2022JJ00
GM1731,2.1,2023JJ00
GM1952,7.7,2013JJ00
GM1952,8.5,2014JJ00
GM1952,7.1,2015JJ00
GM1952,6.0,2016JJ00
GM1952,5.3,2017JJ00
GM1952,4.4,2018JJ00
GM1952,3.8,2019JJ00
GM1952,4.7,2020JJ00
GM1952,3.8,2021JJ00
GM1952,2.7,2022JJ00
GM1952,3.1,2023JJ00
GM1709,5.3,2013JJ00
GM1709,5.4,2014JJ00
GM1709,4.9,2015JJ00
GM1709,4.3,2016JJ00
GM1709,3.4,2017JJ00
GM1709,2.9,2018JJ00
GM1709,2.8,2019JJ00
GM1709,3.2,2020JJ00
GM1709,2.4,2021JJ00
GM1709,2.2,2022JJ00
GM1709,2.2,2023JJ00
GM1978,4.3,2013JJ00
GM1978,4.2,2014JJ00
GM1978,3.8,2015JJ00
GM1978,3.2,2016JJ00
GM1978,2.7,2017JJ00
GM1978,2.3,2018JJ00
GM1978,2.3,2019JJ00
GM1978,2.6,2020JJ00
GM1978,1.8,2021JJ00
GM1978,1.8,2022JJ00
GM1978,1.9,2023JJ00
GM1955,6.0,2013JJ00
GM1955,6.1,2014JJ00
GM1955,5.6,2015JJ00
GM1955,4.7,2016JJ00
GM1955,3.7,2017JJ00
GM1955,2.7,2018JJ00
GM1955,3.0,2019JJ00
GM1955,3.4,2020JJ00
GM1955,2.3,2021JJ00
GM1955,2.3,2022JJ00
GM1955,2.3,2023JJ00
GM0335,4.8,2013JJ00
GM0335,4.5,2014JJ00
GM0335,3.9,2015JJ00
GM0335,3.6,2016JJ00
GM0335,2.9,2017JJ00
GM0335,2.4,2018JJ00
GM0335,2.4,2019JJ00
GM0335,2.9,2020JJ00
GM0335,2.2,2021JJ00
GM0335,2.0,2022JJ00
GM0335,2.0,2023JJ00
GM0944,6.0,2013JJ00
GM0944,5.5,2014JJ00
GM0944,4.9,2015JJ00
GM0944,4.2,2016JJ00
GM0944,3.3,2017JJ00
GM0944,2.8,2018JJ00
GM0944,2.9,2019JJ00
GM0944,3.3,2020JJ00
GM0944,2.3,2021JJ00
GM0944,2.2,2022JJ00
GM0944,2.3,2023JJ00
GM1740,4.8,2013JJ00
GM1740,4.9,2014JJ00
GM1740,4.2,2015JJ00
GM1740,3.7,2016JJ00
GM1740,2.9,2017JJ00
GM1740,2.5,2018JJ00
GM1740,2.5,2019JJ00
GM1740,2.8,2020JJ00
GM1740,1.8,2021JJ00
GM1740,2.1,2022JJ00
GM1740,1.9,2023JJ00
GM0946,5.4,2013JJ00
GM0946,4.8,2014JJ00
GM0946,4.5,2015JJ00
GM0946,3.6,2016JJ00
GM0946,3.0,2017JJ00
GM0946,2.4,2018JJ00
GM0946,2.4,2019JJ00
GM0946,2.9,2020JJ00
GM0946,2.0,2021JJ00
GM0946,2.1,2022JJ00
GM0946,2.0,2023JJ00
GM0356,6.9,2013JJ00
GM0356,5.9,2014JJ00
GM0356,5.7,2015JJ00
GM0356,4.8,2016JJ00
GM0356,4.4,2017JJ00
GM0356,3.4,2018JJ00
GM0356,3.4,2019JJ00
GM0356,4.0,2020JJ00
GM0356,3.2,2021JJ00
GM0356,2.9,2022JJ00
GM0356,3.0,2023JJ00
GM0569,4.7,2013JJ00
GM0569,4.7,2014JJ00
GM0569,4.0,2015JJ00
GM0569,3.7,2016JJ00
GM0569,2.9,2017JJ00
GM0569,2.3,2018JJ00
GM0569,2.4,2019JJ00
GM0569,2.8,2020JJ00
GM0569,2.2,2021JJ00
GM0569,2.0,2022JJ00
GM0569,2.2,2023JJ00
GM0267,5.5,2013JJ00
GM0267,5.3,2014JJ00
GM0267,4.2,2015JJ00
GM0267,3.8,2016JJ00
GM0267,3.0,2017JJ00
GM0267,2.5,2018JJ00
GM0267,2.6,2019JJ00
GM0267,3.0,2020JJ00
GM0267,2.0,2021JJ00
GM0267,2.1,2022JJ00
GM0267,2.1,2023JJ00
GM0268,8.0,2013JJ00
GM0268,8.1,2014JJ00
GM0268,7.3,2015JJ00
GM0268,6.3,2016JJ00
GM0268,4.3,2017JJ00
GM0268,3.6,2018JJ00
GM0268,3.4,2019JJ00
GM0268,4.1,2020JJ00
GM0268,3.3,2021JJ00
GM0268,3.6,2022JJ00
GM0268,3.1,2023JJ00
GM1930,6.7,2013JJ00
GM1930,7.2,2014JJ00
GM1930,6.7,2015JJ00
GM1930,5.7,2016JJ00
GM1930,4.6,2017JJ00
GM1930,3.6,2018JJ00
GM1930,3.7,2019JJ00
GM1930,4.4,2020JJ00
GM1930,3.9,2021JJ00
GM1930,2.9,2022JJ00
GM1930,3.0,2023JJ00
GM1970,6.6,2013JJ00
GM1970,6.5,2014JJ00
GM1970,5.5,2015JJ00
GM1970,4.6,2016JJ00
GM1970,3.6,2017JJ00
GM1970,3.0,2018JJ00
GM1970,2.9,2019JJ00
GM1970,3.5,2020JJ00
GM1970,2.6,2021JJ00
GM1970,2.3,2022JJ00
GM1970,2.7,2023JJ00
GM1695,6.1,2013JJ00
GM1695,5.8,2014JJ00
GM1695,4.9,2015JJ00
GM1695,4.0,2016JJ00
GM1695,3.4,2017JJ00
GM1695,2.9,2018JJ00
GM1695,3.0,2019JJ00
GM1695,3.3,2020JJ00
GM1695,2.5,2021JJ00
GM1695,2.3,2022JJ00
GM1695,2.4,2023JJ00
GM1699,5.6,2013JJ00
GM1699,5.8,2014JJ00
GM1699,5.4,2015JJ00
GM1699,4.5,2016JJ00
GM1699,3.7,2017JJ00
GM1699,2.9,2018JJ00
GM1699,2.9,2019JJ00
GM1699,3.4,2020JJ00
GM1699,2.5,2021JJ00
GM1699,2.3,2022JJ00
GM1699,2.3,2023JJ00
GM0171,6.6,2013JJ00
GM0171,6.7,2014JJ00
GM0171,5.7,2015JJ00
GM0171,4.7,2016JJ00
GM0171,3.7,2017JJ00
GM0171,3.2,2018JJ00
GM0171,3.0,2019JJ00
GM0171,3.5,2020JJ00
GM0171,2.6,2021JJ00
GM0171,2.5,2022JJ00
GM0171,2.5,2023JJ00
GM0575,5.3,2013JJ00
GM0575,5.5,2014JJ00
GM0575,4.8,2015JJ00
GM0575,4.1,2016JJ00
GM0575,3.4,2017JJ00
GM0575,2.6,2018JJ00
GM0575,2.8,2019JJ00
GM0575,3.3,2020JJ00
GM0575,2.5,2021JJ00
GM0575,2.4,2022JJ00
GM0575,2.5,2023JJ00
GM0820,6.0,2013JJ00
GM0820,5.6,2014JJ00
GM0820,5.3,2015JJ00
GM0820,4.0,2016JJ00
GM0820,3.3,2017JJ00
GM0820,2.7,2018JJ00
GM0820,2.7,2019JJ00
GM0820,3.3,2020JJ00
GM0820,2.5,2021JJ00
GM0820,2.3,2022JJ00
GM0820,2.2,2023JJ00
GM0302,5.3,2013JJ00
GM0302,4.9,2014JJ00
GM0302,4.0,2015JJ00
GM0302,3.6,2016JJ00
GM0302,2.8,2017JJ00
GM0302,2.3,2018JJ00
GM0302,2.3,2019JJ00
GM0302,2.7,2020JJ00
GM0302,1.9,2021JJ00
GM0302,1.9,2022JJ00
GM0302,1.9,2023JJ00
GM0579,5.3,2013JJ00
GM0579,5.4,2014JJ00
GM0579,4.8,2015JJ00
GM0579,4.2,2016JJ00
GM0579,3.5,2017JJ00
GM0579,2.8,2018JJ00
GM0579,2.9,2019JJ00
GM0579,3.3,2020JJ00
GM0579,2.7,2021JJ00
GM0579,2.4,2022JJ00
GM0579,2.6,2023JJ00
GM0823,4.8,2013JJ00
GM0823,4.8,2014JJ00
GM0823,4.2,2015JJ00
GM0823,3.7,2016JJ00
GM0823,3.0,2017JJ00
GM0823,2.3,2018JJ00
GM0823,2.5,2019JJ00
GM0823,2.9,2020JJ00
GM0823,1.9,2021JJ00
GM0823,1.9,2022JJ00
GM0823,1.9,2023JJ00
GM0824,5.4,2013JJ00
GM0824,5.5,2014JJ00
GM0824,4.9,2015JJ00
GM0824,3.9,2016JJ00
GM0824,3.2,2017JJ00
GM0824,2.6,2018JJ00
GM0824,2.6,2019JJ00
GM0824,3.0,2020JJ00
GM0824,2.1,2021JJ00
GM0824,2.0,2022JJ00
GM0824,2.1,2023JJ00
GM1895,7.7,2013JJ00
GM1895,8.3,2014JJ00
GM1895,7.5,2015JJ00
GM1895,6.3,2016JJ00
GM1895,6.1,2017JJ00
GM1895,4.4,2018JJ00
GM1895,4.0,2019JJ00
GM1895,4.7,2020JJ00
GM1895,3.4,2021JJ00
GM1895,2.8,2022JJ00
GM1895,3.2,2023JJ00
GM0269,5.0,2013JJ00
GM0269,5.0,2014JJ00
GM0269,4.3,2015JJ00
GM0269,4.1,2016JJ00
GM0269,3.1,2017JJ00
GM0269,2.4,2018JJ00
GM0269,2.5,2019JJ00
GM0269,2.9,2020JJ00
GM0269,1.9,2021JJ00
GM0269,2.0,2022JJ00
GM0269,1.9,2023JJ00
GM0173,6.1,2013JJ00
GM0173,6.1,2014JJ00
GM0173,5.2,2015JJ00
GM0173,4.8,2016JJ00
GM0173,3.7,2017JJ00
GM0173,2.9,2018JJ00
GM0173,3.0,2019JJ00
GM0173,3.3,2020JJ00
GM0173,2.9,2021JJ00
GM0173,2.2,2022JJ00
GM0173,2.3,2023JJ00
GM1773,5.4,2013JJ00
GM1773,5.4,2014JJ00
GM1773,4.8,2015JJ00
GM1773,3.8,2016JJ00
GM1773,3.2,2017JJ00
GM1773,2.6,2018JJ00
GM1773,2.7,2019JJ00
GM1773,3.1,2020JJ00
GM1773,2.3,2021JJ00
GM1773,2.2,2022JJ00
GM1773,2.3,2023JJ00
GM0175,5.7,2013JJ00
GM0175,5.1,2014JJ00
GM0175,4.5,2015JJ00
GM0175,4.1,2016JJ00
GM0175,3.4,2017JJ00
GM0175,2.6,2018JJ00
GM0175,2.8,2019JJ00
GM0175,3.1,2020JJ00
GM0175,2.3,2021JJ00
GM0175,2.2,2022JJ00
GM0175,2.3,2023JJ00
GM1586,5.1,2013JJ00
GM1586,5.2,2014JJ00
GM1586,4.3,2015JJ00
GM1586,3.8,2016JJ00
GM1586,3.1,2017JJ00
GM1586,2.4,2018JJ00
GM1586,2.3,2019JJ00
GM1586,2.8,2020JJ00
GM1586,1.8,2021JJ00
GM1586,2.0,2022JJ00
GM1586,2.0,2023JJ00
GM0826,6.5,2013JJ00
GM0826,6.6,2014JJ00
GM0826,6.4,2015JJ00
GM0826,5.3,2016JJ00
GM0826,4.0,2017JJ00
GM0826,3.1,2018JJ00
GM0826,3.2,2019JJ00
GM0826,3.7,2020JJ00
GM0826,2.8,2021JJ00
GM0826,2.4,2022JJ00
GM0826,2.5,2023JJ00
GM0085,7.0,2013JJ00
GM0085,6.8,2014JJ00
GM0085,5.6,2015JJ00
GM0085,5.2,2016JJ00
GM0085,3.9,2017JJ00
GM0085,3.0,2018JJ00
GM0085,3.1,2019JJ00
GM0085,3.7,2020JJ00
GM0085,2.9,2021JJ00
GM0085,2.4,2022JJ00
GM0085,2.6,2023JJ00
GM0431,5.0,2013JJ00
GM0431,5.1,2014JJ00
GM0431,4.3,2015JJ00
GM0431,3.9,2016JJ00
GM0431,3.1,2017JJ00
GM0431,2.7,2018JJ00
GM0431,2.7,2019JJ00
GM0431,3.0,2020JJ00
GM0431,2.4,2021JJ00
GM0431,2.3,2022JJ00
GM0431,2.3,2023JJ00
GM0432,5.0,2013JJ00
GM0432,4.8,2014JJ00
GM0432,4.3,2015JJ00
GM0432,3.7,2016JJ00
GM0432,3.1,2017JJ00
GM0432,2.5,2018JJ00
GM0432,2.4,2019JJ00
GM0432,3.0,2020JJ00
GM0432,2.1,2021JJ00
GM0432,2.1,2022JJ00
GM0432,2.1,2023JJ00
GM0086,6.6,2013JJ00
GM0086,6.6,2014JJ00
GM0086,5.4,2015JJ00
GM0086,4.6,2016JJ00
GM0086,3.6,2017JJ00
GM0086,2.8,2018JJ00
GM0086,2.7,2019JJ00
GM0086,3.4,2020JJ00
GM0086,2.5,2021JJ00
GM0086,2.3,2022JJ00
GM0086,2.4,2023JJ00
GM0828,6.4,2013JJ00
GM0828,6.6,2014JJ00
GM0828,5.6,2015JJ00
GM0828,4.6,2016JJ00
GM0828,3.9,2017JJ00
GM0828,3.4,2018JJ00
GM0828,3.1,2019JJ00
GM0828,3.5,2020JJ00
GM0828,3.2,2021JJ00
GM0828,2.6,2022JJ00
GM0828,2.7,2023JJ00
GM1509,5.9,2013JJ00
GM1509,5.9,2014JJ00
GM1509,5.9,2015JJ00
GM1509,5.1,2016JJ00
GM1509,3.8,2017JJ00
GM1509,3.0,2018JJ00
GM1509,2.8,2019JJ00
GM1509,3.3,2020JJ00
GM1509,2.4,2021JJ00
GM1509,2.3,2022JJ00
GM1509,2.5,2023JJ00
GM0437,5.6,2013JJ00
GM0437,5.9,2014JJ00
GM0437,5.3,2015JJ00
GM0437,4.7,2016JJ00
GM0437,4.1,2017JJ00
GM0437,3.3,2018JJ00
GM0437,3.5,2019JJ00
GM0437,4.0,2020JJ00
GM0437,3.3,2021JJ00
GM0437,2.7,2022JJ00
GM0437,2.8,2023JJ00
GM0589,4.7,2013JJ00
GM0589,4.3,2014JJ00
GM0589,4.2,2015JJ00
GM0589,3.5,2016JJ00
GM0589,3.0,2017JJ00
GM0589,2.5,2018JJ00
GM0589,2.4,2019JJ00
GM0589,2.8,2020JJ00
GM0589,2.0,2021JJ00
GM0589,2.0,2022JJ00
GM0589,2.1,2023JJ00
GM1734,5.6,2013JJ00
GM1734,5.3,2014JJ00
GM1734,4.5,2015JJ00
GM1734,4.0,2016JJ00
GM1734,3.6,2017JJ00
GM1734,2.6,2018JJ00
GM1734,2.6,2019JJ00
GM1734,3.0,2020JJ00
GM1734,2.2,2021JJ00
GM1734,2.3,2022JJ00
GM1734,2.0,2023JJ00
GM0590,5.1,2013JJ00
GM0590,5.3,2014JJ00
GM0590,4.7,2015JJ00
GM0590,4.1,2016JJ00
GM0590,3.3,2017JJ00
GM0590,2.9,2018JJ00
GM0590,2.9,2019JJ00
GM0590,3.4,2020JJ00
GM0590,2.8,2021JJ00
GM0590,2.5,2022JJ00
GM0590,2.5,2023JJ00
GM1894,5.5,2013JJ00
GM1894,5.2,2014JJ00
GM1894,4.5,2015JJ00
GM1894,3.7,2016JJ00
GM1894,2.9,2017JJ00
GM1894,2.4,2018JJ00
GM1894,2.5,2019JJ00
GM1894,3.1,2020JJ00
GM1894,2.2,2021JJ00
GM1894,2.2,2022JJ00
GM1894,2.2,2023JJ00
GM0765,7.9,2013JJ00
GM0765,8.3,2014JJ00
GM0765,8.0,2015JJ00
GM0765,6.1,2016JJ00
GM0765,5.2,2017JJ00
GM0765,4.2,2018JJ00
GM0765,3.8,2019JJ00
GM0765,4.5,2020JJ00
GM0765,3.4,2021JJ00
GM0765,3.0,2022JJ00
GM0765,3.0,2023JJ00
GM1926,5.2,2013JJ00
GM1926,5.0,2014JJ00
GM1926,4.7,2015JJ00
GM1926,4.2,2016JJ00
GM1926,3.3,2017JJ00
GM1926,2.7,2018JJ00
GM1926,2.8,2019JJ00
GM1926,3.4,2020JJ00
GM1926,2.4,2021JJ00
GM1926,2.1,2022JJ00
GM1926,2.3,2023JJ00
GM0439,6.5,2013JJ00
GM0439,6.7,2014JJ00
GM0439,5.5,2015JJ00
GM0439,4.7,2016JJ00
GM0439,4.3,2017JJ00
GM0439,3.3,2018JJ00
GM0439,3.1,2019JJ00
GM0439,4.1,2020JJ00
GM0439,3.4,2021JJ00
GM0439,2.8,2022JJ00
GM0439,2.9,2023JJ00
GM0273,4.8,2013JJ00
GM0273,4.7,2014JJ00
GM0273,4.1,2015JJ00
GM0273,3.8,2016JJ00
GM0273,2.8,2017JJ00
GM0273,2.3,2018JJ00
GM0273,2.3,2019JJ00
GM0273,2.7,2020JJ00
GM0273,1.9,2021JJ00
GM0273,1.9,2022JJ00
GM0273,1.9,2023JJ00
GM0177,5.0,2013JJ00
GM0177,4.9,2014JJ00
GM0177,4.5,2015JJ00
GM0177,4.2,2016JJ00
GM0177,3.0,2017JJ00
GM0177,2.5,2018JJ00
GM0177,2.5,2019JJ00
GM0177,2.8,2020JJ00
GM0177,2.0,2021JJ00
GM0177,1.8,2022JJ00
GM0177,1.9,2023JJ00
GM0703,5.2,2013JJ00
GM0703,4.9,2014JJ00
GM0703,4.6,2015JJ00
GM0703,4.0,2016JJ00
GM0703,3.1,2017JJ00
GM0703,2.7,2018JJ00
GM0703,2.7,2019JJ00
GM0703,3.1,2020JJ00
GM0703,2.4,2021JJ00
GM0703,2.0,2022JJ00
GM0703,2.0,2023JJ00
GM0274,6.2,2013JJ00
GM0274,6.1,2014JJ00
GM0274,5.5,2015JJ00
GM0274,4.4,2016JJ00
GM0274,4.0,2017JJ00
GM0274,3.0,2018JJ00
GM0274,3.0,2019JJ00
GM0274,3.7,2020JJ00
GM0274,2.9,2021JJ00
GM0274,2.6,2022JJ00
GM0274,2.7,2023JJ00
GM0339,4.4,2013JJ00
GM0339,4.3,2014JJ00
GM0339,3.6,2015JJ00
GM0339,3.1,2016JJ00
GM0339,2.6,2017JJ00
GM0339,2.1,2018JJ00
GM0339,2.2,2019JJ00
GM0339,2.4,2020JJ00
GM0339,1.7,2021JJ00
GM0339,1.8,2022JJ00
GM0339,1.8,2023JJ00
GM1667,4.9,2013JJ00
GM1667,4.6,2014JJ00
GM1667,3.9,2015JJ00
GM1667,3.4,2016JJ00
GM1667,2.9,2017JJ00
GM1667,2.3,2018JJ00
GM1667,2.4,2019JJ00
GM1667,2.8,2020JJ00
GM1667,1.8,2021JJ00
GM1667,2.0,2022JJ00
GM1667,2.0,2023JJ00
GM0275,6.7,2013JJ00
GM0275,6.9,2014JJ00
GM0275,6.2,2015JJ00
GM0275,5.6,2016JJ00
GM0275,4.3,2017JJ00
GM0275,3.2,2018JJ00
GM0275,3.3,2019JJ00
GM0275,4.1,2020JJ00
GM0275,3.2,2021JJ00
GM0275,3.3,2022JJ00
GM0275,2.9,2023JJ00
GM0340,6.0,2013JJ00
GM0340,5.8,2014JJ00
GM0340,5.0,2015JJ00
GM0340,4.1,2016JJ00
GM0340,3.5,2017JJ00
GM0340,2.7,2018JJ00
GM0340,2.8,2019JJ00
GM0340,3.2,2020JJ00
GM0340,2.4,2021JJ00
GM0340,2.4,2022JJ00
GM0340,2.4,2023JJ00
GM0597,6.5,2013JJ00
GM0597,6.6,2014JJ00
GM0597,5.7,2015JJ00
GM0597,4.7,2016JJ00
GM0597,3.9,2017JJ00
GM0597,3.1,2018JJ00
GM0597,3.5,2019JJ00
GM0597,4.0,2020JJ00
GM0597,3.6,2021JJ00
GM0597,2.7,2022JJ00
GM0597,2.8,2023JJ00
GM1742,5.8,2013JJ00
GM1742,5.2,2014JJ00
GM1742,4.4,2015JJ00
GM1742,4.0,2016JJ00
GM1742,3.0,2017JJ00
GM1742,2.4,2018JJ00
GM1742,2.3,2019JJ00
GM1742,2.6,2020JJ00
GM1742,2.1,2021JJ00
GM1742,1.9,2022JJ00
GM1742,1.8,2023JJ00
GM0603,7.8,2013JJ00
GM0603,7.9,2014JJ00
GM0603,7.2,2015JJ00
GM0603,6.3,2016JJ00
GM0603,5.1,2017JJ00
GM0603,3.8,2018JJ00
GM0603,3.9,2019JJ00
GM0603,4.5,2020JJ00
GM0603,3.9,2021JJ00
GM0603,3.3,2022JJ00
GM0603,3.1,2023JJ00
GM1669,5.8,2013JJ00
GM1669,5.6,2014JJ00
GM1669,5.0,2015JJ00
GM1669,4.4,2016JJ00
GM1669,3.6,2017JJ00
GM1669,2.9,2018JJ00
GM1669,2.9,2019JJ00
GM1669,3.6,2020JJ00
GM1669,2.7,2021JJ00
GM1669,2.4,2022JJ00
GM1669,2.5,2023JJ00
GM0957,6.8,2013JJ00
GM0957,6.7,2014JJ00
GM0957,6.3,2015JJ00
GM0957,5.6,2016JJ00
GM0957,4.5,2017JJ00
GM0957,3.7,2018JJ00
GM0957,4.0,2019JJ00
GM0957,4.5,2020JJ00
GM0957,3.9,2021JJ00
GM0957,3.2,2022JJ00
GM0957,3.2,2023JJ00
GM0736,5.2,2013JJ00
GM0736,5.0,2014JJ00
GM0736,4.6,2015JJ00
GM0736,3.9,2016JJ00
GM0736,3.3,2017JJ00
GM0736,2.7,2018JJ00
GM0736,2.8,2019JJ00
GM0736,3.3,2020JJ00
GM0736,2.6,2021JJ00
GM0736,2.5,2022JJ00
GM0736,2.5,2023JJ00
GM1674,6.7,2013JJ00
GM1674,6.7,2014JJ00
GM1674,6.3,2015JJ00
GM1674,4.8,2016JJ00
GM1674,4.7,2017JJ00
GM1674,3.6,2018JJ00
GM1674,3.3,2019JJ00
GM1674,4.0,2020JJ00
GM1674,3.3,2021JJ00
GM1674,2.8,2022JJ00
GM1674,2.9,2023JJ00
GM0599,11.8,2013JJ00
GM0599,11.9,2014JJ00
GM0599,10.5,2015JJ00
GM0599,9.6,2016JJ00
GM0599,7.5,2017JJ00
GM0599,5.0,2018JJ00
GM0599,5.7,2019JJ00
GM0599,5.2,2020JJ00
GM0599,5.7,2021JJ00
GM0599,4.6,2022JJ00
GM0599,4.3,2023JJ00
GM0277,5.4,2013JJ00
GM0277,4.2,2014JJ00
GM0277,4.2,2015JJ00
GM0277,3.7,2016JJ00
GM0277,2.7,2017JJ00
GM0277,2.3,2018JJ00
GM0277,2.6,2019JJ00
GM0277,2.9,2020JJ00
GM0277,1.6,2021JJ00
GM0277,1.6,2022JJ00
GM0277,1.7,2023JJ00
GM0840,5.9,2013JJ00
GM0840,5.9,2014JJ00
GM0840,5.0,2015JJ00
GM0840,4.4,2016JJ00
GM0840,3.5,2017JJ00
GM0840,2.8,2018JJ00
GM0840,2.7,2019JJ00
GM0840,3.2,2020JJ00
GM0840,2.1,2021JJ00
GM0840,2.3,2022JJ00
GM0840,2.2,2023JJ00
GM0441,5.2,2013JJ00
GM0441,5.2,2014JJ00
GM0441,4.5,2015JJ00
GM0441,3.8,2016JJ00
GM0441,3.5,2017JJ00
GM0441,2.7,2018JJ00
GM0441,2.7,2019JJ00
GM0441,3.2,2020JJ00
GM0441,2.1,2021JJ00
GM0441,2.1,2022JJ00
GM0441,2.2,2023JJ00
GM0279,4.5,2013JJ00
GM0279,4.6,2014JJ00
GM0279,4.0,2015JJ00
GM0279,3.4,2016JJ00
GM0279,2.9,2017JJ00
GM0279,2.3,2018JJ00
GM0279,2.3,2019JJ00
GM0279,2.6,2020JJ00
GM0279,1.9,2021JJ00
GM0279,1.9,2022JJ00
GM0279,1.9,2023JJ00
GM0606,9.0,2013JJ00
GM0606,10.0,2014JJ00
GM0606,8.9,2015JJ00
GM0606,7.1,2016JJ00
GM0606,5.8,2017JJ00
GM0606,4.4,2018JJ00
GM0606,4.5,2019JJ00
GM0606,5.0,2020JJ00
GM0606,4.3,2021JJ00
GM0606,3.8,2022JJ00
GM0606,3.6,2023JJ00
GM0088,5.2,2013JJ00
GM0088,4.9,2014JJ00
GM0088,4.0,2015JJ00
GM0088,3.5,2016JJ00
GM0088,3.5,2017JJ00
GM0088,2.9,2018JJ00
GM0088,2.9,2019JJ00
GM0088,4.0,2020JJ00
GM0088,2.5,2021JJ00
GM0088,2.1,2022JJ00
GM0088,2.5,2023JJ00
GM1676,4.8,2013JJ00
GM1676,4.6,2014JJ00
GM1676,4.4,2015JJ00
GM1676,3.6,2016JJ00
GM1676,3.3,2017JJ00
GM1676,2.6,2018JJ00
GM1676,2.6,2019JJ00
GM1676,2.9,2020JJ00
GM1676,2.4,2021JJ00
GM1676,2.1,2022JJ00
GM1676,2.0,2023JJ00
GM0965,6.0,2013JJ00
GM0965,5.6,2014JJ00
GM0965,5.4,2015JJ00
GM0965,4.0,2016JJ00
GM0965,3.4,2017JJ00
GM0965,2.9,2018JJ00
GM0965,2.9,2019JJ00
GM0965,3.5,2020JJ00
GM0965,2.7,2021JJ00
GM0965,2.3,2022JJ00
GM0965,2.4,2023JJ00
GM0845,4.9,2013JJ00
GM0845,4.9,2014JJ00
GM0845,4.3,2015JJ00
GM0845,3.6,2016JJ00
GM0845,3.0,2017JJ00
GM0845,2.7,2018JJ00
GM0845,2.5,2019JJ00
GM0845,2.9,2020JJ00
GM0845,1.9,2021JJ00
GM0845,2.0,2022JJ00
GM0845,2.0,2023JJ00
GM1883,7.6,2013JJ00
GM1883,7.1,2014JJ00
GM1883,6.4,2015JJ00
GM1883,5.0,2016JJ00
GM1883,4.4,2017JJ00
GM1883,3.3,2018JJ00
GM1883,3.5,2019JJ00
GM1883,4.2,2020JJ00
GM1883,3.6,2021JJ00
GM1883,3.1,2022JJ00
GM1883,3.1,2023JJ00
GM0610,5.2,2013JJ00
GM0610,4.7,2014JJ00
GM0610,4.3,2015JJ00
GM0610,3.9,2016JJ00
GM0610,3.4,2017JJ00
GM0610,2.9,2018JJ00
GM0610,2.9,2019JJ00
GM0610,3.4,2020JJ00
GM0610,2.7,2021JJ00
GM0610,2.4,2022JJ00
GM0610,2.4,2023JJ00
GM1714,5.3,2013JJ00
GM1714,5.0,2014JJ00
GM1714,4.9,2015JJ00
GM1714,4.0,2016JJ00
GM1714,3.7,2017JJ00
GM1714,2.9,2018JJ00
GM1714,3.2,2019JJ00
GM1714,3.5,2020JJ00
GM1714,2.8,2021JJ00
GM1714,2.4,2022JJ00
GM1714,2.6,2023JJ00
GM0090,8.3,2013JJ00
GM0090,8.4,2014JJ00
GM0090,6.9,2015JJ00
GM0090,6.1,2016JJ00
GM0090,4.3,2017JJ00
GM0090,3.3,2018JJ00
GM0090,3.4,2019JJ00
GM0090,4.7,2020JJ00
GM0090,3.4,2021JJ00
GM0090,2.8,2022JJ00
GM0090,3.2,2023JJ00
GM0342,6.8,2013JJ00
GM0342,6.4,2014JJ00
GM0342,6.0,2015JJ00
GM0342,4.8,2016JJ00
GM0342,4.0,2017JJ00
GM0342,3.3,2018JJ00
GM0342,3.5,2019JJ00
GM0342,3.6,2020JJ00
GM0342,2.8,2021JJ00
GM0342,2.7,2022JJ00
GM0342,2.6,2023JJ00
GM0847,5.4,2013JJ00
GM0847,5.5,2014JJ00
GM0847,5.0,2015JJ00
GM0847,4.1,2016JJ00
GM0847,3.1,2017JJ00
GM0847,2.7,2018JJ00
GM0847,2.7,2019JJ00
GM0847,3.3,2020JJ00
GM0847,2.3,2021JJ00
GM0847,2.2,2022JJ00
GM0847,2.3,2023JJ00
GM0848,5.5,2013JJ00
GM0848,5.1,2014JJ00
GM0848,5.0,2015JJ00
GM0848,4.2,2016JJ00
GM0848,3.1,2017JJ00
GM0848,2.7,2018JJ00
GM0848,2.7,2019JJ00
GM0848,3.3,2020JJ00
GM0848,2.3,2021JJ00
GM0848,2.1,2022JJ00
GM0848,2.2,2023JJ00
GM0037,7.3,2013JJ00
GM0037,7.2,2014JJ00
GM0037,7.4,2015JJ00
GM0037,5.5,2016JJ00
GM0037,4.9,2017JJ00
GM0037,4.0,2018JJ00
GM0037,3.6,2019JJ00
GM0037,4.2,2020JJ00
GM0037,3.1,2021JJ00
GM0037,2.8,2022JJ00
GM0037,3.0,2023JJ00
GM0180,4.9,2013JJ00
GM0180,4.5,2014JJ00
GM0180,3.9,2015JJ00
GM0180,3.4,2016JJ00
GM0180,2.6,2017JJ00
GM0180,2.1,2018JJ00
GM0180,2.1,2019JJ00
GM0180,2.5,2020JJ00
GM0180,1.7,2021JJ00
GM0180,1.8,2022JJ00
GM0180,1.7,2023JJ00
GM0532,5.6,2013JJ00
GM0532,5.4,2014JJ00
GM0532,5.0,2015JJ00
GM0532,4.1,2016JJ00
GM0532,3.5,2017JJ00
GM0532,3.1,2018JJ00
GM0532,2.9,2019JJ00
GM0532,3.3,2020JJ00
GM0532,2.4,2021JJ00
GM0532,2.4,2022JJ00
GM0532,2.4,2023JJ00
GM0851,5.6,2013JJ00
GM0851,5.6,2014JJ00
GM0851,5.4,2015JJ00
GM0851,4.6,2016JJ00
GM0851,3.6,2017JJ00
GM0851,2.8,2018JJ00
GM0851,3.1,2019JJ00
GM0851,3.4,2020JJ00
GM0851,2.3,2021JJ00
GM0851,2.4,2022JJ00
GM0851,2.3,2023JJ00
GM1708,7.2,2013JJ00
GM1708,6.5,2014JJ00
GM1708,5.9,2015JJ00
GM1708,5.2,2016JJ00
GM1708,3.9,2017JJ00
GM1708,3.1,2018JJ00
GM1708,3.2,2019JJ00
GM1708,3.5,2020JJ00
GM1708,2.5,2021JJ00
GM1708,2.7,2022JJ00
GM1708,2.4,2023JJ00
GM0971,5.8,2013JJ00
GM0971,5.9,2014JJ00
GM0971,5.0,2015JJ00
GM0971,4.3,2016JJ00
GM0971,3.4,2017JJ00
GM0971,2.7,2018JJ00
GM0971,3.2,2019JJ00
GM0971,3.4,2020JJ00
GM0971,2.5,2021JJ00
GM0971,2.4,2022JJ00
GM0971,2.4,2023JJ00
GM1904,5.7,2013JJ00
GM1904,5.3,2014JJ00
GM1904,5.3,2015JJ00
GM1904,4.0,2016JJ00
GM1904,3.3,2017JJ00
GM1904,2.7,2018JJ00
GM1904,2.8,2019JJ00
GM1904,3.5,2020JJ00
GM1904,2.4,2021JJ00
GM1904,2.3,2022JJ00
GM1904,2.4,2023JJ00
GM1900,7.2,2013JJ00
GM1900,7.2,2014JJ00
GM1900,5.3,2015JJ00
GM1900,4.8,2016JJ00
GM1900,4.0,2017JJ00
GM1900,3.4,2018JJ00
GM1900,3.2,2019JJ00
GM1900,4.0,2020JJ00
GM1900,2.7,2021JJ00
GM1900,2.5,2022JJ00
GM1900,2.7,2023JJ00
GM0715,6.3,2013JJ00
GM0715,5.9,2014JJ00
GM0715,6.2,2015JJ00
GM0715,4.9,2016JJ00
GM0715,3.9,2017JJ00
GM0715,3.2,2018JJ00
GM0715,3.2,2019JJ00
GM0715,3.7,2020JJ00
GM0715,3.7,2021JJ00
GM0715,2.9,2022JJ00
GM0715,2.6,2023JJ00
GM0093,4.8,2013JJ00
GM0093,4.9,2014JJ00
GM0093,4.3,2015JJ00
GM0093,3.9,2016JJ00
GM0093,3.2,2017JJ00
GM0093,2.2,2018JJ00
GM0093,2.6,2019JJ00
GM0093,3.1,2020JJ00
GM0093,2.1,2021JJ00
GM0093,1.8,2022JJ00
GM0093,1.9,2023JJ00
GM0448,5.1,2013JJ00
GM0448,5.1,2014JJ00
GM0448,4.5,2015JJ00
GM0448,3.8,2016JJ00
GM0448,3.5,2017JJ00
GM0448,2.9,2018JJ00
GM0448,2.8,2019JJ00
GM0448,3.5,2020JJ00
GM0448,2.6,2021JJ00
GM0448,2.3,2022JJ00
GM0448,2.5,2023JJ00
GM1525,5.0,2013JJ00
GM1525,5.1,2014JJ00
GM1525,4.6,2015JJ00
GM1525,4.0,2016JJ00
GM1525,3.2,2017JJ00
GM1525,2.7,2018JJ00
GM1525,2.8,2019JJ00
GM1525,3.2,2020JJ00
GM1525,2.4,2021JJ00
GM1525,2.3,2022JJ00
GM1525,2.3,2023JJ00
GM0716,4.9,2013JJ00
GM0716,4.7,2014JJ00
GM0716,4.4,2015JJ00
GM0716,3.5,2016JJ00
GM0716,3.0,2017JJ00
GM0716,2.5,2018JJ00
GM0716,2.5,2019JJ00
GM0716,2.9,2020JJ00
GM0716,2.4,2021JJ00
GM0716,2.1,2022JJ00
GM0716,2.0,2023JJ00
GM0281,7.1,2013JJ00
GM0281,7.2,2014JJ00
GM0281,6.4,2015JJ00
GM0281,5.5,2016JJ00
GM0281,4.6,2017JJ00
GM0281,3.8,2018JJ00
GM0281,3.8,2019JJ00
GM0281,4.2,2020JJ00
GM0281,3.5,2021JJ00
GM0281,3.3,2022JJ00
GM0281,3.4,2023JJ00
GM0855,7.3,2013JJ00
GM0855,7.6,2014JJ00
GM0855,6.9,2015JJ00
GM0855,5.6,2016JJ00
GM0855,4.6,2017JJ00
GM0855,3.5,2018JJ00
GM0855,3.5,2019JJ00
GM0855,3.9,2020JJ00
GM0855,3.2,2021JJ00
GM0855,3.0,2022JJ00
GM0855,2.9,2023JJ00
GM0183,5.2,2013JJ00
GM0183,5.0,2014JJ00
GM0183,4.0,2015JJ00
GM0183,3.6,2016JJ00
GM0183,2.6,2017JJ00
GM0183,2.2,2018JJ00
GM0183,2.1,2019JJ00
GM0183,2.4,2020JJ00
GM0183,1.6,2021JJ00
GM0183,1.7,2022JJ00
GM0183,1.6,2023JJ00
GM1700,6.2,2013JJ00
GM1700,5.8,2014JJ00
GM1700,4.6,2015JJ00
GM1700,4.4,2016JJ00
GM1700,3.4,2017JJ00
GM1700,2.6,2018JJ00
GM1700,2.6,2019JJ00
GM1700,3.0,2020JJ00
GM1700,2.1,2021JJ00
GM1700,2.0,2022JJ00
GM1700,2.0,2023JJ00
GM1730,5.9,2013JJ00
GM1730,5.4,2014JJ00
GM1730,5.2,2015JJ00
GM1730,4.3,2016JJ00
GM1730,3.5,2017JJ00
GM1730,2.8,2018JJ00
GM1730,2.9,2019JJ00
GM1730,3.2,2020JJ00
GM1730,2.2,2021JJ00
GM1730,2.0,2022JJ00
GM1730,2.1,2023JJ00
GM0737,6.1,2013JJ00
GM0737,6.3,2014JJ00
GM0737,5.4,2015JJ00
GM0737,4.5,2016JJ00
GM0737,3.5,2017JJ00
GM0737,2.8,2018JJ00
GM0737,2.9,2019JJ00
GM0737,3.4,2020JJ00
GM0737,2.4,2021JJ00
GM0737,2.1,2022JJ00
GM0737,2.4,2023JJ00
GM0450,5.0,2013JJ00
GM0450,4.9,2014JJ00
GM0450,4.4,2015JJ00
GM0450,3.9,2016JJ00
GM0450,3.2,2017JJ00
GM0450,2.6,2018JJ00
GM0450,2.6,2019JJ00
GM0450,3.0,2020JJ00
GM0450,2.4,2021JJ00
GM0450,2.1,2022JJ00
GM0450,2.2,2023JJ00
GM0451,6.3,2013JJ00
GM0451,6.4,2014JJ00
GM0451,6.0,2015JJ00
GM0451,4.8,2016JJ00
GM0451,4.0,2017JJ00
GM0451,3.2,2018JJ00
GM0451,3.4,2019JJ00
GM0451,4.0,2020JJ00
GM0451,3.3,2021JJ00
GM0451,2.9,2022JJ00
GM0451,3.0,2023JJ00
GM0184,4.4,2013JJ00
GM0184,4.1,2014JJ00
GM0184,3.6,2015JJ00
GM0184,3.0,2016JJ00
GM0184,2.3,2017JJ00
GM0184,2.0,2018JJ00
GM0184,2.1,2019JJ00
GM0184,2.2,2020JJ00
GM0184,1.5,2021JJ00
GM0184,1.5,2022JJ00
GM0184,1.5,2023JJ00
GM0344,6.5,2013JJ00
GM0344,6.3,2014JJ00
GM0344,6.1,2015JJ00
GM0344,4.9,2016JJ00
GM0344,4.1,2017JJ00
GM0344,3.4,2018JJ00
GM0344,3.4,2019JJ00
GM0344,3.7,2020JJ00
GM0344,2.9,2021JJ00
GM0344,2.8,2022JJ00
GM0344,3.1,2023JJ00
GM1581,6.0,2013JJ00
GM1581,5.2,2014JJ00
GM1581,4.7,2015JJ00
GM1581,3.8,2016JJ00
GM1581,3.5,2017JJ00
GM1581,2.9,2018JJ00
GM1581,3.1,2019JJ00
GM1581,3.5,2020JJ00
GM1581,2.5,2021JJ00
GM1581,2.3,2022JJ00
GM1581,2.5,2023JJ00
GM0981,8.2,2013JJ00
GM0981,8.0,2014JJ00
GM0981,8.2,2015JJ00
GM0981,6.7,2016JJ00
GM0981,5.6,2017JJ00
GM0981,4.6,2018JJ00
GM0981,4.5,2019JJ00
GM0981,4.9,2020JJ00
GM0981,4.4,2021JJ00
GM0981,3.3,2022JJ00
GM0981,3.7,2023JJ00
GM0994,6.8,2013JJ00
GM0994,6.6,2014JJ00
GM0994,5.6,2015JJ00
GM0994,4.7,2016JJ00
GM0994,3.5,2017JJ00
GM0994,2.9,2018JJ00
GM0994,3.0,2019JJ00
GM0994,3.6,2020JJ00
GM0994,2.7,2021JJ00
GM0994,2.5,2022JJ00
GM0994,2.5,2023JJ00
GM0858,6.0,2013JJ00
GM0858,6.2,2014JJ00
GM0858,5.5,2015JJ00
GM0858,4.4,2016JJ00
GM0858,3.6,2017JJ00
GM0858,2.9,2018JJ00
GM0858,2.9,2019JJ00
GM0858,3.6,2020JJ00
GM0858,2.7,2021JJ00
GM0858,2.4,2022JJ00
GM0858,2.5,2023JJ00
GM0047,7.7,2013JJ00
GM0047,7.9,2014JJ00
GM0047,8.0,2015JJ00
GM0047,6.5,2016JJ00
GM0047,5.3,2017JJ00
GM0047,4.2,2018JJ00
GM0047,4.0,2019JJ00
GM0047,4.4,2020JJ00
GM0047,3.4,2021JJ00
GM0047,2.9,2022JJ00
GM0047,3.2,2023JJ00
GM0345,6.6,2013JJ00
GM0345,6.6,2014JJ00
GM0345,6.2,2015JJ00
GM0345,4.8,2016JJ00
GM0345,4.0,2017JJ00
GM0345,3.1,2018JJ00
GM0345,2.9,2019JJ00
GM0345,3.3,2020JJ00
GM0345,2.5,2021JJ00
GM0345,2.4,2022JJ00
GM0345,2.6,2023JJ00
GM0717,4.7,2013JJ00
GM0717,4.1,2014JJ00
GM0717,3.8,2015JJ00
GM0717,3.2,2016JJ00
GM0717,2.8,2017JJ00
GM0717,2.4,2018JJ00
GM0717,2.3,2019JJ00
GM0717,2.7,2020JJ00
GM0717,2.0,2021JJ00
GM0717,2.0,2022JJ00
GM0717,1.8,2023JJ00
GM0861,5.6,2013JJ00
GM0861,5.3,2014JJ00
GM0861,5.0,2015JJ00
GM0861,4.2,2016JJ00
GM0861,3.4,2017JJ00
GM0861,2.7,2018JJ00
GM0861,2.7,2019JJ00
GM0861,3.4,2020JJ00
GM0861,2.7,2021JJ00
GM0861,2.6,2022JJ00
GM0861,2.4,2023JJ00
GM0453,6.0,2013JJ00
GM0453,6.3,2014JJ00
GM0453,5.5,2015JJ00
GM0453,4.6,2016JJ00
GM0453,4.0,2017JJ00
GM0453,3.2,2018JJ00
GM0453,3.1,2019JJ00
GM0453,3.8,2020JJ00
GM0453,3.0,2021JJ00
GM0453,2.7,2022JJ00
GM0453,2.8,2023JJ00
GM0983,7.5,2013JJ00
GM0983,7.5,2014JJ00
GM0983,6.7,2015JJ00
GM0983,5.4,2016JJ00
GM0983,4.5,2017JJ00
GM0983,3.8,2018JJ00
GM0983,3.6,2019JJ00
GM0983,4.5,2020JJ00
GM0983,3.6,2021JJ00
GM0983,3.2,2022JJ00
GM0983,3.4,2023JJ00
GM0984,6.4,2013JJ00
GM0984,6.1,2014JJ00
GM0984,5.8,2015JJ00
GM0984,4.8,2016JJ00
GM0984,3.8,2017JJ00
GM0984,3.1,2018JJ00
GM0984,3.1,2019JJ00
GM0984,3.8,2020JJ00
GM0984,3.0,2021JJ00
GM0984,2.7,2022JJ00
GM0984,2.8,2023JJ00
GM1961,5.6,2013JJ00
GM1961,5.6,2014JJ00
GM1961,5.1,2015JJ00
GM1961,4.3,2016JJ00
GM1961,3.6,2017JJ00
GM1961,3.0,2018JJ00
GM1961,3.0,2019JJ00
GM1961,3.2,2020JJ00
GM1961,2.4,2021JJ00
GM1961,2.2,2022JJ00
GM1961,2.4,2023JJ00
GM0622,8.3,2013JJ00
GM0622,8.3,2014JJ00
GM0622,8.4,2015JJ00
GM0622,6.7,2016JJ00
GM0622,5.8,2017JJ00
GM0622,4.1,2018JJ00
GM0622,4.1,2019JJ00
GM0622,4.6,2020JJ00
GM0622,4.0,2021JJ00
GM0622,3.5,2022JJ00
GM0622,3.3,2023JJ00
GM0096,5.8,2013JJ00
GM0096,6.0,2014JJ00
GM0096,4.7,2015JJ00
GM0096,3.9,2016JJ00
GM0096,3.4,2017JJ00
GM0096,2.4,2018JJ00
GM0096,3.1,2019JJ00
GM0096,3.1,2020JJ00
GM0096,2.2,2021JJ00
GM0096,2.1,2022JJ00
GM0096,2.3,2023JJ00
GM0718,6.9,2013JJ00
GM0718,6.3,2014JJ00
GM0718,6.8,2015JJ00
GM0718,5.2,2016JJ00
GM0718,4.9,2017JJ00
GM0718,4.1,2018JJ00
GM0718,3.8,2019JJ00
GM0718,4.3,2020JJ00
GM0718,4.0,2021JJ00
GM0718,3.2,2022JJ00
GM0718,3.0,2023JJ00
GM0986,6.0,2013JJ00
GM0986,5.6,2014JJ00
GM0986,5.3,2015JJ00
GM0986,4.1,2016JJ00
GM0986,3.1,2017JJ00
GM0986,2.5,2018JJ00
GM0986,2.7,2019JJ00
GM0986,3.4,2020JJ00
GM0986,2.3,2021JJ00
GM0986,2.2,2022JJ00
GM0986,2.2,2023JJ00
GM1992,6.0,2013JJ00
GM1992,5.8,2014JJ00
GM1992,5.3,2015JJ00
GM1992,4.6,2016JJ00
GM1992,3.9,2017JJ00
GM1992,3.0,2018JJ00
GM1992,3.2,2019JJ00
GM1992,3.5,2020JJ00
GM1992,2.9,2021JJ00
GM1992,2.6,2022JJ00
GM1992,2.5,2023JJ00
GM0626,5.7,2013JJ00
GM0626,5.8,2014JJ00
GM0626,5.1,2015JJ00
GM0626,4.2,2016JJ00
GM0626,3.5,2017JJ00
GM0626,2.9,2018JJ00
GM0626,3.0,2019JJ00
GM0626,3.3,2020JJ00
GM0626,2.6,2021JJ00
GM0626,2.3,2022JJ00
GM0626,2.5,2023JJ00
GM0285,5.2,2013JJ00
GM0285,5.0,2014JJ00
GM0285,4.3,2015JJ00
GM0285,3.5,2016JJ00
GM0285,3.0,2017JJ00
GM0285,2.4,2018JJ00
GM0285,2.4,2019JJ00
GM0285,2.8,2020JJ00
GM0285,1.9,2021JJ00
GM0285,2.1,2022JJ00
GM0285,2.0,2023JJ00
GM0865,5.5,2013JJ00
GM0865,5.5,2014JJ00
GM0865,4.9,2015JJ00
GM0865,3.8,2016JJ00
GM0865,3.3,2017JJ00
GM0865,2.6,2018JJ00
GM0865,2.7,2019JJ00
GM0865,3.1,2020JJ00
GM0865,2.2,2021JJ00
GM0865,2.2,2022JJ00
GM0865,2.1,2023JJ00
GM1949,6.5,2013JJ00
GM1949,6.5,2014JJ00
GM1949,6.0,2015JJ00
GM1949,4.9,2016JJ00
GM1949,3.8,2017JJ00
GM1949,3.0,2018JJ00
GM1949,3.3,2019JJ00
GM1949,3.7,2020JJ00
GM1949,2.7,2021JJ00
GM1949,2.5,2022JJ00
GM1949,2.7,2023JJ00
GM0866,5.7,2013JJ00
GM0866,5.5,2014JJ00
GM0866,4.8,2015JJ00
GM0866,4.0,2016JJ00
GM0866,3.3,2017JJ00
GM0866,2.6,2018JJ00
GM0866,2.8,2019JJ00
GM0866,3.4,2020JJ00
GM0866,2.4,2021JJ00
GM0866,2.2,2022JJ00
GM0866,2.3,2023JJ00
GM0867,5.9,2013JJ00
GM0867,5.9,2014JJ00
GM0867,5.7,2015JJ00
GM0867,4.8,2016JJ00
GM0867,3.7,2017JJ00
GM0867,2.9,2018JJ00
GM0867,3.0,2019JJ00
GM0867,3.5,2020JJ00
GM0867,2.6,2021JJ00
GM0867,2.4,2022JJ00
GM0867,2.5,2023JJ00
GM0627,5.7,2013JJ00
GM0627,5.8,2014JJ00
GM0627,5.3,2015JJ00
GM0627,4.6,2016JJ00
GM0627,3.7,2017JJ00
GM0627,2.9,2018JJ00
GM0627,2.8,2019JJ00
GM0627,3.3,2020JJ00
GM0627,2.4,2021JJ00
GM0627,2.2,2022JJ00
GM0627,2.3,2023JJ00
GM0289,6.9,2013JJ00
GM0289,6.9,2014JJ00
GM0289,6.1,2015JJ00
GM0289,5.5,2016JJ00
GM0289,4.6,2017JJ00
GM0289,3.5,2018JJ00
GM0289,3.8,2019JJ00
GM0289,4.0,2020JJ00
GM0289,3.4,2021JJ00
GM0289,3.3,2022JJ00
GM0289,3.3,2023JJ00
GM0629,6.8,2013JJ00
GM0629,6.7,2014JJ00
GM0629,5.9,2015JJ00
GM0629,5.0,2016JJ00
GM0629,4.4,2017JJ00
GM0629,3.6,2018JJ00
GM0629,3.4,2019JJ00
GM0629,4.0,2020JJ00
GM0629,3.1,2021JJ00
GM0629,2.8,2022JJ00
GM0629,2.9,2023JJ00
GM0852,5.1,2013JJ00
GM0852,4.6,2014JJ00
GM0852,4.4,2015JJ00
GM0852,3.9,2016JJ00
GM0852,3.3,2017JJ00
GM0852,2.8,2018JJ00
GM0852,2.9,2019JJ00
GM0852,3.5,2020JJ00
GM0852,2.4,2021JJ00
GM0852,2.3,2022JJ00
GM0852,2.4,2023JJ00
GM0988,6.6,2013JJ00
GM0988,5.7,2014JJ00
GM0988,5.2,2015JJ00
GM0988,4.4,2016JJ00
GM0988,3.9,2017JJ00
GM0988,3.4,2018JJ00
GM0988,3.1,2019JJ00
GM0988,3.7,2020JJ00
GM0988,2.8,2021JJ00
GM0988,2.7,2022JJ00
GM0988,2.7,2023JJ00
GM1960,5.1,2013JJ00
GM1960,5.0,2014JJ00
GM1960,4.3,2015JJ00
GM1960,3.6,2016JJ00
GM1960,2.9,2017JJ00
GM1960,2.5,2018JJ00
GM1960,2.4,2019JJ00
GM1960,3.0,2020JJ00
GM1960,1.9,2021JJ00
GM1960,2.1,2022JJ00
GM1960,2.0,2023JJ00
GM0668,5.3,2013JJ00
GM0668,5.1,2014JJ00
GM0668,4.3,2015JJ00
GM0668,3.8,2016JJ00
GM0668,3.1,2017JJ00
GM0668,2.5,2018JJ00
GM0668,2.6,2019JJ00
GM0668,3.1,2020JJ00
GM0668,2.1,2021JJ00
GM0668,2.1,2022JJ00
GM0668,2.1,2023JJ00
GM1969,5.8,2013JJ00
GM1969,5.9,2014JJ00
GM1969,5.2,2015JJ00
GM1969,4.2,2016JJ00
GM1969,3.6,2017JJ00
GM1969,2.9,2018JJ00
GM1969,2.8,2019JJ00
GM1969,3.2,2020JJ00
GM1969,2.7,2021JJ00
GM1969,2.1,2022JJ00
GM1969,2.2,2023JJ00
GM1701,6.3,2013JJ00
GM1701,5.7,2014JJ00
GM1701,5.9,2015JJ00
GM1701,4.6,2016JJ00
GM1701,3.6,2017JJ00
GM1701,2.7,2018JJ00
GM1701,2.7,2019JJ00
GM1701,3.2,2020JJ00
GM1701,2.3,2021JJ00
GM1701,2.3,2022JJ00
GM1701,2.3,2023JJ00
GM0293,7.5,2013JJ00
GM0293,7.2,2014JJ00
GM0293,6.6,2015JJ00
GM0293,5.2,2016JJ00
GM0293,4.3,2017JJ00
GM0293,3.2,2018JJ00
GM0293,3.2,2019JJ00
GM0293,4.0,2020JJ00
GM0293,3.1,2021JJ00
GM0293,2.8,2022JJ00
GM0293,2.9,2023JJ00
GM1950,6.8,2013JJ00
GM1950,7.1,2014JJ00
GM1950,6.7,2015JJ00
GM1950,5.9,2016JJ00
GM1950,4.8,2017JJ00
GM1950,3.8,2018JJ00
GM1950,3.4,2019JJ00
GM1950,4.0,2020JJ00
GM1950,2.9,2021JJ00
GM1950,2.7,2022JJ00
GM1950,2.7,2023JJ00
GM1783,5.1,2013JJ00
GM1783,4.8,2014JJ00
GM1783,4.7,2015JJ00
GM1783,4.2,2016JJ00
GM1783,3.1,2017JJ00
GM1783,2.6,2018JJ00
GM1783,2.8,2019JJ00
GM1783,3.0,2020JJ00
GM1783,2.1,2021JJ00
GM1783,2.1,2022JJ00
GM1783,2.2,2023JJ00
GM0098,6.9,2013JJ00
GM0098,6.9,2014JJ00
GM0098,5.7,2015JJ00
GM0098,4.6,2016JJ00
GM0098,3.7,2017JJ00
GM0098,3.0,2018JJ00
GM0098,2.9,2019JJ00
GM0098,3.6,2020JJ00
GM0098,2.8,2021JJ00
GM0098,2.4,2022JJ00
GM0098,2.4,2023JJ00
GM0189,5.4,2013JJ00
GM0189,5.1,2014JJ00
GM0189,4.5,2015JJ00
GM0189,3.9,2016JJ00
GM0189,2.9,2017JJ00
GM0189,2.4,2018JJ00
GM0189,2.5,2019JJ00
GM0189,2.6,2020JJ00
GM0189,1.8,2021JJ00
GM0189,1.7,2022JJ00
GM0189,1.8,2023JJ00
GM0296,5.6,2013JJ00
GM0296,5.6,2014JJ00
GM0296,5.1,2015JJ00
GM0296,4.4,2016JJ00
GM0296,3.5,2017JJ00
GM0296,2.8,2018JJ00
GM0296,2.9,2019JJ00
GM0296,3.3,2020JJ00
GM0296,2.6,2021JJ00
GM0296,2.3,2022JJ00
GM0296,2.3,2023JJ00
GM1696,5.3,2013JJ00
GM1696,5.0,2014JJ00
GM1696,4.9,2015JJ00
GM1696,4.1,2016JJ00
GM1696,3.5,2017JJ00
GM1696,2.8,2018JJ00
GM1696,2.8,2019JJ00
GM1696,3.3,2020JJ00
GM1696,2.4,2021JJ00
GM1696,2.2,2022JJ00
GM1696,2.1,2023JJ00
GM0352,5.2,2013JJ00
GM0352,4.9,2014JJ00
GM0352,4.3,2015JJ00
GM0352,3.6,2016JJ00
GM0352,3.1,2017JJ00
GM0352,2.6,2018JJ00
GM0352,2.7,2019JJ00
GM0352,3.0,2020JJ00
GM0352,2.4,2021JJ00
GM0352,2.1,2022JJ00
GM0352,2.2,2023JJ00
GM0294,6.9,2013JJ00
GM0294,6.4,2014JJ00
GM0294,5.5,2015JJ00
GM0294,4.6,2016JJ00
GM0294,4.0,2017JJ00
GM0294,3.0,2018JJ00
GM0294,3.1,2019JJ00
GM0294,3.4,2020JJ00
GM0294,2.6,2021JJ00
GM0294,2.5,2022JJ00
GM0294,2.5,2023JJ00
GM0873,5.6,2013JJ00
GM0873,5.3,2014JJ00
GM0873,5.3,2015JJ00
GM0873,4.3,2016JJ00
GM0873,3.4,2017JJ00
GM0873,3.0,2018JJ00
GM0873,2.9,2019JJ00
GM0873,3.6,2020JJ00
GM0873,2.6,2021JJ00
GM0873,2.2,2022JJ00
GM0873,2.4,2023JJ00
GM0632,5.0,2013JJ00
GM0632,4.9,2014JJ00
GM0632,4.2,2015JJ00
GM0632,3.7,2016JJ00
GM0632,3.1,2017JJ00
GM0632,2.6,2018JJ00
GM0632,2.7,2019JJ00
GM0632,3.2,2020JJ00
GM0632,2.4,2021JJ00
GM0632,2.1,2022JJ00
GM0632,2.3,2023JJ00
GM1690,5.3,2013JJ00
GM1690,5.1,2014JJ00
GM1690,4.7,2015JJ00
GM1690,3.9,2016JJ00
GM1690,3.0,2017JJ00
GM1690,2.4,2018JJ00
GM1690,2.4,2019JJ00
GM1690,2.9,2020JJ00
GM1690,2.0,2021JJ00
GM1690,1.9,2022JJ00
GM1690,2.0,2023JJ00
GM0880,5.9,2013JJ00
GM0880,5.7,2014JJ00
GM0880,5.2,2015JJ00
GM0880,4.4,2016JJ00
GM0880,3.6,2017JJ00
GM0880,2.9,2018JJ00
GM0880,2.9,2019JJ00
GM0880,3.3,2020JJ00
GM0880,2.7,2021JJ00
GM0880,2.5,2022JJ00
GM0880,2.4,2023JJ00
GM0351,4.9,2013JJ00
GM0351,4.7,2014JJ00
GM0351,4.3,2015JJ00
GM0351,3.7,2016JJ00
GM0351,3.0,2017JJ00
GM0351,2.4,2018JJ00
GM0351,2.5,2019JJ00
GM0351,2.7,2020JJ00
GM0351,1.9,2021JJ00
GM0351,1.9,2022JJ00
GM0351,1.9,2023JJ00
GM0479,7.4,2013JJ00
GM0479,8.0,2014JJ00
GM0479,6.9,2015JJ00
GM0479,5.8,2016JJ00
GM0479,4.9,2017JJ00
GM0479,4.0,2018JJ00
GM0479,4.0,2019JJ00
GM0479,4.4,2020JJ00
GM0479,3.9,2021JJ00
GM0479,3.1,2022JJ00
GM0479,3.0,2023JJ00
GM0297,5.8,2013JJ00
GM0297,5.8,2014JJ00
GM0297,4.9,2015JJ00
GM0297,4.0,2016JJ00
GM0297,3.2,2017JJ00
GM0297,2.7,2018JJ00
GM0297,2.6,2019JJ00
GM0297,3.0,2020JJ00
GM0297,2.2,2021JJ00
GM0297,2.2,2022JJ00
GM0297,2.2,2023JJ00
GM0473,6.8,2013JJ00
GM0473,6.7,2014JJ00
GM0473,5.9,2015JJ00
GM0473,5.3,2016JJ00
GM0473,4.7,2017JJ00
GM0473,3.6,2018JJ00
GM0473,3.6,2019JJ00
GM0473,4.2,2020JJ00
GM0473,3.5,2021JJ00
GM0473,3.1,2022JJ00
GM0473,3.1,2023JJ00
GM0050,5.8,2013JJ00
GM0050,5.6,2014JJ00
GM0050,5.2,2015JJ00
GM0050,4.6,2016JJ00
GM0050,3.5,2017JJ00
GM0050,2.9,2018JJ00
GM0050,3.1,2019JJ00
GM0050,3.3,2020JJ00
GM0050,2.6,2021JJ00
GM0050,2.3,2022JJ00
GM0050,2.3,2023JJ00
GM0355,6.7,2013JJ00
GM0355,6.1,2014JJ00
GM0355,5.8,2015JJ00
GM0355,4.9,2016JJ00
GM0355,4.7,2017JJ00
GM0355,3.7,2018JJ00
GM0355,3.4,2019JJ00
GM0355,3.9,2020JJ00
GM0355,3.0,2021JJ00
GM0355,2.8,2022JJ00
GM0355,3.1,2023JJ00
GM0299,6.3,2013JJ00
GM0299,6.5,2014JJ00
GM0299,5.4,2015JJ00
GM0299,4.9,2016JJ00
GM0299,3.8,2017JJ00
GM0299,3.2,2018JJ00
GM0299,3.2,2019JJ00
GM0299,3.6,2020JJ00
GM0299,2.8,2021JJ00
GM0299,2.6,2022JJ00
GM0299,2.6,2023JJ00
GM0637,7.3,2013JJ00
GM0637,7.1,2014JJ00
GM0637,7.1,2015JJ00
GM0637,6.3,2016JJ00
GM0637,5.0,2017JJ00
GM0637,3.5,2018JJ00
GM0637,3.5,2019JJ00
GM0637,4.2,2020JJ00
GM0637,3.6,2021JJ00
GM0637,3.4,2022JJ00
GM0637,3.0,2023JJ00
GM0638,4.4,2013JJ00
GM0638,4.7,2014JJ00
GM0638,4.2,2015JJ00
GM0638,3.7,2016JJ00
GM0638,3.2,2017JJ00
GM0638,2.5,2018JJ00
GM0638,2.6,2019JJ00
GM0638,2.8,2020JJ00
GM0638,2.1,2021JJ00
GM0638,2.1,2022JJ00
GM0638,2.1,2023JJ00
GM1892,5.8,2013JJ00
GM1892,5.6,2014JJ00
GM1892,5.2,2015JJ00
GM1892,4.1,2016JJ00
GM1892,3.3,2017JJ00
GM1892,2.6,2018JJ00
GM1892,2.7,2019JJ00
GM1892,3.4,2020JJ00
GM1892,2.3,2021JJ00
GM1892,2.3,2022JJ00
GM1892,2.2,2023JJ00
GM0879,5.2,2013JJ00
GM0879,5.1,2014JJ00
GM0879,4.9,2015JJ00
GM0879,4.1,2016JJ00
GM0879,3.4,2017JJ00
GM0879,2.8,2018JJ00
GM0879,2.8,2019JJ00
GM0879,3.1,2020JJ00
GM0879,2.2,2021JJ00
GM0879,2.2,2022JJ00
GM0879,2.2,2023JJ00
GM0301,7.5,2013JJ00
GM0301,8.0,2014JJ00
GM0301,6.9,2015JJ00
GM0301,6.2,2016JJ00
GM0301,5.0,2017JJ00
GM0301,4.0,2018JJ00
GM0301,3.8,2019JJ00
GM0301,4.5,2020JJ00
GM0301,3.1,2021JJ00
GM0301,3.0,2022JJ00
GM0301,3.1,2023JJ00
GM1896,5.0,2013JJ00
GM1896,5.2,2014JJ00
GM1896,4.2,2015JJ00
GM1896,3.5,2016JJ00
GM1896,2.9,2017JJ00
GM1896,2.4,2018JJ00
GM1896,2.3,2019JJ00
GM1896,2.7,2020JJ00
GM1896,1.9,2021JJ00
GM1896,2.0,2022JJ00
GM1896,2.0,2023JJ00
GM0642,6.4,2013JJ00
GM0642,6.2,2014JJ00
GM0642,6.2,2015JJ00
GM0642,4.8,2016JJ00
GM0642,4.4,2017JJ00
GM0642,3.6,2018JJ00
GM0642,3.5,2019JJ00
GM0642,4.1,2020JJ00
GM0642,2.9,2021JJ00
GM0642,2.8,2022JJ00
GM0642,2.9,2023JJ00
GM0193,6.4,2013JJ00
GM0193,6.3,2014JJ00
GM0193,5.7,2015JJ00
GM0193,5.6,2016JJ00
GM0193,4.5,2017JJ00
GM0193,3.1,2018JJ00
GM0193,3.7,2019JJ00
GM0193,3.6,2020JJ00
GM0193,3.1,2021JJ00
GM0193,2.8,2022JJ00
GM0193,2.6,2023JJ00
AM01  ,7.4,2013JJ00
AM01  ,7.7,2014JJ00
AM01  ,7.7,2015JJ00
AM01  ,5.7,2016JJ00
AM01  ,5.5,2017JJ00
AM01  ,4.1,2018JJ00
AM01  ,3.8,2019JJ00
AM01  ,4.1,2020JJ00
AM01  ,3.7,2021JJ00
AM01  ,3.0,2022JJ00
AM01  ,3.2,2023JJ00
AM02  ,7.5,2013JJ00
AM02  ,7.4,2014JJ00
AM02  ,6.1,2015JJ00
AM02  ,5.2,2016JJ00
AM02  ,4.3,2017JJ00
AM02  ,3.4,2018JJ00
AM02  ,3.4,2019JJ00
AM02  ,4.0,2020JJ00
AM02  ,3.3,2021JJ00
AM02  ,2.7,2022JJ00
AM02  ,2.9,2023JJ00
AM03  ,7.1,2013JJ00
AM03  ,6.8,2014JJ00
AM03  ,6.6,2015JJ00
AM03  ,5.6,2016JJ00
AM03  ,4.1,2017JJ00
AM03  ,3.4,2018JJ00
AM03  ,3.1,2019JJ00
AM03  ,3.8,2020JJ00
AM03  ,2.9,2021JJ00
AM03  ,2.5,2022JJ00
AM03  ,2.6,2023JJ00
AM05  ,7.1,2013JJ00
AM05  ,7.0,2014JJ00
AM05  ,6.4,2015JJ00
AM05  ,5.6,2016JJ00
AM05  ,4.4,2017JJ00
AM05  ,3.3,2018JJ00
AM05  ,3.3,2019JJ00
AM05  ,3.7,2020JJ00
AM05  ,3.2,2021JJ00
AM05  ,2.6,2022JJ00
AM05  ,2.7,2023JJ00
AM06  ,6.2,2013JJ00
AM06  ,6.5,2014JJ00
AM06  ,5.6,2015JJ00
AM06  ,4.9,2016JJ00
AM06  ,4.0,2017JJ00
AM06  ,3.2,2018JJ00
AM06  ,3.1,2019JJ00
AM06  ,3.7,2020JJ00
AM06  ,2.6,2021JJ00
AM06  ,2.5,2022JJ00
AM06  ,2.6,2023JJ00
AM07  ,7.0,2013JJ00
AM07  ,7.2,2014JJ00
AM07  ,6.5,2015JJ00
AM07  ,5.4,2016JJ00
AM07  ,4.5,2017JJ00
AM07  ,3.5,2018JJ00
AM07  ,3.4,2019JJ00
AM07  ,4.0,2020JJ00
AM07  ,3.4,2021JJ00
AM07  ,3.2,2022JJ00
AM07  ,2.9,2023JJ00
AM08  ,7.1,2013JJ00
AM08  ,7.2,2014JJ00
AM08  ,6.4,2015JJ00
AM08  ,5.5,2016JJ00
AM08  ,4.0,2017JJ00
AM08  ,3.3,2018JJ00
AM08  ,3.2,2019JJ00
AM08  ,3.8,2020JJ00
AM08  ,3.0,2021JJ00
AM08  ,3.2,2022JJ00
AM08  ,2.8,2023JJ00
AM09  ,5.9,2013JJ00
AM09  ,5.8,2014JJ00
AM09  ,5.3,2015JJ00
AM09  ,4.4,2016JJ00
AM09  ,3.5,2017JJ00
AM09  ,2.8,2018JJ00
AM09  ,2.7,2019JJ00
AM09  ,3.3,2020JJ00
AM09  ,2.3,2021JJ00
AM09  ,2.4,2022JJ00
AM09  ,2.3,2023JJ00
AM10  ,5.8,2013JJ00
AM10  ,5.8,2014JJ00
AM10  ,5.0,2015JJ00
AM10  ,4.4,2016JJ00
AM10  ,3.5,2017JJ00
AM10  ,2.8,2018JJ00
AM10  ,2.8,2019JJ00
AM10  ,3.3,2020JJ00
AM10  ,2.4,2021JJ00
AM10  ,2.4,2022JJ00
AM10  ,2.4,2023JJ00
AM11  ,8.5,2013JJ00
AM11  ,8.7,2014JJ00
AM11  ,7.1,2015JJ00
AM11  ,6.7,2016JJ00
AM11  ,4.9,2017JJ00
AM11  ,3.9,2018JJ00
AM11  ,3.8,2019JJ00
AM11  ,4.4,2020JJ00
AM11  ,3.8,2021JJ00
AM11  ,3.1,2022JJ00
AM11  ,3.1,2023JJ00
AM12  ,6.2,2013JJ00
AM12  ,6.3,2014JJ00
AM12  ,5.8,2015JJ00
AM12  ,4.7,2016JJ00
AM12  ,4.1,2017JJ00
AM12  ,3.3,2018JJ00
AM12  ,3.3,2019JJ00
AM12  ,3.8,2020JJ00
AM12  ,3.0,2021JJ00
AM12  ,2.6,2022JJ00
AM12  ,2.7,2023JJ00
AM13  ,6.1,2013JJ00
AM13  ,5.8,2014JJ00
AM13  ,5.5,2015JJ00
AM13  ,4.5,2016JJ00
AM13  ,3.9,2017JJ00
AM13  ,3.2,2018JJ00
AM13  ,3.2,2019JJ00
AM13  ,3.6,2020JJ00
AM13  ,2.8,2021JJ00
AM13  ,2.6,2022JJ00
AM13  ,2.8,2023JJ00
AM14  ,6.0,2013JJ00
AM14  ,5.8,2014JJ00
AM14  ,5.6,2015JJ00
AM14  ,4.3,2016JJ00
AM14  ,3.6,2017JJ00
AM14  ,2.9,2018JJ00
AM14  ,3.0,2019JJ00
AM14  ,3.3,2020JJ00
AM14  ,2.7,2021JJ00
AM14  ,2.4,2022JJ00
AM14  ,2.5,2023JJ00
AM15  ,5.9,2013JJ00
AM15  ,6.1,2014JJ00
AM15  ,5.3,2015JJ00
AM15  ,4.4,2016JJ00
AM15  ,3.9,2017JJ00
AM15  ,3.1,2018JJ00
AM15  ,3.0,2019JJ00
AM15  ,3.5,2020JJ00
AM15  ,2.7,2021JJ00
AM15  ,2.5,2022JJ00
AM15  ,2.5,2023JJ00
AM17  ,6.6,2013JJ00
AM17  ,6.9,2014JJ00
AM17  ,5.9,2015JJ00
AM17  ,5.0,2016JJ00
AM17  ,4.3,2017JJ00
AM17  ,3.5,2018JJ00
AM17  ,3.4,2019JJ00
AM17  ,4.0,2020JJ00
AM17  ,3.4,2021JJ00
AM17  ,2.8,2022JJ00
AM17  ,2.8,2023JJ00
AM18  ,7.4,2013JJ00
AM18  ,7.2,2014JJ00
AM18  ,6.6,2015JJ00
AM18  ,5.6,2016JJ00
AM18  ,5.1,2017JJ00
AM18  ,4.2,2018JJ00
AM18  ,3.8,2019JJ00
AM18  ,4.8,2020JJ00
AM18  ,4.8,2021JJ00
AM18  ,3.3,2022JJ00
AM18  ,3.6,2023JJ00
AM19  ,5.7,2013JJ00
AM19  ,5.6,2014JJ00
AM19  ,5.1,2015JJ00
AM19  ,4.5,2016JJ00
AM19  ,3.8,2017JJ00
AM19  ,2.9,2018JJ00
AM19  ,3.1,2019JJ00
AM19  ,3.4,2020JJ00
AM19  ,2.8,2021JJ00
AM19  ,2.6,2022JJ00
AM19  ,2.5,2023JJ00
AM20  ,6.1,2013JJ00
AM20  ,6.2,2014JJ00
AM20  ,5.6,2015JJ00
AM20  ,4.8,2016JJ00
AM20  ,3.8,2017JJ00
AM20  ,2.9,2018JJ00
AM20  ,3.1,2019JJ00
AM20  ,3.4,2020JJ00
AM20  ,2.7,2021JJ00
AM20  ,2.4,2022JJ00
AM20  ,2.5,2023JJ00
AM21  ,8.4,2013JJ00
AM21  ,9.1,2014JJ00
AM21  ,8.2,2015JJ00
AM21  ,6.9,2016JJ00
AM21  ,5.8,2017JJ00
AM21  ,4.3,2018JJ00
AM21  ,4.3,2019JJ00
AM21  ,4.7,2020JJ00
AM21  ,4.4,2021JJ00
AM21  ,3.4,2022JJ00
AM21  ,3.5,2023JJ00
AM22  ,9.3,2013JJ00
AM22  ,9.4,2014JJ00
AM22  ,8.5,2015JJ00
AM22  ,7.4,2016JJ00
AM22  ,6.0,2017JJ00
AM22  ,4.2,2018JJ00
AM22  ,4.6,2019JJ00
AM22  ,4.6,2020JJ00
AM22  ,4.5,2021JJ00
AM22  ,3.8,2022JJ00
AM22  ,3.6,2023JJ00
AM23  ,6.5,2013JJ00
AM23  ,6.1,2014JJ00
AM23  ,5.5,2015JJ00
AM23  ,4.8,2016JJ00
AM23  ,4.1,2017JJ00
AM23  ,3.4,2018JJ00
AM23  ,3.4,2019JJ00
AM23  ,3.8,2020JJ00
AM23  ,3.0,2021JJ00
AM23  ,2.8,2022JJ00
AM23  ,2.8,2023JJ00
AM24  ,5.7,2013JJ00
AM24  ,5.2,2014JJ00
AM24  ,5.2,2015JJ00
AM24  ,4.1,2016JJ00
AM24  ,3.6,2017JJ00
AM24  ,3.0,2018JJ00
AM24  ,3.0,2019JJ00
AM24  ,3.4,2020JJ00
AM24  ,3.0,2021JJ00
AM24  ,2.5,2022JJ00
AM24  ,2.4,2023JJ00
AM25  ,6.1,2013JJ00
AM25  ,6.1,2014JJ00
AM25  ,5.8,2015JJ00
AM25  ,4.6,2016JJ00
AM25  ,4.0,2017JJ00
AM25  ,3.2,2018JJ00
AM25  ,3.1,2019JJ00
AM25  ,3.6,2020JJ00
AM25  ,2.9,2021JJ00
AM25  ,2.6,2022JJ00
AM25  ,2.6,2023JJ00
AM26  ,6.4,2013JJ00
AM26  ,6.5,2014JJ00
AM26  ,6.0,2015JJ00
AM26  ,4.9,2016JJ00
AM26  ,4.0,2017JJ00
AM26  ,3.2,2018JJ00
AM26  ,3.2,2019JJ00
AM26  ,3.6,2020JJ00
AM26  ,2.8,2021JJ00
AM26  ,2.6,2022JJ00
AM26  ,2.6,2023JJ00
AM27  ,6.0,2013JJ00
AM27  ,6.0,2014JJ00
AM27  ,5.3,2015JJ00
AM27  ,4.3,2016JJ00
AM27  ,3.7,2017JJ00
AM27  ,2.9,2018JJ00
AM27  ,3.0,2019JJ00
AM27  ,3.4,2020JJ00
AM27  ,2.5,2021JJ00
AM27  ,2.4,2022JJ00
AM27  ,2.5,2023JJ00
AM28  ,6.7,2013JJ00
AM28  ,6.9,2014JJ00
AM28  ,6.1,2015JJ00
AM28  ,4.6,2016JJ00
AM28  ,4.0,2017JJ00
AM28  ,3.2,2018JJ00
AM28  ,3.3,2019JJ00
AM28  ,3.9,2020JJ00
AM28  ,3.3,2021JJ00
AM28  ,2.7,2022JJ00
AM28  ,2.8,2023JJ00
AM29  ,6.5,2013JJ00
AM29  ,6.4,2014JJ00
AM29  ,5.7,2015JJ00
AM29  ,4.6,2016JJ00
AM29  ,3.8,2017JJ00
AM29  ,3.1,2018JJ00
AM29  ,3.1,2019JJ00
AM29  ,3.8,2020JJ00
AM29  ,2.9,2021JJ00
AM29  ,2.7,2022JJ00
AM29  ,2.8,2023JJ00
AM30  ,7.4,2013JJ00
AM30  ,7.4,2014JJ00
AM30  ,6.6,2015JJ00
AM30  ,5.3,2016JJ00
AM30  ,4.3,2017JJ00
AM30  ,3.5,2018JJ00
AM30  ,3.7,2019JJ00
AM30  ,4.2,2020JJ00
AM30  ,3.2,2021JJ00
AM30  ,2.9,2022JJ00
AM30  ,3.0,2023JJ00
AM32  ,6.4,2013JJ00
AM32  ,6.6,2014JJ00
AM32  ,6.0,2015JJ00
AM32  ,4.9,2016JJ00
AM32  ,3.8,2017JJ00
AM32  ,3.3,2018JJ00
AM32  ,3.2,2019JJ00
AM32  ,3.8,2020JJ00
AM32  ,2.9,2021JJ00
AM32  ,2.6,2022JJ00
AM32  ,2.6,2023JJ00
AM33  ,6.0,2013JJ00
AM33  ,5.7,2014JJ00
AM33  ,5.2,2015JJ00
AM33  ,4.5,2016JJ00
AM33  ,3.7,2017JJ00
AM33  ,3.1,2018JJ00
AM33  ,3.2,2019JJ00
AM33  ,3.7,2020JJ00
AM33  ,2.8,2021JJ00
AM33  ,2.6,2022JJ00
AM33  ,2.7,2023JJ00
AM34  ,6.5,2013JJ00
AM34  ,6.3,2014JJ00
AM34  ,6.0,2015JJ00
AM34  ,5.3,2016JJ00
AM34  ,4.2,2017JJ00
AM34  ,3.2,2018JJ00
AM34  ,3.3,2019JJ00
AM34  ,3.8,2020JJ00
AM34  ,3.1,2021JJ00
AM34  ,2.8,2022JJ00
AM34  ,2.7,2023JJ00
AM35  ,5.6,2013JJ00
AM35  ,5.5,2014JJ00
AM35  ,4.9,2015JJ00
AM35  ,4.1,2016JJ00
AM35  ,3.5,2017JJ00
AM35  ,2.9,2018JJ00
AM35  ,2.9,2019JJ00
AM35  ,3.2,2020JJ00
AM35  ,2.5,2021JJ00
AM35  ,2.2,2022JJ00
AM35  ,2.4,2023JJ00
AM36  ,5.9,2013JJ00
AM36  ,5.7,2014JJ00
AM36  ,5.0,2015JJ00
AM36  ,4.6,2016JJ00
AM36  ,3.6,2017JJ00
AM36  ,2.7,2018JJ00
AM36  ,3.0,2019JJ00
AM36  ,3.2,2020JJ00
AM36  ,2.5,2021JJ00
AM36  ,2.3,2022JJ00
AM36  ,2.3,2023JJ00
AM37  ,6.3,2013JJ00
AM37  ,6.4,2014JJ00
AM37  ,5.8,2015JJ00
AM37  ,5.0,2016JJ00
AM37  ,4.4,2017JJ00
AM37  ,3.3,2018JJ00
AM37  ,3.4,2019JJ00
AM37  ,4.0,2020JJ00
AM37  ,3.2,2021JJ00
AM37  ,2.7,2022JJ00
AM37  ,2.9,2023JJ00
AM38  ,5.8,2013JJ00
AM38  ,6.1,2014JJ00
AM38  ,5.3,2015JJ00
AM38  ,4.5,2016JJ00
AM38  ,3.5,2017JJ00
AM38  ,2.8,2018JJ00
AM38  ,2.8,2019JJ00
AM38  ,3.3,2020JJ00
AM38  ,2.4,2021JJ00
AM38  ,2.4,2022JJ00
AM38  ,2.5,2023JJ00
AM99  ,,2013JJ00
AM99  ,,2014JJ00
AM99  ,,2015JJ00
AM99  ,,2016JJ00
AM99  ,,2017JJ00
AM99  ,,2018JJ00
AM99  ,,2019JJ00
AM99  ,,2020JJ00
AM99  ,,2021JJ00
AM99  ,,2022JJ00
AM99  ,,2023JJ00
NL01  ,7.0,2013JJ00
NL01  ,7.5,2014JJ00
NL01  ,7.5,2015JJ00
NL01  ,6.6,2016JJ00
NL01  ,5.4,2017JJ00
NL01  ,4.6,2018JJ00
NL01  ,3.7,2019JJ00
NL01  ,3.4,2020JJ00
NL01  ,3.0,2021JJ00
NL01  ,2.5,2022JJ00
NL01  ,2.2,2023JJ00
LD01  ,7.3,2013JJ00
LD01  ,7.8,2014JJ00
LD01  ,8.1,2015JJ00
LD01  ,7.1,2016JJ00
LD01  ,5.9,2017JJ00
LD01  ,5.0,2018JJ00
LD01  ,3.8,2019JJ00
LD01  ,3.5,2020JJ00
LD01  ,3.1,2021JJ00
LD01  ,2.5,2022JJ00
LD01  ,2.1,2023JJ00
LD02  ,6.8,2013JJ00
LD02  ,7.6,2014JJ00
LD02  ,7.3,2015JJ00
LD02  ,6.6,2016JJ00
LD02  ,5.2,2017JJ00
LD02  ,4.4,2018JJ00
LD02  ,3.4,2019JJ00
LD02  ,3.1,2020JJ00
LD02  ,2.8,2021JJ00
LD02  ,2.2,2022JJ00
LD02  ,2.0,2023JJ00
LD03  ,7.1,2013JJ00
LD03  ,7.4,2014JJ00
LD03  ,7.5,2015JJ00
LD03  ,6.6,2016JJ00
LD03  ,5.4,2017JJ00
LD03  ,4.6,2018JJ00
LD03  ,3.8,2019JJ00
LD03  ,3.5,2020JJ00
LD03  ,3.2,2021JJ00
LD03  ,2.6,2022JJ00
LD03  ,2.3,2023JJ00
LD04  ,6.8,2013JJ00
LD04  ,7.5,2014JJ00
LD04  ,7.4,2015JJ00
LD04  ,6.2,2016JJ00
LD04  ,5.3,2017JJ00
LD04  ,4.3,2018JJ00
LD04  ,3.7,2019JJ00
LD04  ,3.4,2020JJ00
LD04  ,2.5,2021JJ00
LD04  ,2.4,2022JJ00
LD04  ,2.1,2023JJ00
PV20  ,7.3,2013JJ00
PV20  ,7.9,2014JJ00
PV20  ,8.8,2015JJ00
PV20  ,7.6,2016JJ00
PV20  ,6.1,2017JJ00
PV20  ,5.4,2018JJ00
PV20  ,4.6,2019JJ00
PV20  ,3.8,2020JJ00
PV20  ,3.5,2021JJ00
PV20  ,2.7,2022JJ00
PV20  ,2.0,2023JJ00
PV21  ,7.5,2013JJ00
PV21  ,8.1,2014JJ00
PV21  ,7.9,2015JJ00
PV21  ,7.1,2016JJ00
PV21  ,5.9,2017JJ00
PV21  ,4.9,2018JJ00
PV21  ,3.5,2019JJ00
PV21  ,3.4,2020JJ00
PV21  ,3.2,2021JJ00
PV21  ,2.6,2022JJ00
PV21  ,2.4,2023JJ00
PV22  ,7.0,2013JJ00
PV22  ,7.3,2014JJ00
PV22  ,7.5,2015JJ00
PV22  ,6.7,2016JJ00
PV22  ,5.8,2017JJ00
PV22  ,4.7,2018JJ00
PV22  ,3.3,2019JJ00
PV22  ,3.4,2020JJ00
PV22  ,2.4,2021JJ00
PV22  ,2.3,2022JJ00
PV22  ,1.9,2023JJ00
PV23  ,6.8,2013JJ00
PV23  ,7.2,2014JJ00
PV23  ,7.3,2015JJ00
PV23  ,6.9,2016JJ00
PV23  ,5.3,2017JJ00
PV23  ,4.4,2018JJ00
PV23  ,3.4,2019JJ00
PV23  ,3.2,2020JJ00
PV23  ,2.5,2021JJ00
PV23  ,2.3,2022JJ00
PV23  ,2.1,2023JJ00
PV24  ,7.5,2013JJ00
PV24  ,8.6,2014JJ00
PV24  ,7.7,2015JJ00
PV24  ,7.2,2016JJ00
PV24  ,5.8,2017JJ00
PV24  ,4.7,2018JJ00
PV24  ,3.5,2019JJ00
PV24  ,3.3,2020JJ00
PV24  ,3.6,2021JJ00
PV24  ,2.4,2022JJ00
PV24  ,2.1,2023JJ00
PV25  ,6.6,2013JJ00
PV25  ,7.6,2014JJ00
PV25  ,7.2,2015JJ00
PV25  ,6.3,2016JJ00
PV25  ,5.0,2017JJ00
PV25  ,4.3,2018JJ00
PV25  ,3.3,2019JJ00
PV25  ,3.0,2020JJ00
PV25  ,2.8,2021JJ00
PV25  ,2.2,2022JJ00
PV25  ,1.8,2023JJ00
PV26  ,6.1,2013JJ00
PV26  ,6.9,2014JJ00
PV26  ,7.0,2015JJ00
PV26  ,5.9,2016JJ00
PV26  ,4.8,2017JJ00
PV26  ,4.1,2018JJ00
PV26  ,3.2,2019JJ00
PV26  ,3.0,2020JJ00
PV26  ,2.6,2021JJ00
PV26  ,2.2,2022JJ00
PV26  ,2.0,2023JJ00
PV27  ,7.0,2013JJ00
PV27  ,7.2,2014JJ00
PV27  ,7.2,2015JJ00
PV27  ,6.2,2016JJ00
PV27  ,5.4,2017JJ00
PV27  ,4.7,2018JJ00
PV27  ,3.7,2019JJ00
PV27  ,3.6,2020JJ00
PV27  ,3.3,2021JJ00
PV27  ,2.8,2022JJ00
PV27  ,2.5,2023JJ00
PV28  ,7.6,2013JJ00
PV28  ,8.0,2014JJ00
PV28  ,8.2,2015JJ00
PV28  ,7.3,2016JJ00
PV28  ,5.8,2017JJ00
PV28  ,4.9,2018JJ00
PV28  ,4.2,2019JJ00
PV28  ,3.6,2020JJ00
PV28  ,3.5,2021JJ00
PV28  ,2.7,2022JJ00
PV28  ,2.3,2023JJ00
PV29  ,5.9,2013JJ00
PV29  ,5.6,2014JJ00
PV29  ,6.1,2015JJ00
PV29  ,4.9,2016JJ00
PV29  ,4.4,2017JJ00
PV29  ,3.9,2018JJ00
PV29  ,3.3,2019JJ00
PV29  ,2.9,2020JJ00
PV29  ,2.6,2021JJ00
PV29  ,1.9,2022JJ00
PV29  ,1.6,2023JJ00
PV30  ,6.7,2013JJ00
PV30  ,7.5,2014JJ00
PV30  ,7.4,2015JJ00
PV30  ,6.3,2016JJ00
PV30  ,5.2,2017JJ00
PV30  ,4.3,2018JJ00
PV30  ,3.7,2019JJ00
PV30  ,3.4,2020JJ00
PV30  ,2.5,2021JJ00
PV30  ,2.3,2022JJ00
PV30  ,2.1,2023JJ00
PV31  ,7.0,2013JJ00
PV31  ,7.4,2014JJ00
PV31  ,7.4,2015JJ00
PV31  ,6.1,2016JJ00
PV31  ,5.5,2017JJ00
PV31  ,4.5,2018JJ00
PV31  ,3.6,2019JJ00
PV31  ,3.6,2020JJ00
PV31  ,2.7,2021JJ00
PV31  ,2.7,2022JJ00
PV31  ,2.1,2023JJ00
CR01  ,7.7,2013JJ00
CR01  ,8.3,2014JJ00
CR01  ,8.8,2015JJ00
CR01  ,7.9,2016JJ00
CR01  ,6.6,2017JJ00
CR01  ,5.8,2018JJ00
CR01  ,4.6,2019JJ00
CR01  ,3.8,2020JJ00
CR01  ,3.1,2021JJ00
CR01  ,2.5,2022JJ00
CR01  ,2.1,2023JJ00
CR02  ,7.7,2013JJ00
CR02  ,7.9,2014JJ00
CR02  ,8.4,2015JJ00
CR02  ,7.2,2016JJ00
CR02  ,6.1,2017JJ00
CR02  ,5.1,2018JJ00
CR02  ,4.1,2019JJ00
CR02  ,3.7,2020JJ00
CR02  ,3.3,2021JJ00
CR02  ,2.7,2022JJ00
CR02  ,2.4,2023JJ00
CR03  ,7.1,2013JJ00
CR03  ,7.7,2014JJ00
CR03  ,8.9,2015JJ00
CR03  ,7.5,2016JJ00
CR03  ,5.9,2017JJ00
CR03  ,5.3,2018JJ00
CR03  ,4.7,2019JJ00
CR03  ,3.8,2020JJ00
CR03  ,3.7,2021JJ00
CR03  ,2.8,2022JJ00
CR03  ,1.9,2023JJ00
CR04  ,7.9,2013JJ00
CR04  ,8.3,2014JJ00
CR04  ,8.3,2015JJ00
CR04  ,7.4,2016JJ00
CR04  ,6.2,2017JJ00
CR04  ,5.4,2018JJ00
CR04  ,3.8,2019JJ00
CR04  ,3.5,2020JJ00
CR04  ,3.3,2021JJ00
CR04  ,2.6,2022JJ00
CR04  ,2.4,2023JJ00
CR05  ,6.8,2013JJ00
CR05  ,7.4,2014JJ00
CR05  ,6.8,2015JJ00
CR05  ,6.2,2016JJ00
CR05  ,5.3,2017JJ00
CR05  ,4.5,2018JJ00
CR05  ,3.2,2019JJ00
CR05  ,3.2,2020JJ00
CR05  ,3.0,2021JJ00
CR05  ,2.6,2022JJ00
CR05  ,2.5,2023JJ00
CR06  ,7.5,2013JJ00
CR06  ,8.4,2014JJ00
CR06  ,8.1,2015JJ00
CR06  ,7.4,2016JJ00
CR06  ,5.8,2017JJ00
CR06  ,4.6,2018JJ00
CR06  ,3.5,2019JJ00
CR06  ,3.3,2020JJ00
CR06  ,3.1,2021JJ00
CR06  ,2.4,2022JJ00
CR06  ,2.3,2023JJ00
CR07  ,6.3,2013JJ00
CR07  ,6.6,2014JJ00
CR07  ,7.0,2015JJ00
CR07  ,6.2,2016JJ00
CR07  ,5.3,2017JJ00
CR07  ,4.3,2018JJ00
CR07  ,3.1,2019JJ00
CR07  ,3.1,2020JJ00
CR07  ,2.4,2021JJ00
CR07  ,2.2,2022JJ00
CR07  ,1.9,2023JJ00
CR08  ,7.6,2013JJ00
CR08  ,7.7,2014JJ00
CR08  ,8.2,2015JJ00
CR08  ,7.4,2016JJ00
CR08  ,6.8,2017JJ00
CR08  ,5.4,2018JJ00
CR08  ,3.7,2019JJ00
CR08  ,3.9,2020JJ00
CR08  ,2.6,2021JJ00
CR08  ,2.4,2022JJ00
CR08  ,1.9,2023JJ00
CR09  ,7.3,2013JJ00
CR09  ,7.6,2014JJ00
CR09  ,7.3,2015JJ00
CR09  ,6.4,2016JJ00
CR09  ,5.2,2017JJ00
CR09  ,4.3,2018JJ00
CR09  ,3.0,2019JJ00
CR09  ,3.3,2020JJ00
CR09  ,2.4,2021JJ00
CR09  ,2.2,2022JJ00
CR09  ,1.8,2023JJ00
CR10  ,6.3,2013JJ00
CR10  ,6.4,2014JJ00
CR10  ,6.7,2015JJ00
CR10  ,6.4,2016JJ00
CR10  ,4.8,2017JJ00
CR10  ,4.2,2018JJ00
CR10  ,3.2,2019JJ00
CR10  ,3.0,2020JJ00
CR10  ,2.3,2021JJ00
CR10  ,2.0,2022JJ00
CR10  ,2.0,2023JJ00
CR11  ,6.6,2013JJ00
CR11  ,7.0,2014JJ00
CR11  ,6.9,2015JJ00
CR11  ,6.4,2016JJ00
CR11  ,5.1,2017JJ00
CR11  ,4.3,2018JJ00
CR11  ,3.3,2019JJ00
CR11  ,3.2,2020JJ00
CR11  ,2.5,2021JJ00
CR11  ,2.3,2022JJ00
CR11  ,2.1,2023JJ00
CR12  ,7.2,2013JJ00
CR12  ,7.7,2014JJ00
CR12  ,7.6,2015JJ00
CR12  ,7.3,2016JJ00
CR12  ,5.6,2017JJ00
CR12  ,4.5,2018JJ00
CR12  ,3.5,2019JJ00
CR12  ,3.3,2020JJ00
CR12  ,2.7,2021JJ00
CR12  ,2.4,2022JJ00
CR12  ,2.2,2023JJ00
CR13  ,5.8,2013JJ00
CR13  ,6.7,2014JJ00
CR13  ,6.4,2015JJ00
CR13  ,5.9,2016JJ00
CR13  ,4.6,2017JJ00
CR13  ,4.0,2018JJ00
CR13  ,3.0,2019JJ00
CR13  ,2.8,2020JJ00
CR13  ,2.4,2021JJ00
CR13  ,2.0,2022JJ00
CR13  ,1.7,2023JJ00
CR14  ,6.5,2013JJ00
CR14  ,7.5,2014JJ00
CR14  ,7.1,2015JJ00
CR14  ,6.2,2016JJ00
CR14  ,4.9,2017JJ00
CR14  ,4.1,2018JJ00
CR14  ,3.1,2019JJ00
CR14  ,2.9,2020JJ00
CR14  ,2.4,2021JJ00
CR14  ,2.0,2022JJ00
CR14  ,1.8,2023JJ00
CR15  ,7.6,2013JJ00
CR15  ,8.6,2014JJ00
CR15  ,8.1,2015JJ00
CR15  ,7.0,2016JJ00
CR15  ,5.8,2017JJ00
CR15  ,4.9,2018JJ00
CR15  ,3.9,2019JJ00
CR15  ,3.4,2020JJ00
CR15  ,3.5,2021JJ00
CR15  ,2.5,2022JJ00
CR15  ,2.1,2023JJ00
CR16  ,6.1,2013JJ00
CR16  ,6.9,2014JJ00
CR16  ,6.5,2015JJ00
CR16  ,5.5,2016JJ00
CR16  ,4.5,2017JJ00
CR16  ,3.8,2018JJ00
CR16  ,3.0,2019JJ00
CR16  ,2.8,2020JJ00
CR16  ,2.5,2021JJ00
CR16  ,2.0,2022JJ00
CR16  ,1.8,2023JJ00
CR17  ,6.1,2013JJ00
CR17  ,6.9,2014JJ00
CR17  ,7.0,2015JJ00
CR17  ,5.9,2016JJ00
CR17  ,4.8,2017JJ00
CR17  ,4.1,2018JJ00
CR17  ,3.2,2019JJ00
CR17  ,3.0,2020JJ00
CR17  ,2.6,2021JJ00
CR17  ,2.2,2022JJ00
CR17  ,2.0,2023JJ00
CR18  ,6.1,2013JJ00
CR18  ,6.5,2014JJ00
CR18  ,6.2,2015JJ00
CR18  ,5.7,2016JJ00
CR18  ,4.9,2017JJ00
CR18  ,4.1,2018JJ00
CR18  ,3.2,2019JJ00
CR18  ,2.9,2020JJ00
CR18  ,2.4,2021JJ00
CR18  ,2.2,2022JJ00
CR18  ,1.9,2023JJ00
CR19  ,6.3,2013JJ00
CR19  ,6.5,2014JJ00
CR19  ,6.1,2015JJ00
CR19  ,5.5,2016JJ00
CR19  ,4.9,2017JJ00
CR19  ,4.1,2018JJ00
CR19  ,3.3,2019JJ00
CR19  ,3.0,2020JJ00
CR19  ,2.5,2021JJ00
CR19  ,2.1,2022JJ00
CR19  ,1.9,2023JJ00
CR20  ,5.6,2013JJ00
CR20  ,6.2,2014JJ00
CR20  ,6.0,2015JJ00
CR20  ,5.3,2016JJ00
CR20  ,4.5,2017JJ00
CR20  ,3.8,2018JJ00
CR20  ,3.0,2019JJ00
CR20  ,3.0,2020JJ00
CR20  ,2.5,2021JJ00
CR20  ,2.3,2022JJ00
CR20  ,2.0,2023JJ00
CR21  ,6.8,2013JJ00
CR21  ,6.6,2014JJ00
CR21  ,7.1,2015JJ00
CR21  ,5.8,2016JJ00
CR21  ,5.3,2017JJ00
CR21  ,4.4,2018JJ00
CR21  ,3.5,2019JJ00
CR21  ,3.5,2020JJ00
CR21  ,3.1,2021JJ00
CR21  ,2.8,2022JJ00
CR21  ,2.6,2023JJ00
CR22  ,7.2,2013JJ00
CR22  ,7.2,2014JJ00
CR22  ,7.0,2015JJ00
CR22  ,6.6,2016JJ00
CR22  ,5.3,2017JJ00
CR22  ,4.4,2018JJ00
CR22  ,3.4,2019JJ00
CR22  ,3.5,2020JJ00
CR22  ,3.3,2021JJ00
CR22  ,2.5,2022JJ00
CR22  ,2.2,2023JJ00
CR23  ,7.8,2013JJ00
CR23  ,7.8,2014JJ00
CR23  ,8.1,2015JJ00
CR23  ,6.8,2016JJ00
CR23  ,5.9,2017JJ00
CR23  ,5.3,2018JJ00
CR23  ,4.2,2019JJ00
CR23  ,4.2,2020JJ00
CR23  ,4.1,2021JJ00
CR23  ,3.3,2022JJ00
CR23  ,3.0,2023JJ00
CR24  ,6.5,2013JJ00
CR24  ,7.1,2014JJ00
CR24  ,6.8,2015JJ00
CR24  ,5.9,2016JJ00
CR24  ,5.0,2017JJ00
CR24  ,4.3,2018JJ00
CR24  ,3.3,2019JJ00
CR24  ,3.2,2020JJ00
CR24  ,2.9,2021JJ00
CR24  ,2.3,2022JJ00
CR24  ,2.1,2023JJ00
CR25  ,5.9,2013JJ00
CR25  ,6.2,2014JJ00
CR25  ,6.1,2015JJ00
CR25  ,5.4,2016JJ00
CR25  ,4.6,2017JJ00
CR25  ,3.8,2018JJ00
CR25  ,3.2,2019JJ00
CR25  ,2.9,2020JJ00
CR25  ,2.8,2021JJ00
CR25  ,2.2,2022JJ00
CR25  ,1.9,2023JJ00
CR26  ,8.4,2013JJ00
CR26  ,9.2,2014JJ00
CR26  ,9.3,2015JJ00
CR26  ,8.1,2016JJ00
CR26  ,6.6,2017JJ00
CR26  ,5.4,2018JJ00
CR26  ,4.8,2019JJ00
CR26  ,4.1,2020JJ00
CR26  ,3.9,2021JJ00
CR26  ,3.0,2022JJ00
CR26  ,2.5,2023JJ00
CR27  ,6.2,2013JJ00
CR27  ,6.8,2014JJ00
CR27  ,6.6,2015JJ00
CR27  ,5.8,2016JJ00
CR27  ,4.9,2017JJ00
CR27  ,4.1,2018JJ00
CR27  ,3.3,2019JJ00
CR27  ,2.8,2020JJ00
CR27  ,2.8,2021JJ00
CR27  ,2.1,2022JJ00
CR27  ,1.9,2023JJ00
CR28  ,6.0,2013JJ00
CR28  ,6.4,2014JJ00
CR28  ,6.3,2015JJ00
CR28  ,5.8,2016JJ00
CR28  ,4.5,2017JJ00
CR28  ,3.9,2018JJ00
CR28  ,3.2,2019JJ00
CR28  ,3.0,2020JJ00
CR28  ,2.7,2021JJ00
CR28  ,2.1,2022JJ00
CR28  ,1.8,2023JJ00
CR29  ,8.8,2013JJ00
CR29  ,9.0,2014JJ00
CR29  ,9.4,2015JJ00
CR29  ,8.4,2016JJ00
CR29  ,6.5,2017JJ00
CR29  ,5.5,2018JJ00
CR29  ,4.7,2019JJ00
CR29  ,3.9,2020JJ00
CR29  ,3.9,2021JJ00
CR29  ,3.0,2022JJ00
CR29  ,2.7,2023JJ00
CR30  ,6.2,2013JJ00
CR30  ,6.8,2014JJ00
CR30  ,6.6,2015JJ00
CR30  ,6.0,2016JJ00
CR30  ,4.8,2017JJ00
CR30  ,4.4,2018JJ00
CR30  ,3.6,2019JJ00
CR30  ,3.3,2020JJ00
CR30  ,2.9,2021JJ00
CR30  ,2.3,2022JJ00
CR30  ,1.9,2023JJ00
CR31  ,6.1,2013JJ00
CR31  ,5.7,2014JJ00
CR31  ,6.2,2015JJ00
CR31  ,4.9,2016JJ00
CR31  ,4.4,2017JJ00
CR31  ,3.8,2018JJ00
CR31  ,3.3,2019JJ00
CR31  ,3.0,2020JJ00
CR31  ,2.6,2021JJ00
CR31  ,2.0,2022JJ00
CR31  ,1.7,2023JJ00
CR32  ,5.8,2013JJ00
CR32  ,5.6,2014JJ00
CR32  ,6.0,2015JJ00
CR32  ,4.9,2016JJ00
CR32  ,4.4,2017JJ00
CR32  ,3.9,2018JJ00
CR32  ,3.3,2019JJ00
CR32  ,2.9,2020JJ00
CR32  ,2.6,2021JJ00
CR32  ,1.9,2022JJ00
CR32  ,1.6,2023JJ00
CR33  ,6.7,2013JJ00
CR33  ,7.5,2014JJ00
CR33  ,7.5,2015JJ00
CR33  ,6.5,2016JJ00
CR33  ,5.4,2017JJ00
CR33  ,4.4,2018JJ00
CR33  ,3.8,2019JJ00
CR33  ,3.5,2020JJ00
CR33  ,2.6,2021JJ00
CR33  ,2.4,2022JJ00
CR33  ,2.2,2023JJ00
CR34  ,6.8,2013JJ00
CR34  ,7.4,2014JJ00
CR34  ,7.6,2015JJ00
CR34  ,6.2,2016JJ00
CR34  ,5.1,2017JJ00
CR34  ,4.2,2018JJ00
CR34  ,3.8,2019JJ00
CR34  ,3.3,2020JJ00
CR34  ,2.3,2021JJ00
CR34  ,2.3,2022JJ00
CR34  ,2.3,2023JJ00
CR35  ,6.4,2013JJ00
CR35  ,7.4,2014JJ00
CR35  ,7.1,2015JJ00
CR35  ,6.0,2016JJ00
CR35  ,4.9,2017JJ00
CR35  ,4.1,2018JJ00
CR35  ,3.5,2019JJ00
CR35  ,3.2,2020JJ00
CR35  ,2.2,2021JJ00
CR35  ,2.2,2022JJ00
CR35  ,1.9,2023JJ00
CR36  ,7.0,2013JJ00
CR36  ,7.9,2014JJ00
CR36  ,7.5,2015JJ00
CR36  ,6.4,2016JJ00
CR36  ,5.2,2017JJ00
CR36  ,4.3,2018JJ00
CR36  ,3.7,2019JJ00
CR36  ,3.6,2020JJ00
CR36  ,2.6,2021JJ00
CR36  ,2.3,2022JJ00
CR36  ,2.1,2023JJ00
CR37  ,6.8,2013JJ00
CR37  ,7.4,2014JJ00
CR37  ,7.3,2015JJ00
CR37  ,5.8,2016JJ00
CR37  ,5.2,2017JJ00
CR37  ,4.1,2018JJ00
CR37  ,3.2,2019JJ00
CR37  ,3.6,2020JJ00
CR37  ,2.6,2021JJ00
CR37  ,2.6,2022JJ00
CR37  ,2.0,2023JJ00
CR38  ,6.4,2013JJ00
CR38  ,6.8,2014JJ00
CR38  ,6.8,2015JJ00
CR38  ,5.8,2016JJ00
CR38  ,5.1,2017JJ00
CR38  ,4.3,2018JJ00
CR38  ,3.4,2019JJ00
CR38  ,3.4,2020JJ00
CR38  ,2.6,2021JJ00
CR38  ,2.6,2022JJ00
CR38  ,2.1,2023JJ00
CR39  ,7.4,2013JJ00
CR39  ,7.7,2014JJ00
CR39  ,7.7,2015JJ00
CR39  ,6.4,2016JJ00
CR39  ,5.8,2017JJ00
CR39  ,4.7,2018JJ00
CR39  ,3.8,2019JJ00
CR39  ,3.7,2020JJ00
CR39  ,2.8,2021JJ00
CR39  ,2.8,2022JJ00
CR39  ,2.2,2023JJ00
CR40  ,7.5,2013JJ00
CR40  ,8.6,2014JJ00
CR40  ,7.7,2015JJ00
CR40  ,7.2,2016JJ00
CR40  ,5.8,2017JJ00
CR40  ,4.7,2018JJ00
CR40  ,3.5,2019JJ00
CR40  ,3.3,2020JJ00
CR40  ,3.6,2021JJ00
CR40  ,2.4,2022JJ00
CR40  ,2.1,2023JJ00
GM1680,6.4,2013JJ00
GM1680,6.8,2014JJ00
GM1680,6.6,2015JJ00
GM1680,6.0,2016JJ00
GM1680,5.2,2017JJ00
GM1680,4.0,2018JJ00
GM1680,3.1,2019JJ00
GM1680,3.1,2020JJ00
GM1680,2.6,2021JJ00
GM1680,2.2,2022JJ00
GM1680,1.7,2023JJ00
GM0358,5.6,2013JJ00
GM0358,5.7,2014JJ00
GM0358,5.7,2015JJ00
GM0358,5.3,2016JJ00
GM0358,3.8,2017JJ00
GM0358,3.1,2018JJ00
GM0358,2.6,2019JJ00
GM0358,2.6,2020JJ00
GM0358,2.6,2021JJ00
GM0358,1.9,2022JJ00
GM0358,1.8,2023JJ00
GM0197,5.6,2013JJ00
GM0197,6.5,2014JJ00
GM0197,6.1,2015JJ00
GM0197,5.4,2016JJ00
GM0197,4.4,2017JJ00
GM0197,3.7,2018JJ00
GM0197,2.8,2019JJ00
GM0197,2.5,2020JJ00
GM0197,2.0,2021JJ00
GM0197,1.9,2022JJ00
GM0197,1.6,2023JJ00
GM0059,7.9,2013JJ00
GM0059,9.4,2014JJ00
GM0059,8.4,2015JJ00
GM0059,7.5,2016JJ00
GM0059,5.7,2017JJ00
GM0059,4.7,2018JJ00
GM0059,3.6,2019JJ00
GM0059,3.4,2020JJ00
GM0059,3.1,2021JJ00
GM0059,2.5,2022JJ00
GM0059,2.1,2023JJ00
GM0482,5.4,2013JJ00
GM0482,6.0,2014JJ00
GM0482,5.7,2015JJ00
GM0482,5.3,2016JJ00
GM0482,4.6,2017JJ00
GM0482,4.1,2018JJ00
GM0482,3.3,2019JJ00
GM0482,3.2,2020JJ00
GM0482,2.9,2021JJ00
GM0482,2.2,2022JJ00
GM0482,1.8,2023JJ00
GM0613,5.6,2013JJ00
GM0613,6.1,2014JJ00
GM0613,6.0,2015JJ00
GM0613,5.0,2016JJ00
GM0613,4.0,2017JJ00
GM0613,3.3,2018JJ00
GM0613,2.9,2019JJ00
GM0613,2.9,2020JJ00
GM0613,2.5,2021JJ00
GM0613,2.0,2022JJ00
GM0613,1.8,2023JJ00
GM0361,6.9,2013JJ00
GM0361,6.8,2014JJ00
GM0361,6.6,2015JJ00
GM0361,6.2,2016JJ00
GM0361,5.6,2017JJ00
GM0361,4.5,2018JJ00
GM0361,3.7,2019JJ00
GM0361,3.3,2020JJ00
GM0361,2.7,2021JJ00
GM0361,2.4,2022JJ00
GM0361,2.1,2023JJ00
GM0141,8.8,2013JJ00
GM0141,10.3,2014JJ00
GM0141,10.7,2015JJ00
GM0141,9.6,2016JJ00
GM0141,7.3,2017JJ00
GM0141,5.5,2018JJ00
GM0141,3.8,2019JJ00
GM0141,3.9,2020JJ00
GM0141,3.3,2021JJ00
GM0141,3.0,2022JJ00
GM0141,2.8,2023JJ00
GM0034,7.9,2013JJ00
GM0034,9.5,2014JJ00
GM0034,8.1,2015JJ00
GM0034,7.6,2016JJ00
GM0034,6.0,2017JJ00
GM0034,5.0,2018JJ00
GM0034,3.5,2019JJ00
GM0034,3.5,2020JJ00
GM0034,4.4,2021JJ00
GM0034,2.8,2022JJ00
GM0034,2.3,2023JJ00
GM0484,5.8,2013JJ00
GM0484,6.1,2014JJ00
GM0484,6.0,2015JJ00
GM0484,6.0,2016JJ00
GM0484,4.3,2017JJ00
GM0484,3.9,2018JJ00
GM0484,3.2,2019JJ00
GM0484,3.3,2020JJ00
GM0484,2.9,2021JJ00
GM0484,2.3,2022JJ00
GM0484,1.9,2023JJ00
GM1723,5.5,2013JJ00
GM1723,5.3,2014JJ00
GM1723,5.5,2015JJ00
GM1723,4.9,2016JJ00
GM1723,4.3,2017JJ00
GM1723,3.4,2018JJ00
GM1723,2.9,2019JJ00
GM1723,2.6,2020JJ00
GM1723,2.0,2021JJ00
GM1723,1.7,2022JJ00
GM1723,1.6,2023JJ00
GM1959,5.4,2013JJ00
GM1959,6.1,2014JJ00
GM1959,6.2,2015JJ00
GM1959,5.2,2016JJ00
GM1959,4.2,2017JJ00
GM1959,3.4,2018JJ00
GM1959,2.7,2019JJ00
GM1959,2.4,2020JJ00
GM1959,1.8,2021JJ00
GM1959,1.8,2022JJ00
GM1959,1.6,2023JJ00
GM0060,6.0,2013JJ00
GM0060,5.7,2014JJ00
GM0060,6.0,2015JJ00
GM0060,5.7,2016JJ00
GM0060,4.6,2017JJ00
GM0060,3.5,2018JJ00
GM0060,2.8,2019JJ00
GM0060,3.2,2020JJ00
GM0060,2.8,2021JJ00
GM0060,2.2,2022JJ00
GM0060,1.9,2023JJ00
GM0307,6.0,2013JJ00
GM0307,7.3,2014JJ00
GM0307,7.6,2015JJ00
GM0307,5.8,2016JJ00
GM0307,4.9,2017JJ00
GM0307,3.8,2018JJ00
GM0307,3.2,2019JJ00
GM0307,3.1,2020JJ00
GM0307,3.0,2021JJ00
GM0307,2.2,2022JJ00
GM0307,2.1,2023JJ00
GM0362,6.6,2013JJ00
GM0362,6.7,2014JJ00
GM0362,6.6,2015JJ00
GM0362,5.7,2016JJ00
GM0362,4.7,2017JJ00
GM0362,4.4,2018JJ00
GM0362,3.2,2019JJ00
GM0362,3.4,2020JJ00
GM0362,3.7,2021JJ00
GM0362,2.7,2022JJ00
GM0362,2.5,2023JJ00
GM0363,9.2,2013JJ00
GM0363,8.9,2014JJ00
GM0363,9.5,2015JJ00
GM0363,7.8,2016JJ00
GM0363,6.9,2017JJ00
GM0363,6.4,2018JJ00
GM0363,5.0,2019JJ00
GM0363,5.1,2020JJ00
GM0363,4.8,2021JJ00
GM0363,4.0,2022JJ00
GM0363,3.7,2023JJ00
GM0200,6.0,2013JJ00
GM0200,7.6,2014JJ00
GM0200,7.1,2015JJ00
GM0200,6.7,2016JJ00
GM0200,5.2,2017JJ00
GM0200,4.9,2018JJ00
GM0200,3.4,2019JJ00
GM0200,3.2,2020JJ00
GM0200,2.6,2021JJ00
GM0200,2.4,2022JJ00
GM0200,1.9,2023JJ00
GM0202,8.8,2013JJ00
GM0202,11.7,2014JJ00
GM0202,11.0,2015JJ00
GM0202,8.3,2016JJ00
GM0202,7.2,2017JJ00
GM0202,6.0,2018JJ00
GM0202,5.2,2019JJ00
GM0202,3.8,2020JJ00
GM0202,4.9,2021JJ00
GM0202,3.0,2022JJ00
GM0202,2.6,2023JJ00
GM0106,7.1,2013JJ00
GM0106,7.1,2014JJ00
GM0106,7.8,2015JJ00
GM0106,6.9,2016JJ00
GM0106,5.8,2017JJ00
GM0106,4.9,2018JJ00
GM0106,3.2,2019JJ00
GM0106,3.3,2020JJ00
GM0106,2.5,2021JJ00
GM0106,2.5,2022JJ00
GM0106,2.2,2023JJ00
GM0743,5.7,2013JJ00
GM0743,6.6,2014JJ00
GM0743,6.4,2015JJ00
GM0743,5.4,2016JJ00
GM0743,4.5,2017JJ00
GM0743,3.7,2018JJ00
GM0743,3.3,2019JJ00
GM0743,3.0,2020JJ00
GM0743,2.2,2021JJ00
GM0743,2.1,2022JJ00
GM0743,1.8,2023JJ00
GM0744,6.5,2013JJ00
GM0744,7.2,2014JJ00
GM0744,7.2,2015JJ00
GM0744,6.0,2016JJ00
GM0744,5.0,2017JJ00
GM0744,3.9,2018JJ00
GM0744,3.7,2019JJ00
GM0744,3.0,2020JJ00
GM0744,2.5,2021JJ00
GM0744,2.1,2022JJ00
GM0744,2.0,2023JJ00
GM0308,6.4,2013JJ00
GM0308,6.7,2014JJ00
GM0308,7.3,2015JJ00
GM0308,6.1,2016JJ00
GM0308,4.8,2017JJ00
GM0308,4.0,2018JJ00
GM0308,3.3,2019JJ00
GM0308,3.2,2020JJ00
GM0308,2.5,2021JJ00
GM0308,2.4,2022JJ00
GM0308,2.1,2023JJ00
GM0489,5.5,2013JJ00
GM0489,5.9,2014JJ00
GM0489,5.9,2015JJ00
GM0489,5.2,2016JJ00
GM0489,4.5,2017JJ00
GM0489,3.9,2018JJ00
GM0489,2.7,2019JJ00
GM0489,2.8,2020JJ00
GM0489,2.5,2021JJ00
GM0489,2.3,2022JJ00
GM0489,1.9,2023JJ00
GM0203,5.3,2013JJ00
GM0203,6.2,2014JJ00
GM0203,5.5,2015JJ00
GM0203,4.6,2016JJ00
GM0203,3.9,2017JJ00
GM0203,3.5,2018JJ00
GM0203,2.6,2019JJ00
GM0203,2.3,2020JJ00
GM0203,2.3,2021JJ00
GM0203,1.6,2022JJ00
GM0203,1.5,2023JJ00
GM0888,6.4,2013JJ00
GM0888,6.4,2014JJ00
GM0888,6.7,2015JJ00
GM0888,6.0,2016JJ00
GM0888,4.7,2017JJ00
GM0888,4.3,2018JJ00
GM0888,3.5,2019JJ00
GM0888,3.4,2020JJ00
GM0888,2.6,2021JJ00
GM0888,2.5,2022JJ00
GM0888,2.2,2023JJ00
GM1954,6.3,2013JJ00
GM1954,6.5,2014JJ00
GM1954,6.3,2015JJ00
GM1954,5.7,2016JJ00
GM1954,4.8,2017JJ00
GM1954,4.1,2018JJ00
GM1954,3.1,2019JJ00
GM1954,3.0,2020JJ00
GM1954,2.4,2021JJ00
GM1954,2.1,2022JJ00
GM1954,1.8,2023JJ00
GM0889,6.7,2013JJ00
GM0889,7.2,2014JJ00
GM0889,7.3,2015JJ00
GM0889,6.4,2016JJ00
GM0889,5.1,2017JJ00
GM0889,4.0,2018JJ00
GM0889,3.3,2019JJ00
GM0889,3.5,2020JJ00
GM0889,2.8,2021JJ00
GM0889,2.4,2022JJ00
GM0889,2.0,2023JJ00
GM1945,6.9,2013JJ00
GM1945,7.8,2014JJ00
GM1945,7.0,2015JJ00
GM1945,5.9,2016JJ00
GM1945,5.3,2017JJ00
GM1945,4.4,2018JJ00
GM1945,3.6,2019JJ00
GM1945,3.2,2020JJ00
GM1945,2.5,2021JJ00
GM1945,2.1,2022JJ00
GM1945,1.8,2023JJ00
GM1724,5.6,2013JJ00
GM1724,6.2,2014JJ00
GM1724,6.2,2015JJ00
GM1724,5.1,2016JJ00
GM1724,4.0,2017JJ00
GM1724,3.4,2018JJ00
GM1724,2.7,2019JJ00
GM1724,2.9,2020JJ00
GM1724,1.8,2021JJ00
GM1724,2.0,2022JJ00
GM1724,1.6,2023JJ00
GM0893,6.8,2013JJ00
GM0893,6.9,2014JJ00
GM0893,6.8,2015JJ00
GM0893,6.1,2016JJ00
GM0893,5.3,2017JJ00
GM0893,4.1,2018JJ00
GM0893,3.2,2019JJ00
GM0893,3.1,2020JJ00
GM0893,2.7,2021JJ00
GM0893,2.5,2022JJ00
GM0893,2.1,2023JJ00
GM0373,5.9,2013JJ00
GM0373,6.2,2014JJ00
GM0373,5.4,2015JJ00
GM0373,4.6,2016JJ00
GM0373,4.3,2017JJ00
GM0373,4.1,2018JJ00
GM0373,3.1,2019JJ00
GM0373,2.8,2020JJ00
GM0373,2.1,2021JJ00
GM0373,2.0,2022JJ00
GM0373,1.7,2023JJ00
GM0748,6.9,2013JJ00
GM0748,7.6,2014JJ00
GM0748,8.4,2015JJ00
GM0748,7.7,2016JJ00
GM0748,6.1,2017JJ00
GM0748,4.7,2018JJ00
GM0748,4.5,2019JJ00
GM0748,3.9,2020JJ00
GM0748,2.9,2021JJ00
GM0748,2.6,2022JJ00
GM0748,2.4,2023JJ00
GM1859,6.1,2013JJ00
GM1859,7.3,2014JJ00
GM1859,6.9,2015JJ00
GM1859,5.5,2016JJ00
GM1859,4.5,2017JJ00
GM1859,3.8,2018JJ00
GM1859,3.0,2019JJ00
GM1859,2.6,2020JJ00
GM1859,2.3,2021JJ00
GM1859,1.9,2022JJ00
GM1859,1.6,2023JJ00
GM1721,6.0,2013JJ00
GM1721,6.3,2014JJ00
GM1721,6.3,2015JJ00
GM1721,4.9,2016JJ00
GM1721,4.2,2017JJ00
GM1721,3.6,2018JJ00
GM1721,2.9,2019JJ00
GM1721,2.6,2020JJ00
GM1721,1.9,2021JJ00
GM1721,1.8,2022JJ00
GM1721,1.6,2023JJ00
GM0753,6.5,2013JJ00
GM0753,7.0,2014JJ00
GM0753,6.5,2015JJ00
GM0753,5.9,2016JJ00
GM0753,4.5,2017JJ00
GM0753,3.8,2018JJ00
GM0753,3.1,2019JJ00
GM0753,3.0,2020JJ00
GM0753,2.9,2021JJ00
GM0753,2.5,2022JJ00
GM0753,2.0,2023JJ00
GM0209,6.4,2013JJ00
GM0209,6.4,2014JJ00
GM0209,6.4,2015JJ00
GM0209,5.7,2016JJ00
GM0209,4.9,2017JJ00
GM0209,3.8,2018JJ00
GM0209,3.0,2019JJ00
GM0209,2.9,2020JJ00
GM0209,2.4,2021JJ00
GM0209,2.2,2022JJ00
GM0209,2.1,2023JJ00
GM0375,6.2,2013JJ00
GM0375,7.1,2014JJ00
GM0375,6.9,2015JJ00
GM0375,6.1,2016JJ00
GM0375,5.1,2017JJ00
GM0375,4.3,2018JJ00
GM0375,3.4,2019JJ00
GM0375,3.2,2020JJ00
GM0375,2.8,2021JJ00
GM0375,2.7,2022JJ00
GM0375,2.2,2023JJ00
GM0310,5.7,2013JJ00
GM0310,6.1,2014JJ00
GM0310,5.6,2015JJ00
GM0310,4.7,2016JJ00
GM0310,4.5,2017JJ00
GM0310,3.8,2018JJ00
GM0310,2.9,2019JJ00
GM0310,3.0,2020JJ00
GM0310,2.3,2021JJ00
GM0310,2.4,2022JJ00
GM0310,2.0,2023JJ00
GM1728,5.2,2013JJ00
GM1728,5.7,2014JJ00
GM1728,5.6,2015JJ00
GM1728,5.0,2016JJ00
GM1728,3.9,2017JJ00
GM1728,3.4,2018JJ00
GM1728,2.9,2019JJ00
GM1728,2.5,2020JJ00
GM1728,2.1,2021JJ00
GM1728,1.9,2022JJ00
GM1728,1.8,2023JJ00
GM0376,6.2,2013JJ00
GM0376,6.6,2014JJ00
GM0376,6.8,2015JJ00
GM0376,5.9,2016JJ00
GM0376,4.8,2017JJ00
GM0376,3.9,2018JJ00
GM0376,3.0,2019JJ00
GM0376,2.8,2020JJ00
GM0376,2.2,2021JJ00
GM0376,1.9,2022JJ00
GM0376,1.8,2023JJ00
GM0377,5.2,2013JJ00
GM0377,5.4,2014JJ00
GM0377,5.4,2015JJ00
GM0377,4.8,2016JJ00
GM0377,4.2,2017JJ00
GM0377,3.4,2018JJ00
GM0377,2.7,2019JJ00
GM0377,2.7,2020JJ00
GM0377,2.4,2021JJ00
GM0377,2.0,2022JJ00
GM0377,1.7,2023JJ00
GM1901,5.6,2013JJ00
GM1901,5.4,2014JJ00
GM1901,5.4,2015JJ00
GM1901,4.9,2016JJ00
GM1901,4.1,2017JJ00
GM1901,3.6,2018JJ00
GM1901,2.8,2019JJ00
GM1901,2.7,2020JJ00
GM1901,2.0,2021JJ00
GM1901,1.8,2022JJ00
GM1901,1.6,2023JJ00
GM0755,5.2,2013JJ00
GM0755,5.7,2014JJ00
GM0755,5.5,2015JJ00
GM0755,4.6,2016JJ00
GM0755,4.0,2017JJ00
GM0755,3.3,2018JJ00
GM0755,2.7,2019JJ00
GM0755,2.3,2020JJ00
GM0755,1.9,2021JJ00
GM0755,1.7,2022JJ00
GM0755,1.4,2023JJ00
GM1681,7.1,2013JJ00
GM1681,7.1,2014JJ00
GM1681,7.4,2015JJ00
GM1681,6.2,2016JJ00
GM1681,5.7,2017JJ00
GM1681,4.7,2018JJ00
GM1681,3.5,2019JJ00
GM1681,3.3,2020JJ00
GM1681,2.5,2021JJ00
GM1681,2.3,2022JJ00
GM1681,1.9,2023JJ00
GM0147,6.1,2013JJ00
GM0147,6.6,2014JJ00
GM0147,6.8,2015JJ00
GM0147,6.3,2016JJ00
GM0147,4.8,2017JJ00
GM0147,3.9,2018JJ00
GM0147,3.1,2019JJ00
GM0147,3.0,2020JJ00
GM0147,2.5,2021JJ00
GM0147,2.1,2022JJ00
GM0147,2.0,2023JJ00
GM0654,5.3,2013JJ00
GM0654,4.9,2014JJ00
GM0654,5.3,2015JJ00
GM0654,4.3,2016JJ00
GM0654,3.8,2017JJ00
GM0654,3.2,2018JJ00
GM0654,2.7,2019JJ00
GM0654,2.5,2020JJ00
GM0654,2.1,2021JJ00
GM0654,1.6,2022JJ00
GM0654,1.5,2023JJ00
GM0757,6.3,2013JJ00
GM0757,6.7,2014JJ00
GM0757,6.6,2015JJ00
GM0757,6.4,2016JJ00
GM0757,4.7,2017JJ00
GM0757,4.0,2018JJ00
GM0757,3.5,2019JJ00
GM0757,3.2,2020JJ00
GM0757,2.5,2021JJ00
GM0757,2.1,2022JJ00
GM0757,1.8,2023JJ00
GM0758,7.2,2013JJ00
GM0758,8.1,2014JJ00
GM0758,8.1,2015JJ00
GM0758,6.7,2016JJ00
GM0758,5.4,2017JJ00
GM0758,4.9,2018JJ00
GM0758,4.2,2019JJ00
GM0758,3.6,2020JJ00
GM0758,2.6,2021JJ00
GM0758,2.5,2022JJ00
GM0758,2.3,2023JJ00
GM1876,6.0,2013JJ00
GM1876,6.6,2014JJ00
GM1876,5.7,2015JJ00
GM1876,5.1,2016JJ00
GM1876,4.2,2017JJ00
GM1876,3.5,2018JJ00
GM1876,2.6,2019JJ00
GM1876,2.6,2020JJ00
GM1876,1.9,2021JJ00
GM1876,1.9,2022JJ00
GM1876,1.5,2023JJ00
GM0213,5.6,2013JJ00
GM0213,6.8,2014JJ00
GM0213,5.9,2015JJ00
GM0213,5.4,2016JJ00
GM0213,4.5,2017JJ00
GM0213,4.1,2018JJ00
GM0213,3.3,2019JJ00
GM0213,2.9,2020JJ00
GM0213,2.4,2021JJ00
GM0213,2.0,2022JJ00
GM0213,1.7,2023JJ00
GM0899,7.6,2013JJ00
GM0899,7.7,2014JJ00
GM0899,7.9,2015JJ00
GM0899,6.3,2016JJ00
GM0899,6.1,2017JJ00
GM0899,4.9,2018JJ00
GM0899,4.1,2019JJ00
GM0899,3.7,2020JJ00
GM0899,2.9,2021JJ00
GM0899,2.8,2022JJ00
GM0899,2.5,2023JJ00
GM0312,4.6,2013JJ00
GM0312,5.2,2014JJ00
GM0312,5.0,2015JJ00
GM0312,4.8,2016JJ00
GM0312,3.7,2017JJ00
GM0312,3.2,2018JJ00
GM0312,2.6,2019JJ00
GM0312,2.5,2020JJ00
GM0312,2.0,2021JJ00
GM0312,1.9,2022JJ00
GM0312,1.8,2023JJ00
GM0313,5.1,2013JJ00
GM0313,5.9,2014JJ00
GM0313,5.9,2015JJ00
GM0313,4.7,2016JJ00
GM0313,3.6,2017JJ00
GM0313,3.0,2018JJ00
GM0313,2.3,2019JJ00
GM0313,2.1,2020JJ00
GM0313,1.7,2021JJ00
GM0313,1.6,2022JJ00
GM0313,1.4,2023JJ00
GM0214,5.6,2013JJ00
GM0214,6.5,2014JJ00
GM0214,6.0,2015JJ00
GM0214,5.3,2016JJ00
GM0214,4.4,2017JJ00
GM0214,3.6,2018JJ00
GM0214,2.7,2019JJ00
GM0214,2.4,2020JJ00
GM0214,2.1,2021JJ00
GM0214,1.9,2022JJ00
GM0214,1.6,2023JJ00
GM0502,7.4,2013JJ00
GM0502,7.8,2014JJ00
GM0502,8.2,2015JJ00
GM0502,7.2,2016JJ00
GM0502,6.2,2017JJ00
GM0502,5.3,2018JJ00
GM0502,4.5,2019JJ00
GM0502,3.8,2020JJ00
GM0502,3.9,2021JJ00
GM0502,2.9,2022JJ00
GM0502,2.5,2023JJ00
GM0383,5.2,2013JJ00
GM0383,5.7,2014JJ00
GM0383,5.2,2015JJ00
GM0383,4.2,2016JJ00
GM0383,3.9,2017JJ00
GM0383,3.5,2018JJ00
GM0383,2.8,2019JJ00
GM0383,2.6,2020JJ00
GM0383,2.1,2021JJ00
GM0383,1.9,2022JJ00
GM0383,1.8,2023JJ00
GM0109,6.6,2013JJ00
GM0109,7.6,2014JJ00
GM0109,7.6,2015JJ00
GM0109,6.8,2016JJ00
GM0109,6.0,2017JJ00
GM0109,4.7,2018JJ00
GM0109,3.4,2019JJ00
GM0109,3.4,2020JJ00
GM0109,2.7,2021JJ00
GM0109,2.2,2022JJ00
GM0109,1.8,2023JJ00
GM1706,6.7,2013JJ00
GM1706,7.4,2014JJ00
GM1706,7.0,2015JJ00
GM1706,5.8,2016JJ00
GM1706,4.8,2017JJ00
GM1706,4.0,2018JJ00
GM1706,3.4,2019JJ00
GM1706,3.2,2020JJ00
GM1706,2.3,2021JJ00
GM1706,2.1,2022JJ00
GM1706,1.9,2023JJ00
GM0216,6.9,2013JJ00
GM0216,7.8,2014JJ00
GM0216,7.3,2015JJ00
GM0216,6.3,2016JJ00
GM0216,5.1,2017JJ00
GM0216,4.1,2018JJ00
GM0216,3.3,2019JJ00
GM0216,3.1,2020JJ00
GM0216,2.7,2021JJ00
GM0216,2.3,2022JJ00
GM0216,1.9,2023JJ00
GM0148,5.1,2013JJ00
GM0148,5.0,2014JJ00
GM0148,5.2,2015JJ00
GM0148,5.1,2016JJ00
GM0148,3.9,2017JJ00
GM0148,3.6,2018JJ00
GM0148,2.4,2019JJ00
GM0148,2.4,2020JJ00
GM0148,1.9,2021JJ00
GM0148,1.7,2022JJ00
GM0148,1.6,2023JJ00
GM1891,7.8,2013JJ00
GM1891,8.4,2014JJ00
GM1891,8.0,2015JJ00
GM1891,7.1,2016JJ00
GM1891,6.1,2017JJ00
GM1891,4.9,2018JJ00
GM1891,3.6,2019JJ00
GM1891,3.3,2020JJ00
GM1891,2.7,2021JJ00
GM1891,2.7,2022JJ00
GM1891,2.1,2023JJ00
GM0503,7.7,2013JJ00
GM0503,8.4,2014JJ00
GM0503,8.2,2015JJ00
GM0503,7.2,2016JJ00
GM0503,6.2,2017JJ00
GM0503,5.2,2018JJ00
GM0503,4.2,2019JJ00
GM0503,3.6,2020JJ00
GM0503,3.8,2021JJ00
GM0503,2.7,2022JJ00
GM0503,2.4,2023JJ00
GM0762,6.1,2013JJ00
GM0762,7.3,2014JJ00
GM0762,6.9,2015JJ00
GM0762,6.2,2016JJ00
GM0762,4.6,2017JJ00
GM0762,3.9,2018JJ00
GM0762,3.3,2019JJ00
GM0762,3.3,2020JJ00
GM0762,2.4,2021JJ00
GM0762,2.3,2022JJ00
GM0762,1.9,2023JJ00
GM0150,7.3,2013JJ00
GM0150,7.8,2014JJ00
GM0150,7.5,2015JJ00
GM0150,7.4,2016JJ00
GM0150,5.9,2017JJ00
GM0150,4.9,2018JJ00
GM0150,3.6,2019JJ00
GM0150,3.7,2020JJ00
GM0150,2.8,2021JJ00
GM0150,2.6,2022JJ00
GM0150,2.4,2023JJ00
GM0384,7.1,2013JJ00
GM0384,7.0,2014JJ00
GM0384,7.3,2015JJ00
GM0384,6.4,2016JJ00
GM0384,5.6,2017JJ00
GM0384,5.1,2018JJ00
GM0384,3.7,2019JJ00
GM0384,3.5,2020JJ00
GM0384,3.1,2021JJ00
GM0384,2.6,2022JJ00
GM0384,2.3,2023JJ00
GM1980,6.0,2013JJ00
GM1980,6.5,2014JJ00
GM1980,6.0,2015JJ00
GM1980,5.2,2016JJ00
GM1980,4.4,2017JJ00
GM1980,3.7,2018JJ00
GM1980,3.0,2019JJ00
GM1980,2.8,2020JJ00
GM1980,2.4,2021JJ00
GM1980,1.8,2022JJ00
GM1980,1.8,2023JJ00
GM1774,5.1,2013JJ00
GM1774,5.5,2014JJ00
GM1774,5.4,2015JJ00
GM1774,4.9,2016JJ00
GM1774,4.0,2017JJ00
GM1774,3.4,2018JJ00
GM1774,2.5,2019JJ00
GM1774,2.6,2020JJ00
GM1774,2.2,2021JJ00
GM1774,1.9,2022JJ00
GM1774,1.6,2023JJ00
GM0221,7.3,2013JJ00
GM0221,8.1,2014JJ00
GM0221,8.2,2015JJ00
GM0221,7.2,2016JJ00
GM0221,6.1,2017JJ00
GM0221,5.1,2018JJ00
GM0221,3.9,2019JJ00
GM0221,3.5,2020JJ00
GM0221,3.3,2021JJ00
GM0221,2.6,2022JJ00
GM0221,2.3,2023JJ00
GM0222,7.0,2013JJ00
GM0222,7.6,2014JJ00
GM0222,8.0,2015JJ00
GM0222,6.9,2016JJ00
GM0222,5.6,2017JJ00
GM0222,4.5,2018JJ00
GM0222,3.4,2019JJ00
GM0222,3.0,2020JJ00
GM0222,3.2,2021JJ00
GM0222,2.1,2022JJ00
GM0222,2.0,2023JJ00
GM0766,6.2,2013JJ00
GM0766,6.6,2014JJ00
GM0766,7.1,2015JJ00
GM0766,6.3,2016JJ00
GM0766,5.0,2017JJ00
GM0766,4.0,2018JJ00
GM0766,3.1,2019JJ00
GM0766,2.9,2020JJ00
GM0766,2.2,2021JJ00
GM0766,2.2,2022JJ00
GM0766,1.9,2023JJ00
GM0505,7.4,2013JJ00
GM0505,8.4,2014JJ00
GM0505,7.9,2015JJ00
GM0505,7.5,2016JJ00
GM0505,5.7,2017JJ00
GM0505,5.2,2018JJ00
GM0505,4.4,2019JJ00
GM0505,4.0,2020JJ00
GM0505,3.5,2021JJ00
GM0505,2.6,2022JJ00
GM0505,2.0,2023JJ00
GM0498,5.4,2013JJ00
GM0498,5.7,2014JJ00
GM0498,5.7,2015JJ00
GM0498,4.8,2016JJ00
GM0498,3.9,2017JJ00
GM0498,3.4,2018JJ00
GM0498,2.7,2019JJ00
GM0498,2.5,2020JJ00
GM0498,2.0,2021JJ00
GM0498,1.8,2022JJ00
GM0498,1.6,2023JJ00
GM1719,5.6,2013JJ00
GM1719,6.3,2014JJ00
GM1719,6.5,2015JJ00
GM1719,5.4,2016JJ00
GM1719,4.3,2017JJ00
GM1719,3.5,2018JJ00
GM1719,3.0,2019JJ00
GM1719,2.8,2020JJ00
GM1719,2.1,2021JJ00
GM1719,2.2,2022JJ00
GM1719,1.8,2023JJ00
GM0303,6.3,2013JJ00
GM0303,6.3,2014JJ00
GM0303,6.2,2015JJ00
GM0303,6.4,2016JJ00
GM0303,4.9,2017JJ00
GM0303,4.1,2018JJ00
GM0303,3.2,2019JJ00
GM0303,2.8,2020JJ00
GM0303,2.4,2021JJ00
GM0303,1.9,2022JJ00
GM0303,1.8,2023JJ00
GM0225,5.8,2013JJ00
GM0225,6.7,2014JJ00
GM0225,6.2,2015JJ00
GM0225,6.0,2016JJ00
GM0225,4.6,2017JJ00
GM0225,4.0,2018JJ00
GM0225,3.1,2019JJ00
GM0225,2.8,2020JJ00
GM0225,3.0,2021JJ00
GM0225,2.0,2022JJ00
GM0225,1.7,2023JJ00
GM0226,6.9,2013JJ00
GM0226,7.2,2014JJ00
GM0226,6.9,2015JJ00
GM0226,6.0,2016JJ00
GM0226,4.8,2017JJ00
GM0226,4.3,2018JJ00
GM0226,3.2,2019JJ00
GM0226,3.2,2020JJ00
GM0226,2.7,2021JJ00
GM0226,2.2,2022JJ00
GM0226,1.8,2023JJ00
GM1711,7.2,2013JJ00
GM1711,7.6,2014JJ00
GM1711,7.1,2015JJ00
GM1711,6.0,2016JJ00
GM1711,5.0,2017JJ00
GM1711,4.4,2018JJ00
GM1711,3.3,2019JJ00
GM1711,3.6,2020JJ00
GM1711,2.4,2021JJ00
GM1711,2.6,2022JJ00
GM1711,2.0,2023JJ00
GM0385,5.1,2013JJ00
GM0385,5.5,2014JJ00
GM0385,5.1,2015JJ00
GM0385,4.3,2016JJ00
GM0385,3.8,2017JJ00
GM0385,3.2,2018JJ00
GM0385,2.4,2019JJ00
GM0385,2.5,2020JJ00
GM0385,2.1,2021JJ00
GM0385,1.8,2022JJ00
GM0385,1.5,2023JJ00
GM0228,6.2,2013JJ00
GM0228,7.0,2014JJ00
GM0228,6.8,2015JJ00
GM0228,6.5,2016JJ00
GM0228,4.5,2017JJ00
GM0228,3.9,2018JJ00
GM0228,3.0,2019JJ00
GM0228,2.8,2020JJ00
GM0228,2.6,2021JJ00
GM0228,1.9,2022JJ00
GM0228,1.6,2023JJ00
GM0317,5.9,2013JJ00
GM0317,6.3,2014JJ00
GM0317,6.0,2015JJ00
GM0317,5.9,2016JJ00
GM0317,4.5,2017JJ00
GM0317,3.6,2018JJ00
GM0317,3.0,2019JJ00
GM0317,2.9,2020JJ00
GM0317,2.6,2021JJ00
GM0317,1.9,2022JJ00
GM0317,1.7,2023JJ00
GM1979,7.7,2013JJ00
GM1979,7.9,2014JJ00
GM1979,8.4,2015JJ00
GM1979,7.2,2016JJ00
GM1979,6.1,2017JJ00
GM1979,5.1,2018JJ00
GM1979,4.1,2019JJ00
GM1979,3.7,2020JJ00
GM1979,3.3,2021JJ00
GM1979,2.7,2022JJ00
GM1979,2.4,2023JJ00
GM0770,5.4,2013JJ00
GM0770,5.6,2014JJ00
GM0770,5.6,2015JJ00
GM0770,4.9,2016JJ00
GM0770,3.8,2017JJ00
GM0770,3.3,2018JJ00
GM0770,2.8,2019JJ00
GM0770,2.6,2020JJ00
GM0770,2.1,2021JJ00
GM0770,2.0,2022JJ00
GM0770,1.8,2023JJ00
GM1903,5.4,2013JJ00
GM1903,6.0,2014JJ00
GM1903,5.9,2015JJ00
GM1903,5.0,2016JJ00
GM1903,4.1,2017JJ00
GM1903,3.4,2018JJ00
GM1903,2.7,2019JJ00
GM1903,3.0,2020JJ00
GM1903,2.0,2021JJ00
GM1903,2.1,2022JJ00
GM1903,1.7,2023JJ00
GM0772,9.1,2013JJ00
GM0772,10.3,2014JJ00
GM0772,9.4,2015JJ00
GM0772,8.2,2016JJ00
GM0772,6.9,2017JJ00
GM0772,5.6,2018JJ00
GM0772,4.8,2019JJ00
GM0772,4.5,2020JJ00
GM0772,3.3,2021JJ00
GM0772,2.6,2022JJ00
GM0772,2.6,2023JJ00
GM0230,5.5,2013JJ00
GM0230,5.9,2014JJ00
GM0230,5.7,2015JJ00
GM0230,5.5,2016JJ00
GM0230,4.5,2017JJ00
GM0230,3.8,2018JJ00
GM0230,2.9,2019JJ00
GM0230,2.6,2020JJ00
GM0230,2.1,2021JJ00
GM0230,1.7,2022JJ00
GM0230,1.6,2023JJ00
GM0114,8.2,2013JJ00
GM0114,7.9,2014JJ00
GM0114,8.7,2015JJ00
GM0114,7.9,2016JJ00
GM0114,7.5,2017JJ00
GM0114,5.9,2018JJ00
GM0114,3.9,2019JJ00
GM0114,4.3,2020JJ00
GM0114,2.6,2021JJ00
GM0114,2.6,2022JJ00
GM0114,2.0,2023JJ00
GM0388,6.3,2013JJ00
GM0388,6.6,2014JJ00
GM0388,6.7,2015JJ00
GM0388,6.5,2016JJ00
GM0388,5.3,2017JJ00
GM0388,4.4,2018JJ00
GM0388,3.7,2019JJ00
GM0388,3.0,2020JJ00
GM0388,2.7,2021JJ00
GM0388,2.3,2022JJ00
GM0388,2.1,2023JJ00
GM0153,9.3,2013JJ00
GM0153,9.3,2014JJ00
GM0153,8.8,2015JJ00
GM0153,9.4,2016JJ00
GM0153,7.4,2017JJ00
GM0153,5.9,2018JJ00
GM0153,4.7,2019JJ00
GM0153,4.2,2020JJ00
GM0153,3.5,2021JJ00
GM0153,3.2,2022JJ00
GM0153,3.0,2023JJ00
GM0232,5.9,2013JJ00
GM0232,6.6,2014JJ00
GM0232,6.7,2015JJ00
GM0232,6.0,2016JJ00
GM0232,4.5,2017JJ00
GM0232,4.0,2018JJ00
GM0232,3.3,2019JJ00
GM0232,3.0,2020JJ00
GM0232,2.5,2021JJ00
GM0232,2.2,2022JJ00
GM0232,1.6,2023JJ00
GM0233,5.3,2013JJ00
GM0233,5.8,2014JJ00
GM0233,6.2,2015JJ00
GM0233,5.3,2016JJ00
GM0233,4.5,2017JJ00
GM0233,3.7,2018JJ00
GM0233,3.0,2019JJ00
GM0233,2.7,2020JJ00
GM0233,2.4,2021JJ00
GM0233,1.9,2022JJ00
GM0233,1.6,2023JJ00
GM0777,7.1,2013JJ00
GM0777,7.6,2014JJ00
GM0777,7.2,2015JJ00
GM0777,5.9,2016JJ00
GM0777,5.5,2017JJ00
GM0777,4.6,2018JJ00
GM0777,3.8,2019JJ00
GM0777,3.4,2020JJ00
GM0777,2.5,2021JJ00
GM0777,2.3,2022JJ00
GM0777,2.0,2023JJ00
GM1940,6.4,2013JJ00
GM1940,7.3,2014JJ00
GM1940,7.1,2015JJ00
GM1940,6.1,2016JJ00
GM1940,5.3,2017JJ00
GM1940,4.3,2018JJ00
GM1940,2.9,2019JJ00
GM1940,2.9,2020JJ00
GM1940,3.0,2021JJ00
GM1940,2.3,2022JJ00
GM1940,2.3,2023JJ00
GM0779,6.5,2013JJ00
GM0779,7.0,2014JJ00
GM0779,7.1,2015JJ00
GM0779,6.3,2016JJ00
GM0779,4.9,2017JJ00
GM0779,3.9,2018JJ00
GM0779,3.2,2019JJ00
GM0779,3.0,2020JJ00
GM0779,2.3,2021JJ00
GM0779,2.1,2022JJ00
GM0779,1.7,2023JJ00
GM1771,6.5,2013JJ00
GM1771,7.1,2014JJ00
GM1771,7.6,2015JJ00
GM1771,6.4,2016JJ00
GM1771,4.9,2017JJ00
GM1771,4.0,2018JJ00
GM1771,3.6,2019JJ00
GM1771,3.4,2020JJ00
GM1771,2.8,2021JJ00
GM1771,2.4,2022JJ00
GM1771,2.2,2023JJ00
GM1652,5.9,2013JJ00
GM1652,6.7,2014JJ00
GM1652,6.6,2015JJ00
GM1652,5.6,2016JJ00
GM1652,4.5,2017JJ00
GM1652,4.0,2018JJ00
GM1652,3.3,2019JJ00
GM1652,3.0,2020JJ00
GM1652,2.1,2021JJ00
GM1652,2.0,2022JJ00
GM1652,1.8,2023JJ00
GM0907,6.8,2013JJ00
GM0907,7.9,2014JJ00
GM0907,7.4,2015JJ00
GM0907,5.7,2016JJ00
GM0907,5.4,2017JJ00
GM0907,4.1,2018JJ00
GM0907,3.3,2019JJ00
GM0907,3.4,2020JJ00
GM0907,2.6,2021JJ00
GM0907,2.2,2022JJ00
GM0907,1.9,2023JJ00
GM0784,6.2,2013JJ00
GM0784,6.8,2014JJ00
GM0784,7.1,2015JJ00
GM0784,6.5,2016JJ00
GM0784,4.7,2017JJ00
GM0784,4.2,2018JJ00
GM0784,3.5,2019JJ00
GM0784,3.0,2020JJ00
GM0784,2.4,2021JJ00
GM0784,2.0,2022JJ00
GM0784,1.8,2023JJ00
GM1924,5.4,2013JJ00
GM1924,5.7,2014JJ00
GM1924,5.6,2015JJ00
GM1924,4.6,2016JJ00
GM1924,4.3,2017JJ00
GM1924,3.3,2018JJ00
GM1924,2.8,2019JJ00
GM1924,2.6,2020JJ00
GM1924,1.9,2021JJ00
GM1924,1.8,2022JJ00
GM1924,1.6,2023JJ00
GM0664,6.0,2013JJ00
GM0664,5.6,2014JJ00
GM0664,6.2,2015JJ00
GM0664,5.1,2016JJ00
GM0664,4.2,2017JJ00
GM0664,3.7,2018JJ00
GM0664,3.3,2019JJ00
GM0664,2.9,2020JJ00
GM0664,2.7,2021JJ00
GM0664,1.8,2022JJ00
GM0664,1.6,2023JJ00
GM0785,5.8,2013JJ00
GM0785,6.5,2014JJ00
GM0785,6.7,2015JJ00
GM0785,5.8,2016JJ00
GM0785,4.6,2017JJ00
GM0785,3.9,2018JJ00
GM0785,3.2,2019JJ00
GM0785,3.1,2020JJ00
GM0785,2.3,2021JJ00
GM0785,2.2,2022JJ00
GM0785,2.0,2023JJ00
GM1942,6.3,2013JJ00
GM1942,6.9,2014JJ00
GM1942,6.6,2015JJ00
GM1942,5.8,2016JJ00
GM1942,4.7,2017JJ00
GM1942,4.0,2018JJ00
GM1942,3.1,2019JJ00
GM1942,3.1,2020JJ00
GM1942,2.4,2021JJ00
GM1942,2.3,2022JJ00
GM1942,2.0,2023JJ00
GM0512,7.0,2013JJ00
GM0512,7.6,2014JJ00
GM0512,7.1,2015JJ00
GM0512,6.5,2016JJ00
GM0512,4.9,2017JJ00
GM0512,4.6,2018JJ00
GM0512,3.5,2019JJ00
GM0512,3.2,2020JJ00
GM0512,3.3,2021JJ00
GM0512,2.4,2022JJ00
GM0512,2.0,2023JJ00
GM0513,7.6,2013JJ00
GM0513,8.0,2014JJ00
GM0513,8.4,2015JJ00
GM0513,7.4,2016JJ00
GM0513,5.6,2017JJ00
GM0513,4.5,2018JJ00
GM0513,4.3,2019JJ00
GM0513,3.5,2020JJ00
GM0513,3.6,2021JJ00
GM0513,2.5,2022JJ00
GM0513,2.0,2023JJ00
GM0518,9.5,2013JJ00
GM0518,10.6,2014JJ00
GM0518,10.8,2015JJ00
GM0518,9.3,2016JJ00
GM0518,7.6,2017JJ00
GM0518,6.1,2018JJ00
GM0518,5.6,2019JJ00
GM0518,4.5,2020JJ00
GM0518,4.3,2021JJ00
GM0518,3.4,2022JJ00
GM0518,2.7,2023JJ00
GM0014,7.4,2013JJ00
GM0014,8.1,2014JJ00
GM0014,10.5,2015JJ00
GM0014,8.4,2016JJ00
GM0014,6.3,2017JJ00
GM0014,6.0,2018JJ00
GM0014,5.5,2019JJ00
GM0014,4.2,2020JJ00
GM0014,4.2,2021JJ00
GM0014,3.2,2022JJ00
GM0014,1.9,2023JJ00
GM1729,6.0,2013JJ00
GM1729,6.7,2014JJ00
GM1729,6.9,2015JJ00
GM1729,5.9,2016JJ00
GM1729,4.7,2017JJ00
GM1729,3.9,2018JJ00
GM1729,3.2,2019JJ00
GM1729,3.1,2020JJ00
GM1729,2.7,2021JJ00
GM1729,2.3,2022JJ00
GM1729,2.0,2023JJ00
GM0158,6.3,2013JJ00
GM0158,6.5,2014JJ00
GM0158,5.9,2015JJ00
GM0158,6.4,2016JJ00
GM0158,5.0,2017JJ00
GM0158,4.0,2018JJ00
GM0158,3.0,2019JJ00
GM0158,2.7,2020JJ00
GM0158,2.5,2021JJ00
GM0158,1.9,2022JJ00
GM0158,1.8,2023JJ00
GM0392,7.2,2013JJ00
GM0392,6.8,2014JJ00
GM0392,7.5,2015JJ00
GM0392,5.9,2016JJ00
GM0392,5.6,2017JJ00
GM0392,4.7,2018JJ00
GM0392,3.8,2019JJ00
GM0392,3.7,2020JJ00
GM0392,3.4,2021JJ00
GM0392,3.0,2022JJ00
GM0392,2.9,2023JJ00
GM0394,6.0,2013JJ00
GM0394,6.8,2014JJ00
GM0394,6.3,2015JJ00
GM0394,5.5,2016JJ00
GM0394,4.2,2017JJ00
GM0394,3.6,2018JJ00
GM0394,2.9,2019JJ00
GM0394,3.2,2020JJ00
GM0394,3.7,2021JJ00
GM0394,2.4,2022JJ00
GM0394,2.1,2023JJ00
GM1655,6.6,2013JJ00
GM1655,7.2,2014JJ00
GM1655,7.1,2015JJ00
GM1655,6.6,2016JJ00
GM1655,4.8,2017JJ00
GM1655,3.8,2018JJ00
GM1655,3.3,2019JJ00
GM1655,3.0,2020JJ00
GM1655,2.3,2021JJ00
GM1655,2.2,2022JJ00
GM1655,2.0,2023JJ00
GM0160,6.7,2013JJ00
GM0160,6.1,2014JJ00
GM0160,6.7,2015JJ00
GM0160,6.4,2016JJ00
GM0160,4.8,2017JJ00
GM0160,3.9,2018JJ00
GM0160,2.9,2019JJ00
GM0160,3.0,2020JJ00
GM0160,2.4,2021JJ00
GM0160,2.0,2022JJ00
GM0160,1.9,2023JJ00
GM0243,6.3,2013JJ00
GM0243,7.0,2014JJ00
GM0243,6.6,2015JJ00
GM0243,6.3,2016JJ00
GM0243,5.1,2017JJ00
GM0243,4.1,2018JJ00
GM0243,3.4,2019JJ00
GM0243,2.9,2020JJ00
GM0243,2.8,2021JJ00
GM0243,2.1,2022JJ00
GM0243,1.7,2023JJ00
GM0523,4.7,2013JJ00
GM0523,5.3,2014JJ00
GM0523,5.0,2015JJ00
GM0523,4.5,2016JJ00
GM0523,3.8,2017JJ00
GM0523,3.6,2018JJ00
GM0523,2.6,2019JJ00
GM0523,2.2,2020JJ00
GM0523,1.8,2021JJ00
GM0523,1.6,2022JJ00
GM0523,1.4,2023JJ00
GM0072,8.2,2013JJ00
GM0072,8.8,2014JJ00
GM0072,9.3,2015JJ00
GM0072,7.9,2016JJ00
GM0072,6.7,2017JJ00
GM0072,5.2,2018JJ00
GM0072,4.0,2019JJ00
GM0072,3.7,2020JJ00
GM0072,3.3,2021JJ00
GM0072,2.8,2022JJ00
GM0072,2.3,2023JJ00
GM0244,6.0,2013JJ00
GM0244,5.9,2014JJ00
GM0244,5.8,2015JJ00
GM0244,5.2,2016JJ00
GM0244,4.5,2017JJ00
GM0244,4.0,2018JJ00
GM0244,3.0,2019JJ00
GM0244,2.6,2020JJ00
GM0244,2.3,2021JJ00
GM0244,2.0,2022JJ00
GM0244,1.7,2023JJ00
GM0396,5.8,2013JJ00
GM0396,6.6,2014JJ00
GM0396,6.9,2015JJ00
GM0396,6.0,2016JJ00
GM0396,4.7,2017JJ00
GM0396,3.8,2018JJ00
GM0396,3.1,2019JJ00
GM0396,3.1,2020JJ00
GM0396,2.7,2021JJ00
GM0396,2.4,2022JJ00
GM0396,2.1,2023JJ00
GM0397,5.9,2013JJ00
GM0397,6.3,2014JJ00
GM0397,6.2,2015JJ00
GM0397,5.4,2016JJ00
GM0397,4.7,2017JJ00
GM0397,3.6,2018JJ00
GM0397,2.7,2019JJ00
GM0397,2.9,2020JJ00
GM0397,2.4,2021JJ00
GM0397,2.2,2022JJ00
GM0397,2.0,2023JJ00
GM0246,5.5,2013JJ00
GM0246,6.2,2014JJ00
GM0246,6.1,2015JJ00
GM0246,5.3,2016JJ00
GM0246,4.3,2017JJ00
GM0246,3.3,2018JJ00
GM0246,2.7,2019JJ00
GM0246,2.5,2020JJ00
GM0246,2.1,2021JJ00
GM0246,1.9,2022JJ00
GM0246,1.5,2023JJ00
GM0074,7.4,2013JJ00
GM0074,8.9,2014JJ00
GM0074,8.0,2015JJ00
GM0074,6.7,2016JJ00
GM0074,6.1,2017JJ00
GM0074,4.8,2018JJ00
GM0074,3.5,2019JJ00
GM0074,3.3,2020JJ00
GM0074,3.1,2021JJ00
GM0074,2.6,2022JJ00
GM0074,2.2,2023JJ00
GM0917,8.7,2013JJ00
GM0917,9.8,2014JJ00
GM0917,9.5,2015JJ00
GM0917,7.5,2016JJ00
GM0917,6.9,2017JJ00
GM0917,5.9,2018JJ00
GM0917,5.2,2019JJ00
GM0917,4.4,2020JJ00
GM0917,3.6,2021JJ00
GM0917,3.2,2022JJ00
GM0917,2.6,2023JJ00
GM1658,5.2,2013JJ00
GM1658,6.1,2014JJ00
GM1658,5.7,2015JJ00
GM1658,4.8,2016JJ00
GM1658,4.0,2017JJ00
GM1658,3.3,2018JJ00
GM1658,2.9,2019JJ00
GM1658,2.7,2020JJ00
GM1658,1.8,2021JJ00
GM1658,1.9,2022JJ00
GM1658,1.8,2023JJ00
GM0399,5.6,2013JJ00
GM0399,5.9,2014JJ00
GM0399,5.6,2015JJ00
GM0399,4.9,2016JJ00
GM0399,4.4,2017JJ00
GM0399,3.5,2018JJ00
GM0399,3.1,2019JJ00
GM0399,2.9,2020JJ00
GM0399,2.3,2021JJ00
GM0399,2.0,2022JJ00
GM0399,1.8,2023JJ00
GM0400,7.5,2013JJ00
GM0400,7.9,2014JJ00
GM0400,7.8,2015JJ00
GM0400,6.4,2016JJ00
GM0400,6.0,2017JJ00
GM0400,4.8,2018JJ00
GM0400,3.8,2019JJ00
GM0400,3.4,2020JJ00
GM0400,2.8,2021JJ00
GM0400,2.7,2022JJ00
GM0400,2.3,2023JJ00
GM0163,6.2,2013JJ00
GM0163,6.8,2014JJ00
GM0163,7.2,2015JJ00
GM0163,6.5,2016JJ00
GM0163,4.6,2017JJ00
GM0163,3.7,2018JJ00
GM0163,2.9,2019JJ00
GM0163,2.6,2020JJ00
GM0163,2.0,2021JJ00
GM0163,1.8,2022JJ00
GM0163,1.7,2023JJ00
GM0794,8.2,2013JJ00
GM0794,9.4,2014JJ00
GM0794,8.9,2015JJ00
GM0794,7.1,2016JJ00
GM0794,6.1,2017JJ00
GM0794,5.0,2018JJ00
GM0794,4.4,2019JJ00
GM0794,4.5,2020JJ00
GM0794,2.7,2021JJ00
GM0794,2.7,2022JJ00
GM0794,2.5,2023JJ00
GM0531,5.3,2013JJ00
GM0531,5.6,2014JJ00
GM0531,5.6,2015JJ00
GM0531,4.9,2016JJ00
GM0531,4.1,2017JJ00
GM0531,3.9,2018JJ00
GM0531,2.8,2019JJ00
GM0531,2.8,2020JJ00
GM0531,2.4,2021JJ00
GM0531,2.1,2022JJ00
GM0531,1.7,2023JJ00
GM0164,6.9,2013JJ00
GM0164,7.4,2014JJ00
GM0164,8.3,2015JJ00
GM0164,7.7,2016JJ00
GM0164,5.5,2017JJ00
GM0164,4.5,2018JJ00
GM0164,3.7,2019JJ00
GM0164,3.8,2020JJ00
GM0164,2.8,2021JJ00
GM0164,2.6,2022JJ00
GM0164,2.5,2023JJ00
GM0796,7.1,2013JJ00
GM0796,9.0,2014JJ00
GM0796,8.8,2015JJ00
GM0796,6.7,2016JJ00
GM0796,5.6,2017JJ00
GM0796,4.8,2018JJ00
GM0796,4.3,2019JJ00
GM0796,3.7,2020JJ00
GM0796,2.3,2021JJ00
GM0796,2.7,2022JJ00
GM0796,2.2,2023JJ00
GM0252,5.8,2013JJ00
GM0252,6.3,2014JJ00
GM0252,5.9,2015JJ00
GM0252,5.0,2016JJ00
GM0252,4.2,2017JJ00
GM0252,3.5,2018JJ00
GM0252,3.0,2019JJ00
GM0252,2.8,2020JJ00
GM0252,2.5,2021JJ00
GM0252,2.0,2022JJ00
GM0252,1.7,2023JJ00
GM0797,5.9,2013JJ00
GM0797,7.2,2014JJ00
GM0797,7.3,2015JJ00
GM0797,6.0,2016JJ00
GM0797,4.9,2017JJ00
GM0797,3.9,2018JJ00
GM0797,3.4,2019JJ00
GM0797,3.1,2020JJ00
GM0797,2.5,2021JJ00
GM0797,2.2,2022JJ00
GM0797,1.9,2023JJ00
GM0534,6.2,2013JJ00
GM0534,7.3,2014JJ00
GM0534,7.1,2015JJ00
GM0534,5.8,2016JJ00
GM0534,4.7,2017JJ00
GM0534,3.6,2018JJ00
GM0534,3.1,2019JJ00
GM0534,3.2,2020JJ00
GM0534,2.7,2021JJ00
GM0534,2.2,2022JJ00
GM0534,2.0,2023JJ00
GM0798,5.2,2013JJ00
GM0798,5.5,2014JJ00
GM0798,5.1,2015JJ00
GM0798,4.8,2016JJ00
GM0798,3.9,2017JJ00
GM0798,3.2,2018JJ00
GM0798,2.6,2019JJ00
GM0798,2.5,2020JJ00
GM0798,1.7,2021JJ00
GM0798,1.9,2022JJ00
GM0798,1.6,2023JJ00
GM0402,7.0,2013JJ00
GM0402,7.8,2014JJ00
GM0402,7.0,2015JJ00
GM0402,6.3,2016JJ00
GM0402,5.4,2017JJ00
GM0402,5.0,2018JJ00
GM0402,3.6,2019JJ00
GM0402,3.5,2020JJ00
GM0402,3.3,2021JJ00
GM0402,2.5,2022JJ00
GM0402,2.4,2023JJ00
GM1963,5.3,2013JJ00
GM1963,5.6,2014JJ00
GM1963,5.7,2015JJ00
GM1963,5.0,2016JJ00
GM1963,3.9,2017JJ00
GM1963,3.4,2018JJ00
GM1963,3.1,2019JJ00
GM1963,2.7,2020JJ00
GM1963,2.5,2021JJ00
GM1963,1.8,2022JJ00
GM1963,1.7,2023JJ00
GM1735,6.0,2013JJ00
GM1735,6.3,2014JJ00
GM1735,6.1,2015JJ00
GM1735,5.2,2016JJ00
GM1735,4.7,2017JJ00
GM1735,4.1,2018JJ00
GM1735,3.1,2019JJ00
GM1735,2.7,2020JJ00
GM1735,1.9,2021JJ00
GM1735,2.1,2022JJ00
GM1735,1.8,2023JJ00
GM1966,6.6,2013JJ00
GM1966,6.7,2014JJ00
GM1966,7.2,2015JJ00
GM1966,6.2,2016JJ00
GM1966,5.2,2017JJ00
GM1966,4.5,2018JJ00
GM1966,4.0,2019JJ00
GM1966,3.1,2020JJ00
GM1966,2.5,2021JJ00
GM1966,2.3,2022JJ00
GM1966,1.8,2023JJ00
GM1911,5.1,2013JJ00
GM1911,5.7,2014JJ00
GM1911,5.6,2015JJ00
GM1911,5.6,2016JJ00
GM1911,4.2,2017JJ00
GM1911,3.4,2018JJ00
GM1911,2.7,2019JJ00
GM1911,2.7,2020JJ00
GM1911,2.2,2021JJ00
GM1911,2.0,2022JJ00
GM1911,1.7,2023JJ00
GM0118,8.3,2013JJ00
GM0118,8.4,2014JJ00
GM0118,8.0,2015JJ00
GM0118,6.9,2016JJ00
GM0118,5.5,2017JJ00
GM0118,4.5,2018JJ00
GM0118,3.1,2019JJ00
GM0118,3.5,2020JJ00
GM0118,2.4,2021JJ00
GM0118,2.2,2022JJ00
GM0118,1.8,2023JJ00
GM0405,6.5,2013JJ00
GM0405,7.3,2014JJ00
GM0405,6.9,2015JJ00
GM0405,6.5,2016JJ00
GM0405,5.9,2017JJ00
GM0405,4.9,2018JJ00
GM0405,3.8,2019JJ00
GM0405,3.3,2020JJ00
GM0405,2.8,2021JJ00
GM0405,2.4,2022JJ00
GM0405,2.3,2023JJ00
GM1507,6.0,2013JJ00
GM1507,6.7,2014JJ00
GM1507,6.7,2015JJ00
GM1507,4.8,2016JJ00
GM1507,4.3,2017JJ00
GM1507,3.2,2018JJ00
GM1507,2.7,2019JJ00
GM1507,3.1,2020JJ00
GM1507,2.1,2021JJ00
GM1507,2.2,2022JJ00
GM1507,1.8,2023JJ00
GM0321,5.2,2013JJ00
GM0321,5.6,2014JJ00
GM0321,5.9,2015JJ00
GM0321,5.3,2016JJ00
GM0321,3.9,2017JJ00
GM0321,3.6,2018JJ00
GM0321,2.8,2019JJ00
GM0321,2.8,2020JJ00
GM0321,2.0,2021JJ00
GM0321,1.8,2022JJ00
GM0321,1.5,2023JJ00
GM0406,6.7,2013JJ00
GM0406,7.1,2014JJ00
GM0406,7.1,2015JJ00
GM0406,6.0,2016JJ00
GM0406,5.0,2017JJ00
GM0406,4.1,2018JJ00
GM0406,3.3,2019JJ00
GM0406,3.4,2020JJ00
GM0406,3.1,2021JJ00
GM0406,2.4,2022JJ00
GM0406,2.2,2023JJ00
GM0677,6.1,2013JJ00
GM0677,5.5,2014JJ00
GM0677,6.5,2015JJ00
GM0677,5.1,2016JJ00
GM0677,4.4,2017JJ00
GM0677,3.8,2018JJ00
GM0677,3.2,2019JJ00
GM0677,3.0,2020JJ00
GM0677,2.4,2021JJ00
GM0677,1.8,2022JJ00
GM0677,1.6,2023JJ00
GM0353,6.0,2013JJ00
GM0353,6.3,2014JJ00
GM0353,6.1,2015JJ00
GM0353,5.4,2016JJ00
GM0353,4.5,2017JJ00
GM0353,3.8,2018JJ00
GM0353,3.0,2019JJ00
GM0353,2.9,2020JJ00
GM0353,2.4,2021JJ00
GM0353,1.9,2022JJ00
GM0353,2.0,2023JJ00
GM1884,5.1,2013JJ00
GM1884,5.5,2014JJ00
GM1884,5.1,2015JJ00
GM1884,4.8,2016JJ00
GM1884,4.0,2017JJ00
GM1884,3.2,2018JJ00
GM1884,2.6,2019JJ00
GM1884,2.5,2020JJ00
GM1884,2.7,2021JJ00
GM1884,1.9,2022JJ00
GM1884,1.7,2023JJ00
GM0166,6.3,2013JJ00
GM0166,6.8,2014JJ00
GM0166,6.6,2015JJ00
GM0166,5.9,2016JJ00
GM0166,4.8,2017JJ00
GM0166,4.1,2018JJ00
GM0166,3.1,2019JJ00
GM0166,2.9,2020JJ00
GM0166,2.2,2021JJ00
GM0166,1.9,2022JJ00
GM0166,1.8,2023JJ00
GM0678,4.9,2013JJ00
GM0678,4.8,2014JJ00
GM0678,5.0,2015JJ00
GM0678,4.4,2016JJ00
GM0678,3.4,2017JJ00
GM0678,3.3,2018JJ00
GM0678,2.7,2019JJ00
GM0678,2.3,2020JJ00
GM0678,1.8,2021JJ00
GM0678,1.6,2022JJ00
GM0678,1.3,2023JJ00
GM0537,5.0,2013JJ00
GM0537,5.2,2014JJ00
GM0537,5.1,2015JJ00
GM0537,4.7,2016JJ00
GM0537,4.1,2017JJ00
GM0537,3.3,2018JJ00
GM0537,2.8,2019JJ00
GM0537,2.5,2020JJ00
GM0537,2.5,2021JJ00
GM0537,1.9,2022JJ00
GM0537,1.6,2023JJ00
GM0928,9.1,2013JJ00
GM0928,9.3,2014JJ00
GM0928,9.0,2015JJ00
GM0928,8.0,2016JJ00
GM0928,6.6,2017JJ00
GM0928,5.7,2018JJ00
GM0928,4.3,2019JJ00
GM0928,4.3,2020JJ00
GM0928,3.1,2021JJ00
GM0928,3.2,2022JJ00
GM0928,2.5,2023JJ00
GM1598,5.3,2013JJ00
GM1598,5.9,2014JJ00
GM1598,5.0,2015JJ00
GM1598,4.4,2016JJ00
GM1598,3.9,2017JJ00
GM1598,3.6,2018JJ00
GM1598,2.6,2019JJ00
GM1598,2.4,2020JJ00
GM1598,1.8,2021JJ00
GM1598,1.7,2022JJ00
GM1598,1.5,2023JJ00
GM0542,6.7,2013JJ00
GM0542,7.0,2014JJ00
GM0542,6.3,2015JJ00
GM0542,5.8,2016JJ00
GM0542,4.7,2017JJ00
GM0542,4.0,2018JJ00
GM0542,3.2,2019JJ00
GM0542,3.0,2020JJ00
GM0542,2.5,2021JJ00
GM0542,2.2,2022JJ00
GM0542,1.9,2023JJ00
GM1931,5.5,2013JJ00
GM1931,5.8,2014JJ00
GM1931,5.4,2015JJ00
GM1931,4.6,2016JJ00
GM1931,4.0,2017JJ00
GM1931,3.5,2018JJ00
GM1931,2.8,2019JJ00
GM1931,2.7,2020JJ00
GM1931,2.1,2021JJ00
GM1931,1.8,2022JJ00
GM1931,1.7,2023JJ00
GM1659,5.7,2013JJ00
GM1659,6.1,2014JJ00
GM1659,6.4,2015JJ00
GM1659,5.4,2016JJ00
GM1659,4.3,2017JJ00
GM1659,3.8,2018JJ00
GM1659,3.3,2019JJ00
GM1659,2.9,2020JJ00
GM1659,2.2,2021JJ00
GM1659,2.0,2022JJ00
GM1659,1.7,2023JJ00
GM1982,6.0,2013JJ00
GM1982,6.7,2014JJ00
GM1982,6.8,2015JJ00
GM1982,6.1,2016JJ00
GM1982,4.8,2017JJ00
GM1982,3.9,2018JJ00
GM1982,3.1,2019JJ00
GM1982,3.0,2020JJ00
GM1982,2.3,2021JJ00
GM1982,1.9,2022JJ00
GM1982,1.8,2023JJ00
GM0882,7.2,2013JJ00
GM0882,7.6,2014JJ00
GM0882,7.9,2015JJ00
GM0882,6.7,2016JJ00
GM0882,5.9,2017JJ00
GM0882,5.0,2018JJ00
GM0882,4.1,2019JJ00
GM0882,3.8,2020JJ00
GM0882,3.4,2021JJ00
GM0882,2.8,2022JJ00
GM0882,2.5,2023JJ00
GM0415,5.2,2013JJ00
GM0415,5.3,2014JJ00
GM0415,5.7,2015JJ00
GM0415,4.9,2016JJ00
GM0415,4.1,2017JJ00
GM0415,3.5,2018JJ00
GM0415,2.8,2019JJ00
GM0415,2.8,2020JJ00
GM0415,2.4,2021JJ00
GM0415,2.1,2022JJ00
GM0415,1.9,2023JJ00
GM1621,5.5,2013JJ00
GM1621,5.3,2014JJ00
GM1621,5.4,2015JJ00
GM1621,5.0,2016JJ00
GM1621,4.0,2017JJ00
GM1621,3.2,2018JJ00
GM1621,2.6,2019JJ00
GM1621,2.5,2020JJ00
GM1621,2.3,2021JJ00
GM1621,1.9,2022JJ00
GM1621,1.6,2023JJ00
GM0417,5.9,2013JJ00
GM0417,6.1,2014JJ00
GM0417,6.3,2015JJ00
GM0417,5.9,2016JJ00
GM0417,4.7,2017JJ00
GM0417,3.9,2018JJ00
GM0417,3.1,2019JJ00
GM0417,2.9,2020JJ00
GM0417,2.4,2021JJ00
GM0417,2.1,2022JJ00
GM0417,1.9,2023JJ00
GM0080,9.1,2013JJ00
GM0080,8.8,2014JJ00
GM0080,9.3,2015JJ00
GM0080,8.4,2016JJ00
GM0080,7.3,2017JJ00
GM0080,6.9,2018JJ00
GM0080,4.6,2019JJ00
GM0080,3.9,2020JJ00
GM0080,4.3,2021JJ00
GM0080,3.2,2022JJ00
GM0080,2.9,2023JJ00
GM0546,7.4,2013JJ00
GM0546,7.4,2014JJ00
GM0546,7.2,2015JJ00
GM0546,6.6,2016JJ00
GM0546,5.9,2017JJ00
GM0546,4.5,2018JJ00
GM0546,4.1,2019JJ00
GM0546,3.4,2020JJ00
GM0546,3.3,2021JJ00
GM0546,2.7,2022JJ00
GM0546,2.2,2023JJ00
GM0547,5.9,2013JJ00
GM0547,6.5,2014JJ00
GM0547,6.1,2015JJ00
GM0547,5.4,2016JJ00
GM0547,4.4,2017JJ00
GM0547,3.9,2018JJ00
GM0547,3.1,2019JJ00
GM0547,3.0,2020JJ00
GM0547,3.1,2021JJ00
GM0547,2.3,2022JJ00
GM0547,1.9,2023JJ00
GM1916,7.4,2013JJ00
GM1916,7.4,2014JJ00
GM1916,7.3,2015JJ00
GM1916,6.7,2016JJ00
GM1916,5.4,2017JJ00
GM1916,4.7,2018JJ00
GM1916,4.1,2019JJ00
GM1916,3.9,2020JJ00
GM1916,2.9,2021JJ00
GM1916,2.7,2022JJ00
GM1916,2.3,2023JJ00
GM0995,8.7,2013JJ00
GM0995,9.5,2014JJ00
GM0995,8.5,2015JJ00
GM0995,7.9,2016JJ00
GM0995,7.3,2017JJ00
GM0995,5.3,2018JJ00
GM0995,4.1,2019JJ00
GM0995,3.7,2020JJ00
GM0995,3.3,2021JJ00
GM0995,2.5,2022JJ00
GM0995,2.2,2023JJ00
GM1640,5.4,2013JJ00
GM1640,5.9,2014JJ00
GM1640,6.1,2015JJ00
GM1640,4.9,2016JJ00
GM1640,4.1,2017JJ00
GM1640,3.6,2018JJ00
GM1640,2.8,2019JJ00
GM1640,2.8,2020JJ00
GM1640,2.2,2021JJ00
GM1640,2.0,2022JJ00
GM1640,1.9,2023JJ00
GM0327,5.7,2013JJ00
GM0327,6.3,2014JJ00
GM0327,6.5,2015JJ00
GM0327,5.3,2016JJ00
GM0327,4.5,2017JJ00
GM0327,3.9,2018JJ00
GM0327,3.0,2019JJ00
GM0327,2.7,2020JJ00
GM0327,2.3,2021JJ00
GM0327,2.0,2022JJ00
GM0327,1.7,2023JJ00
GM1705,7.2,2013JJ00
GM1705,7.0,2014JJ00
GM1705,6.3,2015JJ00
GM1705,5.7,2016JJ00
GM1705,4.9,2017JJ00
GM1705,4.4,2018JJ00
GM1705,3.0,2019JJ00
GM1705,2.8,2020JJ00
GM1705,2.3,2021JJ00
GM1705,1.8,2022JJ00
GM1705,1.6,2023JJ00
GM0553,6.0,2013JJ00
GM0553,6.3,2014JJ00
GM0553,6.2,2015JJ00
GM0553,5.5,2016JJ00
GM0553,4.5,2017JJ00
GM0553,3.7,2018JJ00
GM0553,3.1,2019JJ00
GM0553,2.9,2020JJ00
GM0553,2.4,2021JJ00
GM0553,2.1,2022JJ00
GM0553,1.9,2023JJ00
GM0262,6.1,2013JJ00
GM0262,7.5,2014JJ00
GM0262,6.8,2015JJ00
GM0262,5.9,2016JJ00
GM0262,4.6,2017JJ00
GM0262,3.5,2018JJ00
GM0262,2.8,2019JJ00
GM0262,2.9,2020JJ00
GM0262,2.8,2021JJ00
GM0262,2.1,2022JJ00
GM0262,1.8,2023JJ00
GM0809,6.1,2013JJ00
GM0809,6.9,2014JJ00
GM0809,7.5,2015JJ00
GM0809,5.6,2016JJ00
GM0809,4.7,2017JJ00
GM0809,3.9,2018JJ00
GM0809,3.2,2019JJ00
GM0809,3.1,2020JJ00
GM0809,2.5,2021JJ00
GM0809,2.0,2022JJ00
GM0809,1.7,2023JJ00
GM0331,4.8,2013JJ00
GM0331,5.4,2014JJ00
GM0331,5.0,2015JJ00
GM0331,4.2,2016JJ00
GM0331,3.5,2017JJ00
GM0331,3.0,2018JJ00
GM0331,2.3,2019JJ00
GM0331,2.2,2020JJ00
GM0331,1.8,2021JJ00
GM0331,1.6,2022JJ00
GM0331,1.4,2023JJ00
GM0168,6.9,2013JJ00
GM0168,7.7,2014JJ00
GM0168,7.6,2015JJ00
GM0168,7.1,2016JJ00
GM0168,5.4,2017JJ00
GM0168,4.3,2018JJ00
GM0168,3.2,2019JJ00
GM0168,3.0,2020JJ00
GM0168,2.7,2021JJ00
GM0168,2.2,2022JJ00
GM0168,1.8,2023JJ00
GM0263,5.9,2013JJ00
GM0263,6.3,2014JJ00
GM0263,5.8,2015JJ00
GM0263,5.0,2016JJ00
GM0263,4.1,2017JJ00
GM0263,3.5,2018JJ00
GM0263,2.8,2019JJ00
GM0263,2.7,2020JJ00
GM0263,2.1,2021JJ00
GM0263,1.7,2022JJ00
GM0263,1.7,2023JJ00
GM1641,5.8,2013JJ00
GM1641,6.4,2014JJ00
GM1641,6.2,2015JJ00
GM1641,5.5,2016JJ00
GM1641,4.4,2017JJ00
GM1641,3.8,2018JJ00
GM1641,3.2,2019JJ00
GM1641,3.3,2020JJ00
GM1641,2.4,2021JJ00
GM1641,2.4,2022JJ00
GM1641,2.0,2023JJ00
GM1991,6.4,2013JJ00
GM1991,6.9,2014JJ00
GM1991,6.7,2015JJ00
GM1991,5.5,2016JJ00
GM1991,4.7,2017JJ00
GM1991,3.7,2018JJ00
GM1991,3.3,2019JJ00
GM1991,3.2,2020JJ00
GM1991,2.3,2021JJ00
GM1991,2.0,2022JJ00
GM1991,1.9,2023JJ00
GM0556,6.8,2013JJ00
GM0556,7.3,2014JJ00
GM0556,7.7,2015JJ00
GM0556,7.2,2016JJ00
GM0556,5.6,2017JJ00
GM0556,4.5,2018JJ00
GM0556,3.8,2019JJ00
GM0556,3.4,2020JJ00
GM0556,2.9,2021JJ00
GM0556,2.8,2022JJ00
GM0556,2.4,2023JJ00
GM0935,7.3,2013JJ00
GM0935,7.3,2014JJ00
GM0935,7.7,2015JJ00
GM0935,6.0,2016JJ00
GM0935,6.0,2017JJ00
GM0935,4.3,2018JJ00
GM0935,3.7,2019JJ00
GM0935,3.7,2020JJ00
GM0935,3.0,2021JJ00
GM0935,3.1,2022JJ00
GM0935,2.0,2023JJ00
GM0420,6.3,2013JJ00
GM0420,6.2,2014JJ00
GM0420,5.7,2015JJ00
GM0420,5.2,2016JJ00
GM0420,4.8,2017JJ00
GM0420,3.8,2018JJ00
GM0420,3.0,2019JJ00
GM0420,2.7,2020JJ00
GM0420,2.2,2021JJ00
GM0420,2.2,2022JJ00
GM0420,1.8,2023JJ00
GM0938,6.3,2013JJ00
GM0938,6.9,2014JJ00
GM0938,6.7,2015JJ00
GM0938,5.7,2016JJ00
GM0938,5.0,2017JJ00
GM0938,4.1,2018JJ00
GM0938,2.9,2019JJ00
GM0938,3.1,2020JJ00
GM0938,2.4,2021JJ00
GM0938,2.3,2022JJ00
GM0938,1.9,2023JJ00
GM1948,5.8,2013JJ00
GM1948,6.4,2014JJ00
GM1948,6.2,2015JJ00
GM1948,5.3,2016JJ00
GM1948,4.5,2017JJ00
GM1948,3.5,2018JJ00
GM1948,3.0,2019JJ00
GM1948,2.8,2020JJ00
GM1948,1.8,2021JJ00
GM1948,1.9,2022JJ00
GM1948,2.0,2023JJ00
GM0119,7.2,2013JJ00
GM0119,8.3,2014JJ00
GM0119,7.4,2015JJ00
GM0119,6.7,2016JJ00
GM0119,5.6,2017JJ00
GM0119,5.0,2018JJ00
GM0119,3.2,2019JJ00
GM0119,3.5,2020JJ00
GM0119,2.6,2021JJ00
GM0119,2.5,2022JJ00
GM0119,1.9,2023JJ00
GM0687,5.8,2013JJ00
GM0687,5.3,2014JJ00
GM0687,6.0,2015JJ00
GM0687,4.7,2016JJ00
GM0687,4.5,2017JJ00
GM0687,4.2,2018JJ00
GM0687,3.5,2019JJ00
GM0687,3.0,2020JJ00
GM0687,2.9,2021JJ00
GM0687,1.8,2022JJ00
GM0687,1.6,2023JJ00
GM1842,4.2,2013JJ00
GM1842,4.5,2014JJ00
GM1842,4.6,2015JJ00
GM1842,4.0,2016JJ00
GM1842,3.3,2017JJ00
GM1842,2.9,2018JJ00
GM1842,2.5,2019JJ00
GM1842,2.3,2020JJ00
GM1842,1.6,2021JJ00
GM1842,1.5,2022JJ00
GM1842,1.4,2023JJ00
GM1731,5.6,2013JJ00
GM1731,6.2,2014JJ00
GM1731,6.5,2015JJ00
GM1731,5.8,2016JJ00
GM1731,4.7,2017JJ00
GM1731,4.2,2018JJ00
GM1731,3.1,2019JJ00
GM1731,2.9,2020JJ00
GM1731,2.0,2021JJ00
GM1731,2.0,2022JJ00
GM1731,1.7,2023JJ00
GM1952,7.6,2013JJ00
GM1952,8.4,2014JJ00
GM1952,8.4,2015JJ00
GM1952,7.8,2016JJ00
GM1952,6.2,2017JJ00
GM1952,5.2,2018JJ00
GM1952,4.6,2019JJ00
GM1952,4.0,2020JJ00
GM1952,4.1,2021JJ00
GM1952,2.7,2022JJ00
GM1952,2.3,2023JJ00
GM1709,5.6,2013JJ00
GM1709,6.5,2014JJ00
GM1709,6.5,2015JJ00
GM1709,5.9,2016JJ00
GM1709,4.7,2017JJ00
GM1709,3.8,2018JJ00
GM1709,3.1,2019JJ00
GM1709,2.9,2020JJ00
GM1709,2.4,2021JJ00
GM1709,2.3,2022JJ00
GM1709,2.0,2023JJ00
GM1978,4.6,2013JJ00
GM1978,4.8,2014JJ00
GM1978,4.7,2015JJ00
GM1978,4.2,2016JJ00
GM1978,3.5,2017JJ00
GM1978,3.2,2018JJ00
GM1978,2.6,2019JJ00
GM1978,2.4,2020JJ00
GM1978,2.0,2021JJ00
GM1978,1.6,2022JJ00
GM1978,1.4,2023JJ00
GM1955,7.1,2013JJ00
GM1955,7.8,2014JJ00
GM1955,6.9,2015JJ00
GM1955,6.0,2016JJ00
GM1955,4.9,2017JJ00
GM1955,4.0,2018JJ00
GM1955,3.1,2019JJ00
GM1955,2.9,2020JJ00
GM1955,2.2,2021JJ00
GM1955,2.0,2022JJ00
GM1955,1.8,2023JJ00
GM0335,4.7,2013JJ00
GM0335,5.1,2014JJ00
GM0335,5.1,2015JJ00
GM0335,4.6,2016JJ00
GM0335,3.6,2017JJ00
GM0335,3.1,2018JJ00
GM0335,2.5,2019JJ00
GM0335,2.4,2020JJ00
GM0335,2.3,2021JJ00
GM0335,1.7,2022JJ00
GM0335,1.4,2023JJ00
GM0944,5.6,2013JJ00
GM0944,6.1,2014JJ00
GM0944,6.1,2015JJ00
GM0944,5.5,2016JJ00
GM0944,4.6,2017JJ00
GM0944,3.9,2018JJ00
GM0944,3.0,2019JJ00
GM0944,2.8,2020JJ00
GM0944,2.0,2021JJ00
GM0944,2.0,2022JJ00
GM0944,1.7,2023JJ00
GM1740,5.4,2013JJ00
GM1740,6.1,2014JJ00
GM1740,6.0,2015JJ00
GM1740,5.3,2016JJ00
GM1740,4.3,2017JJ00
GM1740,3.5,2018JJ00
GM1740,2.7,2019JJ00
GM1740,2.6,2020JJ00
GM1740,1.9,2021JJ00
GM1740,1.7,2022JJ00
GM1740,1.6,2023JJ00
GM0946,5.7,2013JJ00
GM0946,6.7,2014JJ00
GM0946,6.3,2015JJ00
GM0946,5.3,2016JJ00
GM0946,4.4,2017JJ00
GM0946,3.5,2018JJ00
GM0946,2.7,2019JJ00
GM0946,2.8,2020JJ00
GM0946,2.2,2021JJ00
GM0946,2.2,2022JJ00
GM0946,1.9,2023JJ00
GM0356,7.1,2013JJ00
GM0356,7.1,2014JJ00
GM0356,7.5,2015JJ00
GM0356,6.3,2016JJ00
GM0356,5.7,2017JJ00
GM0356,4.6,2018JJ00
GM0356,3.6,2019JJ00
GM0356,3.7,2020JJ00
GM0356,3.0,2021JJ00
GM0356,2.7,2022JJ00
GM0356,2.2,2023JJ00
GM0569,4.8,2013JJ00
GM0569,5.4,2014JJ00
GM0569,5.3,2015JJ00
GM0569,4.8,2016JJ00
GM0569,3.8,2017JJ00
GM0569,3.1,2018JJ00
GM0569,2.5,2019JJ00
GM0569,2.4,2020JJ00
GM0569,2.0,2021JJ00
GM0569,1.8,2022JJ00
GM0569,1.5,2023JJ00
GM0267,5.6,2013JJ00
GM0267,6.0,2014JJ00
GM0267,5.4,2015JJ00
GM0267,4.9,2016JJ00
GM0267,3.9,2017JJ00
GM0267,3.4,2018JJ00
GM0267,2.7,2019JJ00
GM0267,2.5,2020JJ00
GM0267,2.1,2021JJ00
GM0267,1.7,2022JJ00
GM0267,1.5,2023JJ00
GM0268,9.1,2013JJ00
GM0268,10.1,2014JJ00
GM0268,9.2,2015JJ00
GM0268,8.2,2016JJ00
GM0268,6.3,2017JJ00
GM0268,6.1,2018JJ00
GM0268,4.5,2019JJ00
GM0268,3.8,2020JJ00
GM0268,4.7,2021JJ00
GM0268,2.9,2022JJ00
GM0268,2.3,2023JJ00
GM1930,6.8,2013JJ00
GM1930,7.5,2014JJ00
GM1930,8.3,2015JJ00
GM1930,7.2,2016JJ00
GM1930,5.5,2017JJ00
GM1930,4.6,2018JJ00
GM1930,4.6,2019JJ00
GM1930,3.8,2020JJ00
GM1930,3.6,2021JJ00
GM1930,2.7,2022JJ00
GM1930,2.3,2023JJ00
GM1970,7.2,2013JJ00
GM1970,7.9,2014JJ00
GM1970,7.8,2015JJ00
GM1970,6.8,2016JJ00
GM1970,5.7,2017JJ00
GM1970,4.7,2018JJ00
GM1970,3.4,2019JJ00
GM1970,3.3,2020JJ00
GM1970,2.8,2021JJ00
GM1970,2.3,2022JJ00
GM1970,2.3,2023JJ00
GM1695,6.6,2013JJ00
GM1695,6.9,2014JJ00
GM1695,6.8,2015JJ00
GM1695,5.5,2016JJ00
GM1695,4.9,2017JJ00
GM1695,4.1,2018JJ00
GM1695,3.2,2019JJ00
GM1695,3.0,2020JJ00
GM1695,2.5,2021JJ00
GM1695,2.0,2022JJ00
GM1695,1.7,2023JJ00
GM1699,6.0,2013JJ00
GM1699,6.6,2014JJ00
GM1699,6.8,2015JJ00
GM1699,6.4,2016JJ00
GM1699,5.3,2017JJ00
GM1699,4.3,2018JJ00
GM1699,3.2,2019JJ00
GM1699,3.2,2020JJ00
GM1699,2.4,2021JJ00
GM1699,2.1,2022JJ00
GM1699,1.9,2023JJ00
GM0171,6.6,2013JJ00
GM0171,7.6,2014JJ00
GM0171,7.2,2015JJ00
GM0171,6.3,2016JJ00
GM0171,4.8,2017JJ00
GM0171,4.1,2018JJ00
GM0171,3.2,2019JJ00
GM0171,2.9,2020JJ00
GM0171,2.6,2021JJ00
GM0171,1.9,2022JJ00
GM0171,1.7,2023JJ00
GM0575,5.4,2013JJ00
GM0575,5.9,2014JJ00
GM0575,5.8,2015JJ00
GM0575,5.2,2016JJ00
GM0575,4.3,2017JJ00
GM0575,3.8,2018JJ00
GM0575,3.2,2019JJ00
GM0575,3.0,2020JJ00
GM0575,2.8,2021JJ00
GM0575,2.2,2022JJ00
GM0575,1.8,2023JJ00
GM0820,6.3,2013JJ00
GM0820,6.5,2014JJ00
GM0820,6.7,2015JJ00
GM0820,5.2,2016JJ00
GM0820,4.5,2017JJ00
GM0820,3.7,2018JJ00
GM0820,3.2,2019JJ00
GM0820,3.2,2020JJ00
GM0820,2.4,2021JJ00
GM0820,2.2,2022JJ00
GM0820,1.9,2023JJ00
GM0302,5.6,2013JJ00
GM0302,6.4,2014JJ00
GM0302,5.9,2015JJ00
GM0302,5.4,2016JJ00
GM0302,4.1,2017JJ00
GM0302,3.4,2018JJ00
GM0302,2.7,2019JJ00
GM0302,2.5,2020JJ00
GM0302,2.1,2021JJ00
GM0302,1.7,2022JJ00
GM0302,1.4,2023JJ00
GM0579,5.0,2013JJ00
GM0579,5.3,2014JJ00
GM0579,5.3,2015JJ00
GM0579,4.7,2016JJ00
GM0579,4.1,2017JJ00
GM0579,3.5,2018JJ00
GM0579,2.8,2019JJ00
GM0579,2.7,2020JJ00
GM0579,2.2,2021JJ00
GM0579,2.0,2022JJ00
GM0579,1.9,2023JJ00
GM0823,5.6,2013JJ00
GM0823,6.3,2014JJ00
GM0823,6.1,2015JJ00
GM0823,5.3,2016JJ00
GM0823,4.2,2017JJ00
GM0823,3.4,2018JJ00
GM0823,3.0,2019JJ00
GM0823,3.0,2020JJ00
GM0823,2.1,2021JJ00
GM0823,1.8,2022JJ00
GM0823,1.7,2023JJ00
GM0824,5.7,2013JJ00
GM0824,6.2,2014JJ00
GM0824,6.4,2015JJ00
GM0824,5.1,2016JJ00
GM0824,4.3,2017JJ00
GM0824,3.6,2018JJ00
GM0824,3.0,2019JJ00
GM0824,2.9,2020JJ00
GM0824,2.4,2021JJ00
GM0824,2.1,2022JJ00
GM0824,1.7,2023JJ00
GM1895,8.2,2013JJ00
GM1895,8.9,2014JJ00
GM1895,8.8,2015JJ00
GM1895,8.7,2016JJ00
GM1895,7.3,2017JJ00
GM1895,6.6,2018JJ00
GM1895,5.0,2019JJ00
GM1895,4.0,2020JJ00
GM1895,3.4,2021JJ00
GM1895,2.6,2022JJ00
GM1895,2.2,2023JJ00
GM0269,5.7,2013JJ00
GM0269,6.5,2014JJ00
GM0269,6.3,2015JJ00
GM0269,5.6,2016JJ00
GM0269,4.3,2017JJ00
GM0269,3.4,2018JJ00
GM0269,3.0,2019JJ00
GM0269,2.5,2020JJ00
GM0269,2.2,2021JJ00
GM0269,1.8,2022JJ00
GM0269,1.5,2023JJ00
GM0173,6.5,2013JJ00
GM0173,7.1,2014JJ00
GM0173,7.1,2015JJ00
GM0173,6.8,2016JJ00
GM0173,5.2,2017JJ00
GM0173,4.3,2018JJ00
GM0173,3.5,2019JJ00
GM0173,3.4,2020JJ00
GM0173,3.1,2021JJ00
GM0173,2.2,2022JJ00
GM0173,1.9,2023JJ00
GM1773,5.5,2013JJ00
GM1773,5.8,2014JJ00
GM1773,5.8,2015JJ00
GM1773,4.8,2016JJ00
GM1773,3.9,2017JJ00
GM1773,3.4,2018JJ00
GM1773,2.8,2019JJ00
GM1773,2.7,2020JJ00
GM1773,2.2,2021JJ00
GM1773,1.9,2022JJ00
GM1773,1.7,2023JJ00
GM0175,6.5,2013JJ00
GM0175,6.6,2014JJ00
GM0175,6.0,2015JJ00
GM0175,5.8,2016JJ00
GM0175,4.9,2017JJ00
GM0175,3.9,2018JJ00
GM0175,2.9,2019JJ00
GM0175,3.0,2020JJ00
GM0175,2.4,2021JJ00
GM0175,2.0,2022JJ00
GM0175,1.9,2023JJ00
GM1586,6.1,2013JJ00
GM1586,7.0,2014JJ00
GM1586,6.0,2015JJ00
GM1586,5.0,2016JJ00
GM1586,4.0,2017JJ00
GM1586,3.3,2018JJ00
GM1586,2.7,2019JJ00
GM1586,2.5,2020JJ00
GM1586,1.8,2021JJ00
GM1586,1.7,2022JJ00
GM1586,1.5,2023JJ00
GM0826,6.8,2013JJ00
GM0826,8.0,2014JJ00
GM0826,8.1,2015JJ00
GM0826,6.8,2016JJ00
GM0826,5.6,2017JJ00
GM0826,4.4,2018JJ00
GM0826,3.7,2019JJ00
GM0826,3.8,2020JJ00
GM0826,2.8,2021JJ00
GM0826,2.7,2022JJ00
GM0826,2.1,2023JJ00
GM0085,7.3,2013JJ00
GM0085,7.8,2014JJ00
GM0085,7.7,2015JJ00
GM0085,7.4,2016JJ00
GM0085,5.9,2017JJ00
GM0085,4.7,2018JJ00
GM0085,3.4,2019JJ00
GM0085,3.5,2020JJ00
GM0085,3.1,2021JJ00
GM0085,2.5,2022JJ00
GM0085,2.3,2023JJ00
GM0431,5.1,2013JJ00
GM0431,5.6,2014JJ00
GM0431,5.6,2015JJ00
GM0431,5.6,2016JJ00
GM0431,4.0,2017JJ00
GM0431,3.5,2018JJ00
GM0431,2.6,2019JJ00
GM0431,2.7,2020JJ00
GM0431,2.2,2021JJ00
GM0431,2.0,2022JJ00
GM0431,1.6,2023JJ00
GM0432,5.7,2013JJ00
GM0432,5.5,2014JJ00
GM0432,5.1,2015JJ00
GM0432,4.9,2016JJ00
GM0432,4.3,2017JJ00
GM0432,3.4,2018JJ00
GM0432,2.7,2019JJ00
GM0432,2.4,2020JJ00
GM0432,1.8,2021JJ00
GM0432,1.7,2022JJ00
GM0432,1.5,2023JJ00
GM0086,7.1,2013JJ00
GM0086,7.8,2014JJ00
GM0086,7.5,2015JJ00
GM0086,6.5,2016JJ00
GM0086,5.3,2017JJ00
GM0086,4.2,2018JJ00
GM0086,3.1,2019JJ00
GM0086,3.1,2020JJ00
GM0086,2.8,2021JJ00
GM0086,2.1,2022JJ00
GM0086,2.0,2023JJ00
GM0828,7.7,2013JJ00
GM0828,8.7,2014JJ00
GM0828,7.3,2015JJ00
GM0828,6.6,2016JJ00
GM0828,5.2,2017JJ00
GM0828,4.5,2018JJ00
GM0828,3.7,2019JJ00
GM0828,3.2,2020JJ00
GM0828,2.5,2021JJ00
GM0828,2.1,2022JJ00
GM0828,2.0,2023JJ00
GM1509,6.6,2013JJ00
GM1509,7.5,2014JJ00
GM1509,7.2,2015JJ00
GM1509,7.3,2016JJ00
GM1509,5.4,2017JJ00
GM1509,3.9,2018JJ00
GM1509,3.1,2019JJ00
GM1509,2.8,2020JJ00
GM1509,2.2,2021JJ00
GM1509,2.0,2022JJ00
GM1509,1.9,2023JJ00
GM0437,5.6,2013JJ00
GM0437,6.2,2014JJ00
GM0437,6.0,2015JJ00
GM0437,6.0,2016JJ00
GM0437,4.9,2017JJ00
GM0437,4.2,2018JJ00
GM0437,3.3,2019JJ00
GM0437,3.1,2020JJ00
GM0437,2.5,2021JJ00
GM0437,2.2,2022JJ00
GM0437,2.2,2023JJ00
GM0589,4.9,2013JJ00
GM0589,5.4,2014JJ00
GM0589,5.7,2015JJ00
GM0589,4.4,2016JJ00
GM0589,3.7,2017JJ00
GM0589,3.3,2018JJ00
GM0589,2.6,2019JJ00
GM0589,2.3,2020JJ00
GM0589,1.9,2021JJ00
GM0589,1.7,2022JJ00
GM0589,1.5,2023JJ00
GM1734,6.1,2013JJ00
GM1734,6.6,2014JJ00
GM1734,6.3,2015JJ00
GM1734,5.8,2016JJ00
GM1734,5.0,2017JJ00
GM1734,3.8,2018JJ00
GM1734,2.8,2019JJ00
GM1734,2.6,2020JJ00
GM1734,2.5,2021JJ00
GM1734,1.9,2022JJ00
GM1734,1.5,2023JJ00
GM0590,5.5,2013JJ00
GM0590,5.8,2014JJ00
GM0590,6.1,2015JJ00
GM0590,5.1,2016JJ00
GM0590,4.4,2017JJ00
GM0590,3.9,2018JJ00
GM0590,3.2,2019JJ00
GM0590,3.0,2020JJ00
GM0590,3.0,2021JJ00
GM0590,2.2,2022JJ00
GM0590,1.9,2023JJ00
GM1894,6.0,2013JJ00
GM1894,6.5,2014JJ00
GM1894,6.7,2015JJ00
GM1894,5.4,2016JJ00
GM1894,4.3,2017JJ00
GM1894,3.3,2018JJ00
GM1894,2.7,2019JJ00
GM1894,3.0,2020JJ00
GM1894,2.3,2021JJ00
GM1894,2.2,2022JJ00
GM1894,1.8,2023JJ00
GM0765,8.1,2013JJ00
GM0765,8.6,2014JJ00
GM0765,9.2,2015JJ00
GM0765,7.7,2016JJ00
GM0765,6.2,2017JJ00
GM0765,5.4,2018JJ00
GM0765,4.5,2019JJ00
GM0765,3.6,2020JJ00
GM0765,3.1,2021JJ00
GM0765,2.5,2022JJ00
GM0765,2.1,2023JJ00
GM1926,5.0,2013JJ00
GM1926,5.3,2014JJ00
GM1926,5.4,2015JJ00
GM1926,4.8,2016JJ00
GM1926,3.6,2017JJ00
GM1926,2.9,2018JJ00
GM1926,2.5,2019JJ00
GM1926,2.3,2020JJ00
GM1926,2.0,2021JJ00
GM1926,1.6,2022JJ00
GM1926,1.4,2023JJ00
GM0439,6.6,2013JJ00
GM0439,7.0,2014JJ00
GM0439,6.8,2015JJ00
GM0439,6.2,2016JJ00
GM0439,5.3,2017JJ00
GM0439,4.6,2018JJ00
GM0439,3.4,2019JJ00
GM0439,3.2,2020JJ00
GM0439,3.3,2021JJ00
GM0439,2.5,2022JJ00
GM0439,2.1,2023JJ00
GM0273,5.5,2013JJ00
GM0273,6.2,2014JJ00
GM0273,5.9,2015JJ00
GM0273,5.3,2016JJ00
GM0273,3.8,2017JJ00
GM0273,3.4,2018JJ00
GM0273,2.6,2019JJ00
GM0273,2.5,2020JJ00
GM0273,2.0,2021JJ00
GM0273,1.8,2022JJ00
GM0273,1.4,2023JJ00
GM0177,5.5,2013JJ00
GM0177,5.9,2014JJ00
GM0177,6.0,2015JJ00
GM0177,5.1,2016JJ00
GM0177,4.0,2017JJ00
GM0177,3.4,2018JJ00
GM0177,2.8,2019JJ00
GM0177,2.5,2020JJ00
GM0177,1.9,2021JJ00
GM0177,1.8,2022JJ00
GM0177,1.8,2023JJ00
GM0703,5.4,2013JJ00
GM0703,5.8,2014JJ00
GM0703,5.7,2015JJ00
GM0703,4.7,2016JJ00
GM0703,4.1,2017JJ00
GM0703,3.6,2018JJ00
GM0703,2.9,2019JJ00
GM0703,2.8,2020JJ00
GM0703,2.1,2021JJ00
GM0703,1.7,2022JJ00
GM0703,1.5,2023JJ00
GM0274,6.6,2013JJ00
GM0274,7.5,2014JJ00
GM0274,7.0,2015JJ00
GM0274,5.8,2016JJ00
GM0274,5.4,2017JJ00
GM0274,4.2,2018JJ00
GM0274,3.4,2019JJ00
GM0274,3.2,2020JJ00
GM0274,2.5,2021JJ00
GM0274,2.0,2022JJ00
GM0274,1.9,2023JJ00
GM0339,5.5,2013JJ00
GM0339,5.2,2014JJ00
GM0339,5.3,2015JJ00
GM0339,4.6,2016JJ00
GM0339,3.8,2017JJ00
GM0339,3.0,2018JJ00
GM0339,2.3,2019JJ00
GM0339,2.1,2020JJ00
GM0339,1.7,2021JJ00
GM0339,1.5,2022JJ00
GM0339,1.4,2023JJ00
GM1667,5.7,2013JJ00
GM1667,5.8,2014JJ00
GM1667,5.4,2015JJ00
GM1667,4.8,2016JJ00
GM1667,4.0,2017JJ00
GM1667,3.3,2018JJ00
GM1667,2.8,2019JJ00
GM1667,2.8,2020JJ00
GM1667,2.2,2021JJ00
GM1667,2.1,2022JJ00
GM1667,1.8,2023JJ00
GM0275,7.0,2013JJ00
GM0275,7.7,2014JJ00
GM0275,7.5,2015JJ00
GM0275,7.4,2016JJ00
GM0275,5.6,2017JJ00
GM0275,4.7,2018JJ00
GM0275,4.0,2019JJ00
GM0275,3.5,2020JJ00
GM0275,3.2,2021JJ00
GM0275,2.6,2022JJ00
GM0275,2.0,2023JJ00
GM0340,6.1,2013JJ00
GM0340,6.6,2014JJ00
GM0340,6.6,2015JJ00
GM0340,5.6,2016JJ00
GM0340,4.6,2017JJ00
GM0340,4.0,2018JJ00
GM0340,3.1,2019JJ00
GM0340,2.6,2020JJ00
GM0340,2.0,2021JJ00
GM0340,2.1,2022JJ00
GM0340,1.9,2023JJ00
GM0597,6.9,2013JJ00
GM0597,7.2,2014JJ00
GM0597,7.0,2015JJ00
GM0597,6.3,2016JJ00
GM0597,5.0,2017JJ00
GM0597,3.9,2018JJ00
GM0597,3.5,2019JJ00
GM0597,3.4,2020JJ00
GM0597,3.5,2021JJ00
GM0597,2.4,2022JJ00
GM0597,2.2,2023JJ00
GM1742,5.9,2013JJ00
GM1742,6.5,2014JJ00
GM1742,5.9,2015JJ00
GM1742,5.3,2016JJ00
GM1742,4.2,2017JJ00
GM1742,3.5,2018JJ00
GM1742,2.7,2019JJ00
GM1742,2.4,2020JJ00
GM1742,1.8,2021JJ00
GM1742,1.7,2022JJ00
GM1742,1.5,2023JJ00
GM0603,7.9,2013JJ00
GM0603,8.2,2014JJ00
GM0603,8.5,2015JJ00
GM0603,8.0,2016JJ00
GM0603,5.9,2017JJ00
GM0603,5.3,2018JJ00
GM0603,4.4,2019JJ00
GM0603,4.0,2020JJ00
GM0603,3.9,2021JJ00
GM0603,2.8,2022JJ00
GM0603,2.5,2023JJ00
GM1669,6.2,2013JJ00
GM1669,6.6,2014JJ00
GM1669,6.5,2015JJ00
GM1669,5.8,2016JJ00
GM1669,5.1,2017JJ00
GM1669,4.2,2018JJ00
GM1669,3.3,2019JJ00
GM1669,3.4,2020JJ00
GM1669,2.7,2021JJ00
GM1669,2.7,2022JJ00
GM1669,2.2,2023JJ00
GM0957,7.0,2013JJ00
GM0957,7.3,2014JJ00
GM0957,7.6,2015JJ00
GM0957,6.5,2016JJ00
GM0957,6.3,2017JJ00
GM0957,5.0,2018JJ00
GM0957,4.0,2019JJ00
GM0957,4.0,2020JJ00
GM0957,3.1,2021JJ00
GM0957,3.0,2022JJ00
GM0957,2.4,2023JJ00
GM0736,5.3,2013JJ00
GM0736,6.0,2014JJ00
GM0736,5.9,2015JJ00
GM0736,4.9,2016JJ00
GM0736,4.1,2017JJ00
GM0736,3.6,2018JJ00
GM0736,2.8,2019JJ00
GM0736,2.6,2020JJ00
GM0736,2.7,2021JJ00
GM0736,2.2,2022JJ00
GM0736,1.8,2023JJ00
GM1674,7.1,2013JJ00
GM1674,7.8,2014JJ00
GM1674,7.4,2015JJ00
GM1674,6.8,2016JJ00
GM1674,6.3,2017JJ00
GM1674,4.9,2018JJ00
GM1674,4.4,2019JJ00
GM1674,4.0,2020JJ00
GM1674,2.9,2021JJ00
GM1674,2.6,2022JJ00
GM1674,2.6,2023JJ00
GM0599,12.9,2013JJ00
GM0599,12.7,2014JJ00
GM0599,13.4,2015JJ00
GM0599,12.4,2016JJ00
GM0599,9.0,2017JJ00
GM0599,7.8,2018JJ00
GM0599,6.6,2019JJ00
GM0599,5.0,2020JJ00
GM0599,5.6,2021JJ00
GM0599,4.1,2022JJ00
GM0599,3.6,2023JJ00
GM0277,5.2,2013JJ00
GM0277,6.4,2014JJ00
GM0277,5.6,2015JJ00
GM0277,4.5,2016JJ00
GM0277,3.5,2017JJ00
GM0277,3.1,2018JJ00
GM0277,2.6,2019JJ00
GM0277,2.1,2020JJ00
GM0277,1.9,2021JJ00
GM0277,1.8,2022JJ00
GM0277,1.2,2023JJ00
GM0840,6.6,2013JJ00
GM0840,7.5,2014JJ00
GM0840,7.1,2015JJ00
GM0840,6.3,2016JJ00
GM0840,5.4,2017JJ00
GM0840,4.0,2018JJ00
GM0840,3.4,2019JJ00
GM0840,3.1,2020JJ00
GM0840,2.5,2021JJ00
GM0840,2.2,2022JJ00
GM0840,1.9,2023JJ00
GM0441,6.0,2013JJ00
GM0441,6.0,2014JJ00
GM0441,5.8,2015JJ00
GM0441,5.1,2016JJ00
GM0441,4.3,2017JJ00
GM0441,3.7,2018JJ00
GM0441,2.8,2019JJ00
GM0441,2.7,2020JJ00
GM0441,2.1,2021JJ00
GM0441,1.9,2022JJ00
GM0441,1.9,2023JJ00
GM0279,5.2,2013JJ00
GM0279,5.8,2014JJ00
GM0279,5.6,2015JJ00
GM0279,4.5,2016JJ00
GM0279,4.0,2017JJ00
GM0279,3.2,2018JJ00
GM0279,2.6,2019JJ00
GM0279,2.4,2020JJ00
GM0279,2.0,2021JJ00
GM0279,1.7,2022JJ00
GM0279,1.7,2023JJ00
GM0606,7.8,2013JJ00
GM0606,8.9,2014JJ00
GM0606,9.3,2015JJ00
GM0606,8.1,2016JJ00
GM0606,6.6,2017JJ00
GM0606,5.3,2018JJ00
GM0606,4.5,2019JJ00
GM0606,4.2,2020JJ00
GM0606,3.9,2021JJ00
GM0606,3.3,2022JJ00
GM0606,2.5,2023JJ00
GM0088,6.2,2013JJ00
GM0088,5.5,2014JJ00
GM0088,5.0,2015JJ00
GM0088,5.3,2016JJ00
GM0088,4.3,2017JJ00
GM0088,3.9,2018JJ00
GM0088,3.4,2019JJ00
GM0088,3.8,2020JJ00
GM0088,2.7,2021JJ00
GM0088,2.3,2022JJ00
GM0088,1.9,2023JJ00
GM1676,5.4,2013JJ00
GM1676,5.1,2014JJ00
GM1676,5.5,2015JJ00
GM1676,4.6,2016JJ00
GM1676,4.5,2017JJ00
GM1676,3.6,2018JJ00
GM1676,3.0,2019JJ00
GM1676,2.6,2020JJ00
GM1676,2.6,2021JJ00
GM1676,1.9,2022JJ00
GM1676,1.4,2023JJ00
GM0965,6.8,2013JJ00
GM0965,7.3,2014JJ00
GM0965,7.3,2015JJ00
GM0965,6.2,2016JJ00
GM0965,4.8,2017JJ00
GM0965,4.2,2018JJ00
GM0965,3.4,2019JJ00
GM0965,3.3,2020JJ00
GM0965,2.7,2021JJ00
GM0965,2.3,2022JJ00
GM0965,1.9,2023JJ00
GM0845,5.1,2013JJ00
GM0845,5.5,2014JJ00
GM0845,6.0,2015JJ00
GM0845,5.2,2016JJ00
GM0845,4.3,2017JJ00
GM0845,3.8,2018JJ00
GM0845,3.1,2019JJ00
GM0845,2.8,2020JJ00
GM0845,2.1,2021JJ00
GM0845,2.0,2022JJ00
GM0845,1.6,2023JJ00
GM1883,7.5,2013JJ00
GM1883,7.4,2014JJ00
GM1883,7.1,2015JJ00
GM1883,5.8,2016JJ00
GM1883,6.0,2017JJ00
GM1883,4.8,2018JJ00
GM1883,3.7,2019JJ00
GM1883,3.6,2020JJ00
GM1883,2.3,2021JJ00
GM1883,2.9,2022JJ00
GM1883,2.0,2023JJ00
GM0610,5.4,2013JJ00
GM0610,5.3,2014JJ00
GM0610,5.6,2015JJ00
GM0610,5.0,2016JJ00
GM0610,4.5,2017JJ00
GM0610,4.1,2018JJ00
GM0610,3.6,2019JJ00
GM0610,3.0,2020JJ00
GM0610,2.7,2021JJ00
GM0610,2.1,2022JJ00
GM0610,1.9,2023JJ00
GM1714,5.8,2013JJ00
GM1714,5.2,2014JJ00
GM1714,5.7,2015JJ00
GM1714,4.6,2016JJ00
GM1714,4.6,2017JJ00
GM1714,3.8,2018JJ00
GM1714,3.3,2019JJ00
GM1714,3.0,2020JJ00
GM1714,2.3,2021JJ00
GM1714,2.1,2022JJ00
GM1714,1.9,2023JJ00
GM0090,8.0,2013JJ00
GM0090,9.0,2014JJ00
GM0090,9.0,2015JJ00
GM0090,8.9,2016JJ00
GM0090,6.1,2017JJ00
GM0090,4.9,2018JJ00
GM0090,3.7,2019JJ00
GM0090,3.4,2020JJ00
GM0090,3.3,2021JJ00
GM0090,2.5,2022JJ00
GM0090,2.5,2023JJ00
GM0342,6.2,2013JJ00
GM0342,6.9,2014JJ00
GM0342,6.8,2015JJ00
GM0342,5.5,2016JJ00
GM0342,4.6,2017JJ00
GM0342,4.2,2018JJ00
GM0342,3.1,2019JJ00
GM0342,3.0,2020JJ00
GM0342,2.4,2021JJ00
GM0342,2.3,2022JJ00
GM0342,2.0,2023JJ00
GM0847,5.7,2013JJ00
GM0847,6.2,2014JJ00
GM0847,6.5,2015JJ00
GM0847,5.6,2016JJ00
GM0847,4.2,2017JJ00
GM0847,3.5,2018JJ00
GM0847,2.8,2019JJ00
GM0847,3.0,2020JJ00
GM0847,2.3,2021JJ00
GM0847,2.0,2022JJ00
GM0847,1.9,2023JJ00
GM0848,5.9,2013JJ00
GM0848,6.1,2014JJ00
GM0848,6.0,2015JJ00
GM0848,5.1,2016JJ00
GM0848,4.0,2017JJ00
GM0848,3.9,2018JJ00
GM0848,3.1,2019JJ00
GM0848,2.9,2020JJ00
GM0848,2.4,2021JJ00
GM0848,2.1,2022JJ00
GM0848,1.8,2023JJ00
GM0037,7.3,2013JJ00
GM0037,7.8,2014JJ00
GM0037,8.8,2015JJ00
GM0037,7.5,2016JJ00
GM0037,6.4,2017JJ00
GM0037,5.5,2018JJ00
GM0037,4.3,2019JJ00
GM0037,3.5,2020JJ00
GM0037,2.9,2021JJ00
GM0037,2.6,2022JJ00
GM0037,2.1,2023JJ00
GM0180,5.4,2013JJ00
GM0180,5.9,2014JJ00
GM0180,6.0,2015JJ00
GM0180,5.1,2016JJ00
GM0180,3.9,2017JJ00
GM0180,3.1,2018JJ00
GM0180,2.2,2019JJ00
GM0180,2.2,2020JJ00
GM0180,1.8,2021JJ00
GM0180,1.5,2022JJ00
GM0180,1.4,2023JJ00
GM0532,6.4,2013JJ00
GM0532,6.4,2014JJ00
GM0532,6.5,2015JJ00
GM0532,6.2,2016JJ00
GM0532,4.9,2017JJ00
GM0532,4.2,2018JJ00
GM0532,3.3,2019JJ00
GM0532,3.0,2020JJ00
GM0532,2.3,2021JJ00
GM0532,2.1,2022JJ00
GM0532,1.8,2023JJ00
GM0851,6.3,2013JJ00
GM0851,7.1,2014JJ00
GM0851,7.5,2015JJ00
GM0851,6.6,2016JJ00
GM0851,5.1,2017JJ00
GM0851,4.1,2018JJ00
GM0851,3.4,2019JJ00
GM0851,3.2,2020JJ00
GM0851,2.6,2021JJ00
GM0851,2.4,2022JJ00
GM0851,1.9,2023JJ00
GM1708,7.3,2013JJ00
GM1708,6.7,2014JJ00
GM1708,6.7,2015JJ00
GM1708,6.7,2016JJ00
GM1708,5.2,2017JJ00
GM1708,4.4,2018JJ00
GM1708,3.3,2019JJ00
GM1708,3.0,2020JJ00
GM1708,2.2,2021JJ00
GM1708,2.2,2022JJ00
GM1708,2.0,2023JJ00
GM0971,6.3,2013JJ00
GM0971,7.0,2014JJ00
GM0971,6.7,2015JJ00
GM0971,5.7,2016JJ00
GM0971,4.9,2017JJ00
GM0971,3.9,2018JJ00
GM0971,3.4,2019JJ00
GM0971,3.4,2020JJ00
GM0971,2.4,2021JJ00
GM0971,2.3,2022JJ00
GM0971,2.0,2023JJ00
GM1904,5.9,2013JJ00
GM1904,6.3,2014JJ00
GM1904,6.4,2015JJ00
GM1904,5.4,2016JJ00
GM1904,4.4,2017JJ00
GM1904,3.9,2018JJ00
GM1904,3.0,2019JJ00
GM1904,2.9,2020JJ00
GM1904,2.0,2021JJ00
GM1904,2.3,2022JJ00
GM1904,1.8,2023JJ00
GM1900,7.0,2013JJ00
GM1900,7.5,2014JJ00
GM1900,6.6,2015JJ00
GM1900,6.3,2016JJ00
GM1900,5.4,2017JJ00
GM1900,4.6,2018JJ00
GM1900,3.3,2019JJ00
GM1900,3.4,2020JJ00
GM1900,2.9,2021JJ00
GM1900,2.8,2022JJ00
GM1900,2.6,2023JJ00
GM0715,6.1,2013JJ00
GM0715,6.0,2014JJ00
GM0715,6.4,2015JJ00
GM0715,5.0,2016JJ00
GM0715,4.3,2017JJ00
GM0715,3.7,2018JJ00
GM0715,3.3,2019JJ00
GM0715,3.0,2020JJ00
GM0715,2.8,2021JJ00
GM0715,2.1,2022JJ00
GM0715,1.6,2023JJ00
GM0093,4.9,2013JJ00
GM0093,5.2,2014JJ00
GM0093,5.2,2015JJ00
GM0093,4.6,2016JJ00
GM0093,4.0,2017JJ00
GM0093,3.2,2018JJ00
GM0093,2.4,2019JJ00
GM0093,2.3,2020JJ00
GM0093,1.9,2021JJ00
GM0093,1.6,2022JJ00
GM0093,1.6,2023JJ00
GM0448,5.3,2013JJ00
GM0448,5.5,2014JJ00
GM0448,5.2,2015JJ00
GM0448,4.6,2016JJ00
GM0448,4.3,2017JJ00
GM0448,3.7,2018JJ00
GM0448,3.0,2019JJ00
GM0448,2.8,2020JJ00
GM0448,2.0,2021JJ00
GM0448,1.9,2022JJ00
GM0448,1.7,2023JJ00
GM1525,5.1,2013JJ00
GM1525,5.4,2014JJ00
GM1525,5.5,2015JJ00
GM1525,4.8,2016JJ00
GM1525,3.9,2017JJ00
GM1525,3.6,2018JJ00
GM1525,2.7,2019JJ00
GM1525,2.6,2020JJ00
GM1525,2.4,2021JJ00
GM1525,2.0,2022JJ00
GM1525,1.7,2023JJ00
GM0716,5.3,2013JJ00
GM0716,5.3,2014JJ00
GM0716,6.0,2015JJ00
GM0716,5.0,2016JJ00
GM0716,4.2,2017JJ00
GM0716,3.6,2018JJ00
GM0716,3.0,2019JJ00
GM0716,2.7,2020JJ00
GM0716,2.4,2021JJ00
GM0716,1.7,2022JJ00
GM0716,1.7,2023JJ00
GM0281,7.2,2013JJ00
GM0281,8.2,2014JJ00
GM0281,8.0,2015JJ00
GM0281,7.1,2016JJ00
GM0281,5.4,2017JJ00
GM0281,4.6,2018JJ00
GM0281,3.7,2019JJ00
GM0281,3.6,2020JJ00
GM0281,3.2,2021JJ00
GM0281,2.8,2022JJ00
GM0281,2.3,2023JJ00
GM0855,8.0,2013JJ00
GM0855,8.8,2014JJ00
GM0855,9.0,2015JJ00
GM0855,6.9,2016JJ00
GM0855,5.9,2017JJ00
GM0855,4.8,2018JJ00
GM0855,4.8,2019JJ00
GM0855,3.9,2020JJ00
GM0855,2.5,2021JJ00
GM0855,2.6,2022JJ00
GM0855,3.0,2023JJ00
GM0183,5.7,2013JJ00
GM0183,6.3,2014JJ00
GM0183,5.6,2015JJ00
GM0183,5.0,2016JJ00
GM0183,3.9,2017JJ00
GM0183,3.1,2018JJ00
GM0183,2.3,2019JJ00
GM0183,2.3,2020JJ00
GM0183,1.8,2021JJ00
GM0183,1.6,2022JJ00
GM0183,1.5,2023JJ00
GM1700,6.8,2013JJ00
GM1700,7.0,2014JJ00
GM1700,6.4,2015JJ00
GM1700,6.0,2016JJ00
GM1700,4.8,2017JJ00
GM1700,3.9,2018JJ00
GM1700,2.9,2019JJ00
GM1700,2.7,2020JJ00
GM1700,2.1,2021JJ00
GM1700,1.9,2022JJ00
GM1700,1.8,2023JJ00
GM1730,5.7,2013JJ00
GM1730,6.2,2014JJ00
GM1730,6.4,2015JJ00
GM1730,5.5,2016JJ00
GM1730,4.9,2017JJ00
GM1730,3.8,2018JJ00
GM1730,3.0,2019JJ00
GM1730,3.1,2020JJ00
GM1730,2.2,2021JJ00
GM1730,2.1,2022JJ00
GM1730,1.7,2023JJ00
GM0737,6.8,2013JJ00
GM0737,7.4,2014JJ00
GM0737,7.1,2015JJ00
GM0737,6.3,2016JJ00
GM0737,5.3,2017JJ00
GM0737,4.4,2018JJ00
GM0737,3.1,2019JJ00
GM0737,3.0,2020JJ00
GM0737,2.7,2021JJ00
GM0737,2.2,2022JJ00
GM0737,2.0,2023JJ00
GM0450,5.2,2013JJ00
GM0450,5.7,2014JJ00
GM0450,5.4,2015JJ00
GM0450,4.7,2016JJ00
GM0450,4.0,2017JJ00
GM0450,3.3,2018JJ00
GM0450,2.6,2019JJ00
GM0450,2.6,2020JJ00
GM0450,2.3,2021JJ00
GM0450,1.8,2022JJ00
GM0450,1.7,2023JJ00
GM0451,6.0,2013JJ00
GM0451,6.5,2014JJ00
GM0451,5.9,2015JJ00
GM0451,5.4,2016JJ00
GM0451,4.4,2017JJ00
GM0451,3.8,2018JJ00
GM0451,3.2,2019JJ00
GM0451,3.0,2020JJ00
GM0451,2.7,2021JJ00
GM0451,2.3,2022JJ00
GM0451,2.0,2023JJ00
GM0184,5.0,2013JJ00
GM0184,5.1,2014JJ00
GM0184,4.9,2015JJ00
GM0184,3.8,2016JJ00
GM0184,3.1,2017JJ00
GM0184,2.6,2018JJ00
GM0184,1.9,2019JJ00
GM0184,1.7,2020JJ00
GM0184,1.2,2021JJ00
GM0184,1.2,2022JJ00
GM0184,1.2,2023JJ00
GM0344,7.0,2013JJ00
GM0344,9.3,2014JJ00
GM0344,9.1,2015JJ00
GM0344,7.7,2016JJ00
GM0344,6.0,2017JJ00
GM0344,5.3,2018JJ00
GM0344,3.8,2019JJ00
GM0344,3.3,2020JJ00
GM0344,3.2,2021JJ00
GM0344,2.3,2022JJ00
GM0344,2.3,2023JJ00
GM1581,5.7,2013JJ00
GM1581,5.7,2014JJ00
GM1581,5.4,2015JJ00
GM1581,5.1,2016JJ00
GM1581,4.2,2017JJ00
GM1581,3.6,2018JJ00
GM1581,2.9,2019JJ00
GM1581,2.7,2020JJ00
GM1581,2.6,2021JJ00
GM1581,2.2,2022JJ00
GM1581,2.1,2023JJ00
GM0981,8.2,2013JJ00
GM0981,8.7,2014JJ00
GM0981,9.2,2015JJ00
GM0981,8.7,2016JJ00
GM0981,7.0,2017JJ00
GM0981,5.7,2018JJ00
GM0981,4.6,2019JJ00
GM0981,4.4,2020JJ00
GM0981,4.2,2021JJ00
GM0981,3.1,2022JJ00
GM0981,2.7,2023JJ00
GM0994,7.2,2013JJ00
GM0994,7.8,2014JJ00
GM0994,8.1,2015JJ00
GM0994,6.5,2016JJ00
GM0994,5.1,2017JJ00
GM0994,4.3,2018JJ00
GM0994,3.5,2019JJ00
GM0994,3.5,2020JJ00
GM0994,2.7,2021JJ00
GM0994,2.4,2022JJ00
GM0994,2.0,2023JJ00
GM0858,6.9,2013JJ00
GM0858,8.2,2014JJ00
GM0858,7.5,2015JJ00
GM0858,6.5,2016JJ00
GM0858,5.4,2017JJ00
GM0858,4.2,2018JJ00
GM0858,3.7,2019JJ00
GM0858,3.5,2020JJ00
GM0858,2.9,2021JJ00
GM0858,2.6,2022JJ00
GM0858,2.1,2023JJ00
GM0047,7.7,2013JJ00
GM0047,8.1,2014JJ00
GM0047,9.2,2015JJ00
GM0047,7.7,2016JJ00
GM0047,6.3,2017JJ00
GM0047,5.7,2018JJ00
GM0047,4.7,2019JJ00
GM0047,3.7,2020JJ00
GM0047,3.1,2021JJ00
GM0047,2.4,2022JJ00
GM0047,2.2,2023JJ00
GM0345,7.3,2013JJ00
GM0345,7.2,2014JJ00
GM0345,8.3,2015JJ00
GM0345,7.0,2016JJ00
GM0345,5.5,2017JJ00
GM0345,4.4,2018JJ00
GM0345,3.4,2019JJ00
GM0345,3.0,2020JJ00
GM0345,2.4,2021JJ00
GM0345,2.1,2022JJ00
GM0345,1.9,2023JJ00
GM0717,5.1,2013JJ00
GM0717,4.7,2014JJ00
GM0717,5.2,2015JJ00
GM0717,4.3,2016JJ00
GM0717,3.7,2017JJ00
GM0717,3.3,2018JJ00
GM0717,2.9,2019JJ00
GM0717,2.5,2020JJ00
GM0717,2.2,2021JJ00
GM0717,1.7,2022JJ00
GM0717,1.3,2023JJ00
GM0861,6.7,2013JJ00
GM0861,6.8,2014JJ00
GM0861,6.4,2015JJ00
GM0861,5.4,2016JJ00
GM0861,4.4,2017JJ00
GM0861,3.5,2018JJ00
GM0861,3.2,2019JJ00
GM0861,3.1,2020JJ00
GM0861,2.5,2021JJ00
GM0861,2.0,2022JJ00
GM0861,1.9,2023JJ00
GM0453,5.5,2013JJ00
GM0453,6.0,2014JJ00
GM0453,5.7,2015JJ00
GM0453,5.1,2016JJ00
GM0453,4.5,2017JJ00
GM0453,3.8,2018JJ00
GM0453,3.0,2019JJ00
GM0453,3.1,2020JJ00
GM0453,2.5,2021JJ00
GM0453,2.2,2022JJ00
GM0453,2.0,2023JJ00
GM0983,7.7,2013JJ00
GM0983,8.6,2014JJ00
GM0983,8.1,2015JJ00
GM0983,6.1,2016JJ00
GM0983,6.3,2017JJ00
GM0983,5.1,2018JJ00
GM0983,3.8,2019JJ00
GM0983,4.4,2020JJ00
GM0983,2.8,2021JJ00
GM0983,3.2,2022JJ00
GM0983,2.1,2023JJ00
GM0984,6.7,2013JJ00
GM0984,6.7,2014JJ00
GM0984,7.0,2015JJ00
GM0984,6.3,2016JJ00
GM0984,4.8,2017JJ00
GM0984,3.8,2018JJ00
GM0984,3.1,2019JJ00
GM0984,3.4,2020JJ00
GM0984,3.0,2021JJ00
GM0984,2.6,2022JJ00
GM0984,2.1,2023JJ00
GM1961,5.7,2013JJ00
GM1961,6.3,2014JJ00
GM1961,6.3,2015JJ00
GM1961,5.9,2016JJ00
GM1961,4.3,2017JJ00
GM1961,3.8,2018JJ00
GM1961,2.9,2019JJ00
GM1961,2.7,2020JJ00
GM1961,2.1,2021JJ00
GM1961,2.2,2022JJ00
GM1961,1.8,2023JJ00
GM0622,7.7,2013JJ00
GM0622,7.7,2014JJ00
GM0622,8.5,2015JJ00
GM0622,7.2,2016JJ00
GM0622,6.2,2017JJ00
GM0622,5.2,2018JJ00
GM0622,4.3,2019JJ00
GM0622,3.7,2020JJ00
GM0622,3.3,2021JJ00
GM0622,3.2,2022JJ00
GM0622,2.7,2023JJ00
GM0096,5.4,2013JJ00
GM0096,6.0,2014JJ00
GM0096,5.5,2015JJ00
GM0096,4.8,2016JJ00
GM0096,3.6,2017JJ00
GM0096,2.9,2018JJ00
GM0096,2.5,2019JJ00
GM0096,2.8,2020JJ00
GM0096,2.2,2021JJ00
GM0096,1.8,2022JJ00
GM0096,1.5,2023JJ00
GM0718,7.3,2013JJ00
GM0718,7.2,2014JJ00
GM0718,7.7,2015JJ00
GM0718,6.1,2016JJ00
GM0718,5.9,2017JJ00
GM0718,5.4,2018JJ00
GM0718,4.4,2019JJ00
GM0718,3.9,2020JJ00
GM0718,3.1,2021JJ00
GM0718,2.6,2022JJ00
GM0718,2.1,2023JJ00
GM0986,6.2,2013JJ00
GM0986,6.8,2014JJ00
GM0986,6.8,2015JJ00
GM0986,5.6,2016JJ00
GM0986,4.9,2017JJ00
GM0986,3.8,2018JJ00
GM0986,3.1,2019JJ00
GM0986,3.1,2020JJ00
GM0986,3.1,2021JJ00
GM0986,2.2,2022JJ00
GM0986,1.9,2023JJ00
GM1992,6.0,2013JJ00
GM1992,6.2,2014JJ00
GM1992,6.5,2015JJ00
GM1992,5.8,2016JJ00
GM1992,4.7,2017JJ00
GM1992,4.0,2018JJ00
GM1992,3.2,2019JJ00
GM1992,2.9,2020JJ00
GM1992,2.5,2021JJ00
GM1992,2.3,2022JJ00
GM1992,2.1,2023JJ00
GM0626,5.6,2013JJ00
GM0626,6.0,2014JJ00
GM0626,6.0,2015JJ00
GM0626,5.1,2016JJ00
GM0626,4.3,2017JJ00
GM0626,3.7,2018JJ00
GM0626,3.1,2019JJ00
GM0626,2.8,2020JJ00
GM0626,2.6,2021JJ00
GM0626,2.2,2022JJ00
GM0626,1.8,2023JJ00
GM0285,5.4,2013JJ00
GM0285,5.9,2014JJ00
GM0285,6.1,2015JJ00
GM0285,5.4,2016JJ00
GM0285,4.2,2017JJ00
GM0285,3.7,2018JJ00
GM0285,2.8,2019JJ00
GM0285,2.6,2020JJ00
GM0285,2.1,2021JJ00
GM0285,1.9,2022JJ00
GM0285,1.7,2023JJ00
GM0865,5.4,2013JJ00
GM0865,6.2,2014JJ00
GM0865,6.0,2015JJ00
GM0865,5.3,2016JJ00
GM0865,4.5,2017JJ00
GM0865,3.6,2018JJ00
GM0865,3.2,2019JJ00
GM0865,2.8,2020JJ00
GM0865,2.2,2021JJ00
GM0865,2.2,2022JJ00
GM0865,1.9,2023JJ00
GM1949,6.7,2013JJ00
GM1949,7.6,2014JJ00
GM1949,7.7,2015JJ00
GM1949,6.8,2016JJ00
GM1949,5.5,2017JJ00
GM1949,4.3,2018JJ00
GM1949,3.3,2019JJ00
GM1949,3.5,2020JJ00
GM1949,2.7,2021JJ00
GM1949,2.3,2022JJ00
GM1949,2.2,2023JJ00
GM0866,6.2,2013JJ00
GM0866,6.9,2014JJ00
GM0866,6.8,2015JJ00
GM0866,5.8,2016JJ00
GM0866,4.5,2017JJ00
GM0866,3.8,2018JJ00
GM0866,2.9,2019JJ00
GM0866,3.1,2020JJ00
GM0866,2.6,2021JJ00
GM0866,2.0,2022JJ00
GM0866,2.0,2023JJ00
GM0867,6.5,2013JJ00
GM0867,7.3,2014JJ00
GM0867,7.8,2015JJ00
GM0867,6.5,2016JJ00
GM0867,5.3,2017JJ00
GM0867,4.2,2018JJ00
GM0867,3.8,2019JJ00
GM0867,3.3,2020JJ00
GM0867,2.5,2021JJ00
GM0867,2.2,2022JJ00
GM0867,2.2,2023JJ00
GM0627,5.8,2013JJ00
GM0627,6.7,2014JJ00
GM0627,6.4,2015JJ00
GM0627,5.6,2016JJ00
GM0627,4.8,2017JJ00
GM0627,4.1,2018JJ00
GM0627,3.0,2019JJ00
GM0627,3.0,2020JJ00
GM0627,2.3,2021JJ00
GM0627,2.1,2022JJ00
GM0627,1.8,2023JJ00
GM0289,5.9,2013JJ00
GM0289,6.8,2014JJ00
GM0289,6.7,2015JJ00
GM0289,5.8,2016JJ00
GM0289,4.9,2017JJ00
GM0289,4.3,2018JJ00
GM0289,3.2,2019JJ00
GM0289,2.8,2020JJ00
GM0289,2.5,2021JJ00
GM0289,2.1,2022JJ00
GM0289,1.8,2023JJ00
GM0629,6.1,2013JJ00
GM0629,6.3,2014JJ00
GM0629,6.2,2015JJ00
GM0629,5.3,2016JJ00
GM0629,4.5,2017JJ00
GM0629,3.9,2018JJ00
GM0629,3.1,2019JJ00
GM0629,3.0,2020JJ00
GM0629,2.6,2021JJ00
GM0629,2.0,2022JJ00
GM0629,1.8,2023JJ00
GM0852,5.2,2013JJ00
GM0852,5.2,2014JJ00
GM0852,5.5,2015JJ00
GM0852,4.7,2016JJ00
GM0852,4.2,2017JJ00
GM0852,3.9,2018JJ00
GM0852,2.7,2019JJ00
GM0852,2.8,2020JJ00
GM0852,2.3,2021JJ00
GM0852,2.0,2022JJ00
GM0852,1.8,2023JJ00
GM0988,6.8,2013JJ00
GM0988,6.7,2014JJ00
GM0988,6.8,2015JJ00
GM0988,6.3,2016JJ00
GM0988,5.5,2017JJ00
GM0988,4.6,2018JJ00
GM0988,3.6,2019JJ00
GM0988,3.7,2020JJ00
GM0988,2.7,2021JJ00
GM0988,2.6,2022JJ00
GM0988,2.1,2023JJ00
GM1960,5.6,2013JJ00
GM1960,6.3,2014JJ00
GM1960,5.8,2015JJ00
GM1960,4.7,2016JJ00
GM1960,3.9,2017JJ00
GM1960,3.4,2018JJ00
GM1960,2.6,2019JJ00
GM1960,2.5,2020JJ00
GM1960,2.4,2021JJ00
GM1960,1.8,2022JJ00
GM1960,1.5,2023JJ00
GM0668,6.0,2013JJ00
GM0668,6.9,2014JJ00
GM0668,6.5,2015JJ00
GM0668,5.6,2016JJ00
GM0668,4.4,2017JJ00
GM0668,3.9,2018JJ00
GM0668,3.0,2019JJ00
GM0668,2.9,2020JJ00
GM0668,2.5,2021JJ00
GM0668,2.0,2022JJ00
GM0668,1.8,2023JJ00
GM1969,6.3,2013JJ00
GM1969,6.8,2014JJ00
GM1969,7.0,2015JJ00
GM1969,6.0,2016JJ00
GM1969,4.9,2017JJ00
GM1969,4.1,2018JJ00
GM1969,3.6,2019JJ00
GM1969,3.1,2020JJ00
GM1969,2.8,2021JJ00
GM1969,2.1,2022JJ00
GM1969,1.7,2023JJ00
GM1701,6.9,2013JJ00
GM1701,6.7,2014JJ00
GM1701,7.3,2015JJ00
GM1701,6.2,2016JJ00
GM1701,5.1,2017JJ00
GM1701,4.0,2018JJ00
GM1701,3.1,2019JJ00
GM1701,3.2,2020JJ00
GM1701,2.3,2021JJ00
GM1701,2.1,2022JJ00
GM1701,1.7,2023JJ00
GM0293,7.7,2013JJ00
GM0293,8.5,2014JJ00
GM0293,8.6,2015JJ00
GM0293,7.4,2016JJ00
GM0293,6.3,2017JJ00
GM0293,4.9,2018JJ00
GM0293,3.9,2019JJ00
GM0293,3.5,2020JJ00
GM0293,2.9,2021JJ00
GM0293,2.5,2022JJ00
GM0293,2.2,2023JJ00
GM1950,7.3,2013JJ00
GM1950,7.9,2014JJ00
GM1950,8.2,2015JJ00
GM1950,7.4,2016JJ00
GM1950,6.1,2017JJ00
GM1950,5.0,2018JJ00
GM1950,4.2,2019JJ00
GM1950,3.9,2020JJ00
GM1950,3.0,2021JJ00
GM1950,2.5,2022JJ00
GM1950,2.0,2023JJ00
GM1783,5.5,2013JJ00
GM1783,6.0,2014JJ00
GM1783,5.8,2015JJ00
GM1783,5.1,2016JJ00
GM1783,4.2,2017JJ00
GM1783,3.6,2018JJ00
GM1783,2.8,2019JJ00
GM1783,2.4,2020JJ00
GM1783,2.3,2021JJ00
GM1783,1.8,2022JJ00
GM1783,1.5,2023JJ00
GM0098,7.2,2013JJ00
GM0098,7.9,2014JJ00
GM0098,7.6,2015JJ00
GM0098,6.7,2016JJ00
GM0098,5.4,2017JJ00
GM0098,4.3,2018JJ00
GM0098,3.3,2019JJ00
GM0098,3.3,2020JJ00
GM0098,2.9,2021JJ00
GM0098,2.4,2022JJ00
GM0098,2.2,2023JJ00
GM0189,5.8,2013JJ00
GM0189,6.2,2014JJ00
GM0189,6.1,2015JJ00
GM0189,5.7,2016JJ00
GM0189,4.1,2017JJ00
GM0189,3.5,2018JJ00
GM0189,2.9,2019JJ00
GM0189,2.6,2020JJ00
GM0189,2.1,2021JJ00
GM0189,1.8,2022JJ00
GM0189,1.6,2023JJ00
GM0296,6.4,2013JJ00
GM0296,6.9,2014JJ00
GM0296,7.3,2015JJ00
GM0296,6.0,2016JJ00
GM0296,4.9,2017JJ00
GM0296,4.1,2018JJ00
GM0296,3.5,2019JJ00
GM0296,3.1,2020JJ00
GM0296,2.7,2021JJ00
GM0296,2.1,2022JJ00
GM0296,1.8,2023JJ00
GM1696,5.6,2013JJ00
GM1696,6.1,2014JJ00
GM1696,6.1,2015JJ00
GM1696,5.0,2016JJ00
GM1696,4.5,2017JJ00
GM1696,3.8,2018JJ00
GM1696,2.9,2019JJ00
GM1696,3.0,2020JJ00
GM1696,2.6,2021JJ00
GM1696,2.2,2022JJ00
GM1696,1.8,2023JJ00
GM0352,5.7,2013JJ00
GM0352,5.5,2014JJ00
GM0352,5.8,2015JJ00
GM0352,4.7,2016JJ00
GM0352,4.3,2017JJ00
GM0352,3.8,2018JJ00
GM0352,3.0,2019JJ00
GM0352,2.8,2020JJ00
GM0352,2.4,2021JJ00
GM0352,2.0,2022JJ00
GM0352,1.7,2023JJ00
GM0294,6.7,2013JJ00
GM0294,7.6,2014JJ00
GM0294,7.4,2015JJ00
GM0294,5.9,2016JJ00
GM0294,4.9,2017JJ00
GM0294,4.1,2018JJ00
GM0294,3.4,2019JJ00
GM0294,3.0,2020JJ00
GM0294,2.4,2021JJ00
GM0294,2.1,2022JJ00
GM0294,1.8,2023JJ00
GM0873,5.9,2013JJ00
GM0873,6.5,2014JJ00
GM0873,6.9,2015JJ00
GM0873,6.2,2016JJ00
GM0873,4.8,2017JJ00
GM0873,3.8,2018JJ00
GM0873,3.3,2019JJ00
GM0873,3.3,2020JJ00
GM0873,2.7,2021JJ00
GM0873,2.2,2022JJ00
GM0873,1.9,2023JJ00
GM0632,5.2,2013JJ00
GM0632,5.8,2014JJ00
GM0632,5.8,2015JJ00
GM0632,5.6,2016JJ00
GM0632,4.1,2017JJ00
GM0632,3.5,2018JJ00
GM0632,3.0,2019JJ00
GM0632,2.8,2020JJ00
GM0632,2.8,2021JJ00
GM0632,1.8,2022JJ00
GM0632,1.7,2023JJ00
GM1690,5.6,2013JJ00
GM1690,5.9,2014JJ00
GM1690,5.9,2015JJ00
GM1690,5.0,2016JJ00
GM1690,4.2,2017JJ00
GM1690,3.4,2018JJ00
GM1690,2.5,2019JJ00
GM1690,2.7,2020JJ00
GM1690,2.2,2021JJ00
GM1690,1.9,2022JJ00
GM1690,1.5,2023JJ00
GM0880,5.7,2013JJ00
GM0880,6.0,2014JJ00
GM0880,6.0,2015JJ00
GM0880,5.1,2016JJ00
GM0880,4.3,2017JJ00
GM0880,3.8,2018JJ00
GM0880,2.8,2019JJ00
GM0880,2.6,2020JJ00
GM0880,2.0,2021JJ00
GM0880,2.1,2022JJ00
GM0880,1.8,2023JJ00
GM0351,5.2,2013JJ00
GM0351,6.0,2014JJ00
GM0351,6.0,2015JJ00
GM0351,5.3,2016JJ00
GM0351,4.1,2017JJ00
GM0351,3.4,2018JJ00
GM0351,2.7,2019JJ00
GM0351,2.4,2020JJ00
GM0351,1.9,2021JJ00
GM0351,1.6,2022JJ00
GM0351,1.5,2023JJ00
GM0479,7.4,2013JJ00
GM0479,7.4,2014JJ00
GM0479,7.1,2015JJ00
GM0479,6.7,2016JJ00
GM0479,5.5,2017JJ00
GM0479,4.5,2018JJ00
GM0479,3.5,2019JJ00
GM0479,3.6,2020JJ00
GM0479,3.5,2021JJ00
GM0479,2.5,2022JJ00
GM0479,2.3,2023JJ00
GM0297,5.8,2013JJ00
GM0297,6.7,2014JJ00
GM0297,6.5,2015JJ00
GM0297,4.9,2016JJ00
GM0297,4.2,2017JJ00
GM0297,3.4,2018JJ00
GM0297,2.7,2019JJ00
GM0297,2.7,2020JJ00
GM0297,2.3,2021JJ00
GM0297,1.9,2022JJ00
GM0297,1.8,2023JJ00
GM0473,7.1,2013JJ00
GM0473,7.5,2014JJ00
GM0473,7.3,2015JJ00
GM0473,6.6,2016JJ00
GM0473,5.8,2017JJ00
GM0473,4.7,2018JJ00
GM0473,3.8,2019JJ00
GM0473,3.7,2020JJ00
GM0473,3.1,2021JJ00
GM0473,2.9,2022JJ00
GM0473,2.5,2023JJ00
GM0050,5.7,2013JJ00
GM0050,6.0,2014JJ00
GM0050,6.5,2015JJ00
GM0050,5.5,2016JJ00
GM0050,4.4,2017JJ00
GM0050,3.6,2018JJ00
GM0050,2.8,2019JJ00
GM0050,2.7,2020JJ00
GM0050,2.3,2021JJ00
GM0050,1.8,2022JJ00
GM0050,1.8,2023JJ00
GM0355,6.3,2013JJ00
GM0355,6.4,2014JJ00
GM0355,6.2,2015JJ00
GM0355,5.7,2016JJ00
GM0355,4.7,2017JJ00
GM0355,4.3,2018JJ00
GM0355,3.2,2019JJ00
GM0355,3.2,2020JJ00
GM0355,2.4,2021JJ00
GM0355,2.2,2022JJ00
GM0355,2.0,2023JJ00
GM0299,7.3,2013JJ00
GM0299,8.0,2014JJ00
GM0299,7.6,2015JJ00
GM0299,6.9,2016JJ00
GM0299,5.7,2017JJ00
GM0299,4.6,2018JJ00
GM0299,3.7,2019JJ00
GM0299,3.5,2020JJ00
GM0299,2.9,2021JJ00
GM0299,2.8,2022JJ00
GM0299,2.2,2023JJ00
GM0637,7.4,2013JJ00
GM0637,8.5,2014JJ00
GM0637,8.2,2015JJ00
GM0637,7.0,2016JJ00
GM0637,5.9,2017JJ00
GM0637,4.9,2018JJ00
GM0637,4.2,2019JJ00
GM0637,3.7,2020JJ00
GM0637,3.9,2021JJ00
GM0637,2.7,2022JJ00
GM0637,2.4,2023JJ00
GM0638,4.9,2013JJ00
GM0638,5.4,2014JJ00
GM0638,5.1,2015JJ00
GM0638,4.6,2016JJ00
GM0638,3.8,2017JJ00
GM0638,3.1,2018JJ00
GM0638,2.4,2019JJ00
GM0638,2.3,2020JJ00
GM0638,2.0,2021JJ00
GM0638,1.8,2022JJ00
GM0638,1.5,2023JJ00
GM1892,5.7,2013JJ00
GM1892,6.4,2014JJ00
GM1892,6.4,2015JJ00
GM1892,5.4,2016JJ00
GM1892,4.2,2017JJ00
GM1892,3.6,2018JJ00
GM1892,2.9,2019JJ00
GM1892,2.9,2020JJ00
GM1892,2.4,2021JJ00
GM1892,1.9,2022JJ00
GM1892,1.7,2023JJ00
GM0879,5.5,2013JJ00
GM0879,6.1,2014JJ00
GM0879,6.0,2015JJ00
GM0879,5.1,2016JJ00
GM0879,4.2,2017JJ00
GM0879,3.8,2018JJ00
GM0879,3.0,2019JJ00
GM0879,2.9,2020JJ00
GM0879,2.2,2021JJ00
GM0879,2.0,2022JJ00
GM0879,1.7,2023JJ00
GM0301,7.9,2013JJ00
GM0301,9.5,2014JJ00
GM0301,9.0,2015JJ00
GM0301,8.2,2016JJ00
GM0301,6.2,2017JJ00
GM0301,5.8,2018JJ00
GM0301,3.5,2019JJ00
GM0301,3.6,2020JJ00
GM0301,2.9,2021JJ00
GM0301,2.5,2022JJ00
GM0301,2.3,2023JJ00
GM1896,5.3,2013JJ00
GM1896,5.7,2014JJ00
GM1896,5.6,2015JJ00
GM1896,4.8,2016JJ00
GM1896,4.3,2017JJ00
GM1896,3.5,2018JJ00
GM1896,2.6,2019JJ00
GM1896,2.5,2020JJ00
GM1896,1.8,2021JJ00
GM1896,1.6,2022JJ00
GM1896,1.5,2023JJ00
GM0642,6.3,2013JJ00
GM0642,6.9,2014JJ00
GM0642,7.5,2015JJ00
GM0642,6.3,2016JJ00
GM0642,5.1,2017JJ00
GM0642,4.8,2018JJ00
GM0642,4.0,2019JJ00
GM0642,3.7,2020JJ00
GM0642,2.9,2021JJ00
GM0642,2.4,2022JJ00
GM0642,2.1,2023JJ00
GM0193,6.3,2013JJ00
GM0193,6.9,2014JJ00
GM0193,7.6,2015JJ00
GM0193,7.2,2016JJ00
GM0193,5.2,2017JJ00
GM0193,4.7,2018JJ00
GM0193,3.7,2019JJ00
GM0193,3.3,2020JJ00
GM0193,2.5,2021JJ00
GM0193,2.3,2022JJ00
GM0193,2.4,2023JJ00
AM01  ,7.1,2013JJ00
AM01  ,7.6,2014JJ00
AM01  ,8.4,2015JJ00
AM01  ,7.3,2016JJ00
AM01  ,5.9,2017JJ00
AM01  ,5.1,2018JJ00
AM01  ,4.3,2019JJ00
AM01  ,3.6,2020JJ00
AM01  ,3.2,2021JJ00
AM01  ,2.6,2022JJ00
AM01  ,2.0,2023JJ00
AM02  ,7.5,2013JJ00
AM02  ,8.1,2014JJ00
AM02  ,7.9,2015JJ00
AM02  ,7.1,2016JJ00
AM02  ,5.9,2017JJ00
AM02  ,4.9,2018JJ00
AM02  ,3.5,2019JJ00
AM02  ,3.4,2020JJ00
AM02  ,3.2,2021JJ00
AM02  ,2.6,2022JJ00
AM02  ,2.4,2023JJ00
AM03  ,7.3,2013JJ00
AM03  ,7.5,2014JJ00
AM03  ,7.8,2015JJ00
AM03  ,6.9,2016JJ00
AM03  ,6.1,2017JJ00
AM03  ,4.9,2018JJ00
AM03  ,3.4,2019JJ00
AM03  ,3.6,2020JJ00
AM03  ,2.4,2021JJ00
AM03  ,2.3,2022JJ00
AM03  ,1.8,2023JJ00
AM05  ,7.2,2013JJ00
AM05  ,7.7,2014JJ00
AM05  ,7.6,2015JJ00
AM05  ,7.3,2016JJ00
AM05  ,5.6,2017JJ00
AM05  ,4.5,2018JJ00
AM05  ,3.5,2019JJ00
AM05  ,3.3,2020JJ00
AM05  ,2.7,2021JJ00
AM05  ,2.4,2022JJ00
AM05  ,2.2,2023JJ00
AM06  ,6.2,2013JJ00
AM06  ,7.3,2014JJ00
AM06  ,7.0,2015JJ00
AM06  ,6.4,2016JJ00
AM06  ,5.0,2017JJ00
AM06  ,4.4,2018JJ00
AM06  ,3.2,2019JJ00
AM06  ,3.1,2020JJ00
AM06  ,2.5,2021JJ00
AM06  ,2.2,2022JJ00
AM06  ,1.9,2023JJ00
AM07  ,7.6,2013JJ00
AM07  ,8.8,2014JJ00
AM07  ,8.4,2015JJ00
AM07  ,7.1,2016JJ00
AM07  ,6.0,2017JJ00
AM07  ,4.9,2018JJ00
AM07  ,4.0,2019JJ00
AM07  ,3.4,2020JJ00
AM07  ,3.5,2021JJ00
AM07  ,2.5,2022JJ00
AM07  ,2.1,2023JJ00
AM08  ,7.6,2013JJ00
AM08  ,8.3,2014JJ00
AM08  ,7.9,2015JJ00
AM08  ,6.9,2016JJ00
AM08  ,5.5,2017JJ00
AM08  ,5.0,2018JJ00
AM08  ,3.9,2019JJ00
AM08  ,3.4,2020JJ00
AM08  ,3.6,2021JJ00
AM08  ,2.4,2022JJ00
AM08  ,2.0,2023JJ00
AM09  ,6.4,2013JJ00
AM09  ,7.3,2014JJ00
AM09  ,6.9,2015JJ00
AM09  ,6.0,2016JJ00
AM09  ,4.8,2017JJ00
AM09  ,3.9,2018JJ00
AM09  ,3.0,2019JJ00
AM09  ,2.8,2020JJ00
AM09  ,2.3,2021JJ00
AM09  ,1.9,2022JJ00
AM09  ,1.7,2023JJ00
AM10  ,6.1,2013JJ00
AM10  ,6.9,2014JJ00
AM10  ,6.5,2015JJ00
AM10  ,5.5,2016JJ00
AM10  ,4.5,2017JJ00
AM10  ,3.8,2018JJ00
AM10  ,3.0,2019JJ00
AM10  ,2.8,2020JJ00
AM10  ,2.5,2021JJ00
AM10  ,2.0,2022JJ00
AM10  ,1.8,2023JJ00
AM11  ,7.6,2013JJ00
AM11  ,8.7,2014JJ00
AM11  ,7.8,2015JJ00
AM11  ,7.3,2016JJ00
AM11  ,5.9,2017JJ00
AM11  ,4.8,2018JJ00
AM11  ,3.5,2019JJ00
AM11  ,3.3,2020JJ00
AM11  ,3.7,2021JJ00
AM11  ,2.5,2022JJ00
AM11  ,2.1,2023JJ00
AM12  ,6.5,2013JJ00
AM12  ,7.1,2014JJ00
AM12  ,6.8,2015JJ00
AM12  ,5.9,2016JJ00
AM12  ,5.0,2017JJ00
AM12  ,4.3,2018JJ00
AM12  ,3.3,2019JJ00
AM12  ,3.2,2020JJ00
AM12  ,2.8,2021JJ00
AM12  ,2.3,2022JJ00
AM12  ,2.1,2023JJ00
AM13  ,6.1,2013JJ00
AM13  ,7.0,2014JJ00
AM13  ,7.0,2015JJ00
AM13  ,6.0,2016JJ00
AM13  ,4.9,2017JJ00
AM13  ,4.3,2018JJ00
AM13  ,3.2,2019JJ00
AM13  ,3.1,2020JJ00
AM13  ,2.7,2021JJ00
AM13  ,2.2,2022JJ00
AM13  ,2.0,2023JJ00
AM14  ,5.9,2013JJ00
AM14  ,6.8,2014JJ00
AM14  ,6.9,2015JJ00
AM14  ,5.6,2016JJ00
AM14  ,4.6,2017JJ00
AM14  ,3.8,2018JJ00
AM14  ,3.0,2019JJ00
AM14  ,2.9,2020JJ00
AM14  ,2.6,2021JJ00
AM14  ,2.1,2022JJ00
AM14  ,1.9,2023JJ00
AM15  ,6.1,2013JJ00
AM15  ,6.4,2014JJ00
AM15  ,6.1,2015JJ00
AM15  ,5.5,2016JJ00
AM15  ,4.8,2017JJ00
AM15  ,4.0,2018JJ00
AM15  ,3.2,2019JJ00
AM15  ,2.9,2020JJ00
AM15  ,2.4,2021JJ00
AM15  ,2.1,2022JJ00
AM15  ,1.9,2023JJ00
AM17  ,6.5,2013JJ00
AM17  ,6.7,2014JJ00
AM17  ,6.5,2015JJ00
AM17  ,6.0,2016JJ00
AM17  ,5.0,2017JJ00
AM17  ,4.3,2018JJ00
AM17  ,3.2,2019JJ00
AM17  ,3.2,2020JJ00
AM17  ,3.1,2021JJ00
AM17  ,2.3,2022JJ00
AM17  ,2.0,2023JJ00
AM18  ,8.0,2013JJ00
AM18  ,8.0,2014JJ00
AM18  ,8.3,2015JJ00
AM18  ,6.9,2016JJ00
AM18  ,6.0,2017JJ00
AM18  ,5.4,2018JJ00
AM18  ,4.3,2019JJ00
AM18  ,4.3,2020JJ00
AM18  ,4.2,2021JJ00
AM18  ,3.4,2022JJ00
AM18  ,3.1,2023JJ00
AM19  ,5.8,2013JJ00
AM19  ,6.1,2014JJ00
AM19  ,6.0,2015JJ00
AM19  ,5.5,2016JJ00
AM19  ,4.5,2017JJ00
AM19  ,3.8,2018JJ00
AM19  ,3.1,2019JJ00
AM19  ,3.0,2020JJ00
AM19  ,2.7,2021JJ00
AM19  ,2.2,2022JJ00
AM19  ,1.9,2023JJ00
AM20  ,6.3,2013JJ00
AM20  ,6.7,2014JJ00
AM20  ,6.6,2015JJ00
AM20  ,5.8,2016JJ00
AM20  ,4.7,2017JJ00
AM20  ,4.0,2018JJ00
AM20  ,3.4,2019JJ00
AM20  ,3.0,2020JJ00
AM20  ,2.7,2021JJ00
AM20  ,2.1,2022JJ00
AM20  ,1.8,2023JJ00
AM21  ,8.4,2013JJ00
AM21  ,9.2,2014JJ00
AM21  ,9.3,2015JJ00
AM21  ,8.1,2016JJ00
AM21  ,6.6,2017JJ00
AM21  ,5.4,2018JJ00
AM21  ,4.8,2019JJ00
AM21  ,4.0,2020JJ00
AM21  ,3.8,2021JJ00
AM21  ,2.9,2022JJ00
AM21  ,2.5,2023JJ00
AM22  ,8.9,2013JJ00
AM22  ,9.1,2014JJ00
AM22  ,9.6,2015JJ00
AM22  ,8.6,2016JJ00
AM22  ,6.6,2017JJ00
AM22  ,5.6,2018JJ00
AM22  ,4.8,2019JJ00
AM22  ,4.0,2020JJ00
AM22  ,4.0,2021JJ00
AM22  ,3.1,2022JJ00
AM22  ,2.7,2023JJ00
AM23  ,6.3,2013JJ00
AM23  ,7.0,2014JJ00
AM23  ,6.9,2015JJ00
AM23  ,6.2,2016JJ00
AM23  ,5.0,2017JJ00
AM23  ,4.6,2018JJ00
AM23  ,3.7,2019JJ00
AM23  ,3.4,2020JJ00
AM23  ,3.0,2021JJ00
AM23  ,2.3,2022JJ00
AM23  ,1.9,2023JJ00
AM24  ,5.9,2013JJ00
AM24  ,5.6,2014JJ00
AM24  ,6.1,2015JJ00
AM24  ,4.9,2016JJ00
AM24  ,4.4,2017JJ00
AM24  ,3.9,2018JJ00
AM24  ,3.3,2019JJ00
AM24  ,2.9,2020JJ00
AM24  ,2.6,2021JJ00
AM24  ,1.9,2022JJ00
AM24  ,1.6,2023JJ00
AM25  ,6.6,2013JJ00
AM25  ,7.4,2014JJ00
AM25  ,7.4,2015JJ00
AM25  ,6.4,2016JJ00
AM25  ,5.3,2017JJ00
AM25  ,4.3,2018JJ00
AM25  ,3.7,2019JJ00
AM25  ,3.4,2020JJ00
AM25  ,2.5,2021JJ00
AM25  ,2.4,2022JJ00
AM25  ,2.1,2023JJ00
AM26  ,6.8,2013JJ00
AM26  ,7.5,2014JJ00
AM26  ,7.8,2015JJ00
AM26  ,6.3,2016JJ00
AM26  ,5.2,2017JJ00
AM26  ,4.3,2018JJ00
AM26  ,3.9,2019JJ00
AM26  ,3.4,2020JJ00
AM26  ,2.4,2021JJ00
AM26  ,2.3,2022JJ00
AM26  ,2.3,2023JJ00
AM27  ,6.4,2013JJ00
AM27  ,7.4,2014JJ00
AM27  ,7.1,2015JJ00
AM27  ,6.0,2016JJ00
AM27  ,4.9,2017JJ00
AM27  ,4.1,2018JJ00
AM27  ,3.5,2019JJ00
AM27  ,3.2,2020JJ00
AM27  ,2.2,2021JJ00
AM27  ,2.2,2022JJ00
AM27  ,1.9,2023JJ00
AM28  ,7.2,2013JJ00
AM28  ,8.0,2014JJ00
AM28  ,7.5,2015JJ00
AM28  ,6.5,2016JJ00
AM28  ,5.3,2017JJ00
AM28  ,4.4,2018JJ00
AM28  ,3.7,2019JJ00
AM28  ,3.6,2020JJ00
AM28  ,2.7,2021JJ00
AM28  ,2.3,2022JJ00
AM28  ,2.2,2023JJ00
AM29  ,6.8,2013JJ00
AM29  ,7.4,2014JJ00
AM29  ,7.3,2015JJ00
AM29  ,5.8,2016JJ00
AM29  ,5.2,2017JJ00
AM29  ,4.1,2018JJ00
AM29  ,3.2,2019JJ00
AM29  ,3.6,2020JJ00
AM29  ,2.6,2021JJ00
AM29  ,2.6,2022JJ00
AM29  ,2.0,2023JJ00
AM30  ,7.4,2013JJ00
AM30  ,7.7,2014JJ00
AM30  ,7.7,2015JJ00
AM30  ,6.4,2016JJ00
AM30  ,5.8,2017JJ00
AM30  ,4.7,2018JJ00
AM30  ,3.8,2019JJ00
AM30  ,3.7,2020JJ00
AM30  ,2.8,2021JJ00
AM30  ,2.8,2022JJ00
AM30  ,2.2,2023JJ00
AM32  ,6.7,2013JJ00
AM32  ,7.6,2014JJ00
AM32  ,7.5,2015JJ00
AM32  ,6.3,2016JJ00
AM32  ,5.1,2017JJ00
AM32  ,4.2,2018JJ00
AM32  ,3.7,2019JJ00
AM32  ,3.6,2020JJ00
AM32  ,2.5,2021JJ00
AM32  ,2.3,2022JJ00
AM32  ,2.1,2023JJ00
AM33  ,6.4,2013JJ00
AM33  ,6.8,2014JJ00
AM33  ,6.8,2015JJ00
AM33  ,5.8,2016JJ00
AM33  ,5.1,2017JJ00
AM33  ,4.3,2018JJ00
AM33  ,3.4,2019JJ00
AM33  ,3.4,2020JJ00
AM33  ,2.6,2021JJ00
AM33  ,2.5,2022JJ00
AM33  ,2.1,2023JJ00
AM34  ,6.6,2013JJ00
AM34  ,7.0,2014JJ00
AM34  ,6.9,2015JJ00
AM34  ,6.0,2016JJ00
AM34  ,4.9,2017JJ00
AM34  ,4.1,2018JJ00
AM34  ,3.5,2019JJ00
AM34  ,3.2,2020JJ00
AM34  ,2.9,2021JJ00
AM34  ,2.3,2022JJ00
AM34  ,2.0,2023JJ00
AM35  ,5.7,2013JJ00
AM35  ,6.1,2014JJ00
AM35  ,6.0,2015JJ00
AM35  ,5.5,2016JJ00
AM35  ,4.2,2017JJ00
AM35  ,3.8,2018JJ00
AM35  ,2.9,2019JJ00
AM35  ,2.7,2020JJ00
AM35  ,2.4,2021JJ00
AM35  ,2.0,2022JJ00
AM35  ,1.7,2023JJ00
AM36  ,6.2,2013JJ00
AM36  ,6.5,2014JJ00
AM36  ,6.6,2015JJ00
AM36  ,6.1,2016JJ00
AM36  ,4.7,2017JJ00
AM36  ,4.1,2018JJ00
AM36  ,3.1,2019JJ00
AM36  ,2.9,2020JJ00
AM36  ,2.3,2021JJ00
AM36  ,2.0,2022JJ00
AM36  ,1.9,2023JJ00
AM37  ,6.3,2013JJ00
AM37  ,6.5,2014JJ00
AM37  ,6.8,2015JJ00
AM37  ,5.7,2016JJ00
AM37  ,5.1,2017JJ00
AM37  ,4.2,2018JJ00
AM37  ,3.4,2019JJ00
AM37  ,3.3,2020JJ00
AM37  ,2.9,2021JJ00
AM37  ,2.6,2022JJ00
AM37  ,2.4,2023JJ00
AM38  ,6.3,2013JJ00
AM38  ,6.9,2014JJ00
AM38  ,6.8,2015JJ00
AM38  ,6.0,2016JJ00
AM38  ,4.7,2017JJ00
AM38  ,4.0,2018JJ00
AM38  ,3.0,2019JJ00
AM38  ,2.7,2020JJ00
AM38  ,2.4,2021JJ00
AM38  ,1.9,2022JJ00
AM38  ,1.7,2023JJ00
AM99  ,,2013JJ00
AM99  ,,2014JJ00
AM99  ,,2015JJ00
AM99  ,,2016JJ00
AM99  ,,2017JJ00
AM99  ,,2018JJ00
AM99  ,,2019JJ00
AM99  ,,2020JJ00
AM99  ,,2021JJ00
AM99  ,,2022JJ00
AM99  ,,2023JJ00
NL01  ,12.4,2013JJ00
NL01  ,13.1,2014JJ00
NL01  ,12.4,2015JJ00
NL01  ,11.1,2016JJ00
NL01  ,9.4,2017JJ00
NL01  ,7.7,2018JJ00
NL01  ,7.1,2019JJ00
NL01  ,7.8,2020JJ00
NL01  ,7.1,2021JJ00
NL01  ,5.7,2022JJ00
NL01  ,5.7,2023JJ00
LD01  ,12.9,2013JJ00
LD01  ,13.6,2014JJ00
LD01  ,13.3,2015JJ00
LD01  ,12.0,2016JJ00
LD01  ,10.0,2017JJ00
LD01  ,8.4,2018JJ00
LD01  ,7.6,2019JJ00
LD01  ,8.0,2020JJ00
LD01  ,6.5,2021JJ00
LD01  ,5.6,2022JJ00
LD01  ,5.8,2023JJ00
LD02  ,12.1,2013JJ00
LD02  ,12.7,2014JJ00
LD02  ,11.8,2015JJ00
LD02  ,10.5,2016JJ00
LD02  ,8.7,2017JJ00
LD02  ,7.3,2018JJ00
LD02  ,6.6,2019JJ00
LD02  ,7.2,2020JJ00
LD02  ,6.3,2021JJ00
LD02  ,5.2,2022JJ00
LD02  ,5.4,2023JJ00
LD03  ,12.8,2013JJ00
LD03  ,13.7,2014JJ00
LD03  ,13.1,2015JJ00
LD03  ,11.7,2016JJ00
LD03  ,9.9,2017JJ00
LD03  ,8.4,2018JJ00
LD03  ,7.5,2019JJ00
LD03  ,8.5,2020JJ00
LD03  ,8.0,2021JJ00
LD03  ,6.2,2022JJ00
LD03  ,6.2,2023JJ00
LD04  ,11.5,2013JJ00
LD04  ,11.9,2014JJ00
LD04  ,11.4,2015JJ00
LD04  ,10.1,2016JJ00
LD04  ,8.6,2017JJ00
LD04  ,6.6,2018JJ00
LD04  ,6.3,2019JJ00
LD04  ,7.2,2020JJ00
LD04  ,6.1,2021JJ00
LD04  ,5.2,2022JJ00
LD04  ,5.0,2023JJ00
PV20  ,13.4,2013JJ00
PV20  ,15.2,2014JJ00
PV20  ,14.8,2015JJ00
PV20  ,13.3,2016JJ00
PV20  ,12.2,2017JJ00
PV20  ,9.7,2018JJ00
PV20  ,9.5,2019JJ00
PV20  ,9.7,2020JJ00
PV20  ,8.3,2021JJ00
PV20  ,6.3,2022JJ00
PV20  ,6.7,2023JJ00
PV21  ,13.1,2013JJ00
PV21  ,12.7,2014JJ00
PV21  ,12.7,2015JJ00
PV21  ,11.4,2016JJ00
PV21  ,9.3,2017JJ00
PV21  ,7.8,2018JJ00
PV21  ,7.0,2019JJ00
PV21  ,6.9,2020JJ00
PV21  ,5.9,2021JJ00
PV21  ,5.5,2022JJ00
PV21  ,5.6,2023JJ00
PV22  ,11.9,2013JJ00
PV22  ,13.0,2014JJ00
PV22  ,12.3,2015JJ00
PV22  ,11.2,2016JJ00
PV22  ,8.9,2017JJ00
PV22  ,7.6,2018JJ00
PV22  ,6.3,2019JJ00
PV22  ,7.6,2020JJ00
PV22  ,5.2,2021JJ00
PV22  ,4.9,2022JJ00
PV22  ,4.9,2023JJ00
PV23  ,12.0,2013JJ00
PV23  ,12.7,2014JJ00
PV23  ,12.2,2015JJ00
PV23  ,11.0,2016JJ00
PV23  ,8.8,2017JJ00
PV23  ,7.0,2018JJ00
PV23  ,6.3,2019JJ00
PV23  ,7.0,2020JJ00
PV23  ,5.8,2021JJ00
PV23  ,4.6,2022JJ00
PV23  ,5.5,2023JJ00
PV24  ,15.8,2013JJ00
PV24  ,16.2,2014JJ00
PV24  ,13.5,2015JJ00
PV24  ,13.7,2016JJ00
PV24  ,10.9,2017JJ00
PV24  ,8.1,2018JJ00
PV24  ,7.7,2019JJ00
PV24  ,8.5,2020JJ00
PV24  ,8.1,2021JJ00
PV24  ,6.1,2022JJ00
PV24  ,6.5,2023JJ00
PV25  ,11.4,2013JJ00
PV25  ,11.9,2014JJ00
PV25  ,11.2,2015JJ00
PV25  ,9.5,2016JJ00
PV25  ,8.1,2017JJ00
PV25  ,7.3,2018JJ00
PV25  ,6.6,2019JJ00
PV25  ,7.1,2020JJ00
PV25  ,6.2,2021JJ00
PV25  ,5.3,2022JJ00
PV25  ,5.1,2023JJ00
PV26  ,12.0,2013JJ00
PV26  ,12.4,2014JJ00
PV26  ,12.5,2015JJ00
PV26  ,10.2,2016JJ00
PV26  ,9.8,2017JJ00
PV26  ,8.0,2018JJ00
PV26  ,6.9,2019JJ00
PV26  ,8.4,2020JJ00
PV26  ,7.9,2021JJ00
PV26  ,6.5,2022JJ00
PV26  ,6.2,2023JJ00
PV27  ,13.3,2013JJ00
PV27  ,14.0,2014JJ00
PV27  ,12.7,2015JJ00
PV27  ,11.0,2016JJ00
PV27  ,9.4,2017JJ00
PV27  ,8.2,2018JJ00
PV27  ,7.3,2019JJ00
PV27  ,8.5,2020JJ00
PV27  ,8.7,2021JJ00
PV27  ,6.1,2022JJ00
PV27  ,6.2,2023JJ00
PV28  ,13.3,2013JJ00
PV28  ,14.4,2014JJ00
PV28  ,14.1,2015JJ00
PV28  ,13.0,2016JJ00
PV28  ,10.8,2017JJ00
PV28  ,8.9,2018JJ00
PV28  ,8.2,2019JJ00
PV28  ,8.7,2020JJ00
PV28  ,7.9,2021JJ00
PV28  ,6.5,2022JJ00
PV28  ,6.4,2023JJ00
PV29  ,9.1,2013JJ00
PV29  ,9.8,2014JJ00
PV29  ,8.7,2015JJ00
PV29  ,8.3,2016JJ00
PV29  ,6.4,2017JJ00
PV29  ,5.6,2018JJ00
PV29  ,5.0,2019JJ00
PV29  ,6.1,2020JJ00
PV29  ,5.2,2021JJ00
PV29  ,3.9,2022JJ00
PV29  ,4.2,2023JJ00
PV30  ,11.4,2013JJ00
PV30  ,11.7,2014JJ00
PV30  ,11.8,2015JJ00
PV30  ,10.1,2016JJ00
PV30  ,8.4,2017JJ00
PV30  ,6.5,2018JJ00
PV30  ,6.4,2019JJ00
PV30  ,7.3,2020JJ00
PV30  ,6.2,2021JJ00
PV30  ,5.0,2022JJ00
PV30  ,5.1,2023JJ00
PV31  ,11.8,2013JJ00
PV31  ,12.2,2014JJ00
PV31  ,10.5,2015JJ00
PV31  ,10.1,2016JJ00
PV31  ,8.9,2017JJ00
PV31  ,6.9,2018JJ00
PV31  ,6.1,2019JJ00
PV31  ,7.0,2020JJ00
PV31  ,6.0,2021JJ00
PV31  ,5.7,2022JJ00
PV31  ,4.8,2023JJ00
CR01  ,10.7,2013JJ00
CR01  ,11.1,2014JJ00
CR01  ,11.0,2015JJ00
CR01  ,10.4,2016JJ00
CR01  ,9.7,2017JJ00
CR01  ,7.4,2018JJ00
CR01  ,6.5,2019JJ00
CR01  ,6.9,2020JJ00
CR01  ,5.7,2021JJ00
CR01  ,4.3,2022JJ00
CR01  ,4.8,2023JJ00
CR02  ,13.0,2013JJ00
CR02  ,13.3,2014JJ00
CR02  ,12.9,2015JJ00
CR02  ,10.0,2016JJ00
CR02  ,8.2,2017JJ00
CR02  ,7.5,2018JJ00
CR02  ,6.4,2019JJ00
CR02  ,6.9,2020JJ00
CR02  ,5.7,2021JJ00
CR02  ,4.9,2022JJ00
CR02  ,5.3,2023JJ00
CR03  ,14.6,2013JJ00
CR03  ,17.2,2014JJ00
CR03  ,16.7,2015JJ00
CR03  ,15.0,2016JJ00
CR03  ,13.8,2017JJ00
CR03  ,11.0,2018JJ00
CR03  ,11.3,2019JJ00
CR03  ,11.4,2020JJ00
CR03  ,9.8,2021JJ00
CR03  ,7.3,2022JJ00
CR03  ,7.7,2023JJ00
CR04  ,14.0,2013JJ00
CR04  ,13.5,2014JJ00
CR04  ,13.4,2015JJ00
CR04  ,11.6,2016JJ00
CR04  ,10.1,2017JJ00
CR04  ,8.8,2018JJ00
CR04  ,7.4,2019JJ00
CR04  ,7.3,2020JJ00
CR04  ,6.3,2021JJ00
CR04  ,5.9,2022JJ00
CR04  ,5.9,2023JJ00
CR05  ,11.3,2013JJ00
CR05  ,11.2,2014JJ00
CR05  ,11.4,2015JJ00
CR05  ,11.6,2016JJ00
CR05  ,8.4,2017JJ00
CR05  ,6.7,2018JJ00
CR05  ,6.2,2019JJ00
CR05  ,6.3,2020JJ00
CR05  ,5.4,2021JJ00
CR05  ,5.1,2022JJ00
CR05  ,5.3,2023JJ00
CR06  ,13.0,2013JJ00
CR06  ,12.4,2014JJ00
CR06  ,12.7,2015JJ00
CR06  ,11.0,2016JJ00
CR06  ,8.6,2017JJ00
CR06  ,7.2,2018JJ00
CR06  ,6.9,2019JJ00
CR06  ,6.8,2020JJ00
CR06  ,5.5,2021JJ00
CR06  ,5.2,2022JJ00
CR06  ,5.3,2023JJ00
CR07  ,12.5,2013JJ00
CR07  ,13.2,2014JJ00
CR07  ,12.8,2015JJ00
CR07  ,11.4,2016JJ00
CR07  ,9.3,2017JJ00
CR07  ,7.9,2018JJ00
CR07  ,7.0,2019JJ00
CR07  ,8.4,2020JJ00
CR07  ,5.6,2021JJ00
CR07  ,5.7,2022JJ00
CR07  ,5.3,2023JJ00
CR08  ,12.1,2013JJ00
CR08  ,13.0,2014JJ00
CR08  ,13.0,2015JJ00
CR08  ,11.7,2016JJ00
CR08  ,9.5,2017JJ00
CR08  ,8.0,2018JJ00
CR08  ,6.2,2019JJ00
CR08  ,7.6,2020JJ00
CR08  ,4.8,2021JJ00
CR08  ,4.2,2022JJ00
CR08  ,4.9,2023JJ00
CR09  ,11.0,2013JJ00
CR09  ,13.0,2014JJ00
CR09  ,10.9,2015JJ00
CR09  ,10.2,2016JJ00
CR09  ,7.7,2017JJ00
CR09  ,6.7,2018JJ00
CR09  ,5.6,2019JJ00
CR09  ,6.6,2020JJ00
CR09  ,5.3,2021JJ00
CR09  ,4.9,2022JJ00
CR09  ,4.6,2023JJ00
CR10  ,10.5,2013JJ00
CR10  ,11.4,2014JJ00
CR10  ,11.6,2015JJ00
CR10  ,10.5,2016JJ00
CR10  ,8.4,2017JJ00
CR10  ,6.5,2018JJ00
CR10  ,5.8,2019JJ00
CR10  ,6.4,2020JJ00
CR10  ,5.5,2021JJ00
CR10  ,4.3,2022JJ00
CR10  ,5.0,2023JJ00
CR11  ,12.8,2013JJ00
CR11  ,13.5,2014JJ00
CR11  ,13.0,2015JJ00
CR11  ,11.6,2016JJ00
CR11  ,9.1,2017JJ00
CR11  ,8.1,2018JJ00
CR11  ,6.4,2019JJ00
CR11  ,7.5,2020JJ00
CR11  ,5.5,2021JJ00
CR11  ,4.5,2022JJ00
CR11  ,6.3,2023JJ00
CR12  ,12.8,2013JJ00
CR12  ,13.2,2014JJ00
CR12  ,12.4,2015JJ00
CR12  ,11.2,2016JJ00
CR12  ,8.9,2017JJ00
CR12  ,7.0,2018JJ00
CR12  ,6.6,2019JJ00
CR12  ,7.2,2020JJ00
CR12  ,6.1,2021JJ00
CR12  ,4.8,2022JJ00
CR12  ,5.7,2023JJ00
CR13  ,10.3,2013JJ00
CR13  ,10.6,2014JJ00
CR13  ,9.9,2015JJ00
CR13  ,8.5,2016JJ00
CR13  ,7.4,2017JJ00
CR13  ,6.7,2018JJ00
CR13  ,6.1,2019JJ00
CR13  ,6.7,2020JJ00
CR13  ,5.8,2021JJ00
CR13  ,5.0,2022JJ00
CR13  ,4.8,2023JJ00
CR14  ,10.1,2013JJ00
CR14  ,10.9,2014JJ00
CR14  ,10.0,2015JJ00
CR14  ,8.7,2016JJ00
CR14  ,7.8,2017JJ00
CR14  ,6.5,2018JJ00
CR14  ,5.6,2019JJ00
CR14  ,6.1,2020JJ00
CR14  ,4.8,2021JJ00
CR14  ,4.5,2022JJ00
CR14  ,4.4,2023JJ00
CR15  ,13.9,2013JJ00
CR15  ,14.8,2014JJ00
CR15  ,14.0,2015JJ00
CR15  ,11.5,2016JJ00
CR15  ,9.5,2017JJ00
CR15  ,8.9,2018JJ00
CR15  ,7.8,2019JJ00
CR15  ,8.3,2020JJ00
CR15  ,8.1,2021JJ00
CR15  ,6.5,2022JJ00
CR15  ,6.1,2023JJ00
CR16  ,10.0,2013JJ00
CR16  ,10.4,2014JJ00
CR16  ,9.7,2015JJ00
CR16  ,8.4,2016JJ00
CR16  ,7.2,2017JJ00
CR16  ,6.5,2018JJ00
CR16  ,6.2,2019JJ00
CR16  ,6.3,2020JJ00
CR16  ,5.2,2021JJ00
CR16  ,4.5,2022JJ00
CR16  ,4.3,2023JJ00
CR17  ,12.0,2013JJ00
CR17  ,12.4,2014JJ00
CR17  ,12.5,2015JJ00
CR17  ,10.2,2016JJ00
CR17  ,9.8,2017JJ00
CR17  ,8.0,2018JJ00
CR17  ,6.9,2019JJ00
CR17  ,8.4,2020JJ00
CR17  ,7.9,2021JJ00
CR17  ,6.5,2022JJ00
CR17  ,6.2,2023JJ00
CR18  ,9.8,2013JJ00
CR18  ,10.9,2014JJ00
CR18  ,10.3,2015JJ00
CR18  ,8.9,2016JJ00
CR18  ,7.7,2017JJ00
CR18  ,6.3,2018JJ00
CR18  ,5.7,2019JJ00
CR18  ,6.0,2020JJ00
CR18  ,5.2,2021JJ00
CR18  ,4.7,2022JJ00
CR18  ,4.4,2023JJ00
CR19  ,12.7,2013JJ00
CR19  ,13.1,2014JJ00
CR19  ,10.2,2015JJ00
CR19  ,8.9,2016JJ00
CR19  ,8.5,2017JJ00
CR19  ,7.3,2018JJ00
CR19  ,6.3,2019JJ00
CR19  ,7.0,2020JJ00
CR19  ,6.0,2021JJ00
CR19  ,4.8,2022JJ00
CR19  ,5.1,2023JJ00
CR20  ,9.7,2013JJ00
CR20  ,11.7,2014JJ00
CR20  ,11.4,2015JJ00
CR20  ,9.2,2016JJ00
CR20  ,7.6,2017JJ00
CR20  ,6.8,2018JJ00
CR20  ,6.4,2019JJ00
CR20  ,7.1,2020JJ00
CR20  ,6.6,2021JJ00
CR20  ,5.3,2022JJ00
CR20  ,5.2,2023JJ00
CR21  ,15.0,2013JJ00
CR21  ,16.0,2014JJ00
CR21  ,13.1,2015JJ00
CR21  ,11.0,2016JJ00
CR21  ,9.3,2017JJ00
CR21  ,8.8,2018JJ00
CR21  ,7.7,2019JJ00
CR21  ,9.2,2020JJ00
CR21  ,7.7,2021JJ00
CR21  ,6.2,2022JJ00
CR21  ,6.4,2023JJ00
CR22  ,12.4,2013JJ00
CR22  ,13.0,2014JJ00
CR22  ,11.4,2015JJ00
CR22  ,10.1,2016JJ00
CR22  ,8.7,2017JJ00
CR22  ,7.7,2018JJ00
CR22  ,5.8,2019JJ00
CR22  ,7.2,2020JJ00
CR22  ,6.4,2021JJ00
CR22  ,5.1,2022JJ00
CR22  ,5.7,2023JJ00
CR23  ,15.6,2013JJ00
CR23  ,15.7,2014JJ00
CR23  ,14.7,2015JJ00
CR23  ,12.8,2016JJ00
CR23  ,10.8,2017JJ00
CR23  ,9.4,2018JJ00
CR23  ,8.5,2019JJ00
CR23  ,10.0,2020JJ00
CR23  ,11.5,2021JJ00
CR23  ,7.2,2022JJ00
CR23  ,7.1,2023JJ00
CR24  ,11.9,2013JJ00
CR24  ,13.4,2014JJ00
CR24  ,12.4,2015JJ00
CR24  ,10.7,2016JJ00
CR24  ,9.3,2017JJ00
CR24  ,8.6,2018JJ00
CR24  ,7.1,2019JJ00
CR24  ,8.6,2020JJ00
CR24  ,7.0,2021JJ00
CR24  ,5.9,2022JJ00
CR24  ,5.6,2023JJ00
CR25  ,11.4,2013JJ00
CR25  ,12.6,2014JJ00
CR25  ,11.1,2015JJ00
CR25  ,10.9,2016JJ00
CR25  ,8.9,2017JJ00
CR25  ,7.7,2018JJ00
CR25  ,6.8,2019JJ00
CR25  ,8.2,2020JJ00
CR25  ,6.6,2021JJ00
CR25  ,5.6,2022JJ00
CR25  ,5.4,2023JJ00
CR26  ,15.4,2013JJ00
CR26  ,16.5,2014JJ00
CR26  ,16.9,2015JJ00
CR26  ,14.9,2016JJ00
CR26  ,12.5,2017JJ00
CR26  ,10.2,2018JJ00
CR26  ,9.2,2019JJ00
CR26  ,10.5,2020JJ00
CR26  ,9.4,2021JJ00
CR26  ,7.5,2022JJ00
CR26  ,7.3,2023JJ00
CR27  ,11.9,2013JJ00
CR27  ,11.8,2014JJ00
CR27  ,10.9,2015JJ00
CR27  ,10.4,2016JJ00
CR27  ,10.0,2017JJ00
CR27  ,8.3,2018JJ00
CR27  ,7.1,2019JJ00
CR27  ,7.7,2020JJ00
CR27  ,7.2,2021JJ00
CR27  ,5.7,2022JJ00
CR27  ,5.6,2023JJ00
CR28  ,10.5,2013JJ00
CR28  ,10.9,2014JJ00
CR28  ,10.5,2015JJ00
CR28  ,10.6,2016JJ00
CR28  ,8.5,2017JJ00
CR28  ,6.8,2018JJ00
CR28  ,6.2,2019JJ00
CR28  ,7.4,2020JJ00
CR28  ,6.5,2021JJ00
CR28  ,5.1,2022JJ00
CR28  ,5.0,2023JJ00
CR29  ,14.1,2013JJ00
CR29  ,15.6,2014JJ00
CR29  ,15.4,2015JJ00
CR29  ,14.5,2016JJ00
CR29  ,11.5,2017JJ00
CR29  ,9.6,2018JJ00
CR29  ,9.1,2019JJ00
CR29  ,8.7,2020JJ00
CR29  ,8.1,2021JJ00
CR29  ,6.8,2022JJ00
CR29  ,6.8,2023JJ00
CR30  ,11.1,2013JJ00
CR30  ,12.2,2014JJ00
CR30  ,12.0,2015JJ00
CR30  ,10.1,2016JJ00
CR30  ,9.0,2017JJ00
CR30  ,7.3,2018JJ00
CR30  ,7.0,2019JJ00
CR30  ,7.7,2020JJ00
CR30  ,6.4,2021JJ00
CR30  ,5.5,2022JJ00
CR30  ,5.5,2023JJ00
CR31  ,8.2,2013JJ00
CR31  ,9.9,2014JJ00
CR31  ,8.2,2015JJ00
CR31  ,8.0,2016JJ00
CR31  ,6.1,2017JJ00
CR31  ,5.9,2018JJ00
CR31  ,4.9,2019JJ00
CR31  ,5.2,2020JJ00
CR31  ,4.8,2021JJ00
CR31  ,3.5,2022JJ00
CR31  ,3.8,2023JJ00
CR32  ,9.4,2013JJ00
CR32  ,9.7,2014JJ00
CR32  ,8.9,2015JJ00
CR32  ,8.3,2016JJ00
CR32  ,6.6,2017JJ00
CR32  ,5.5,2018JJ00
CR32  ,5.0,2019JJ00
CR32  ,6.5,2020JJ00
CR32  ,5.4,2021JJ00
CR32  ,4.0,2022JJ00
CR32  ,4.3,2023JJ00
CR33  ,11.5,2013JJ00
CR33  ,11.8,2014JJ00
CR33  ,12.2,2015JJ00
CR33  ,10.4,2016JJ00
CR33  ,8.8,2017JJ00
CR33  ,6.7,2018JJ00
CR33  ,6.8,2019JJ00
CR33  ,7.9,2020JJ00
CR33  ,6.1,2021JJ00
CR33  ,4.9,2022JJ00
CR33  ,5.2,2023JJ00
CR34  ,11.7,2013JJ00
CR34  ,11.7,2014JJ00
CR34  ,11.8,2015JJ00
CR34  ,10.0,2016JJ00
CR34  ,8.3,2017JJ00
CR34  ,6.1,2018JJ00
CR34  ,6.2,2019JJ00
CR34  ,7.2,2020JJ00
CR34  ,6.5,2021JJ00
CR34  ,5.0,2022JJ00
CR34  ,5.2,2023JJ00
CR35  ,10.8,2013JJ00
CR35  ,11.4,2014JJ00
CR35  ,11.5,2015JJ00
CR35  ,9.5,2016JJ00
CR35  ,8.1,2017JJ00
CR35  ,5.9,2018JJ00
CR35  ,5.8,2019JJ00
CR35  ,6.7,2020JJ00
CR35  ,5.7,2021JJ00
CR35  ,4.9,2022JJ00
CR35  ,4.7,2023JJ00
CR36  ,11.5,2013JJ00
CR36  ,12.0,2014JJ00
CR36  ,11.7,2015JJ00
CR36  ,10.4,2016JJ00
CR36  ,8.5,2017JJ00
CR36  ,7.1,2018JJ00
CR36  ,6.8,2019JJ00
CR36  ,7.4,2020JJ00
CR36  ,6.5,2021JJ00
CR36  ,5.1,2022JJ00
CR36  ,5.3,2023JJ00
CR37  ,11.0,2013JJ00
CR37  ,11.4,2014JJ00
CR37  ,9.6,2015JJ00
CR37  ,9.2,2016JJ00
CR37  ,8.0,2017JJ00
CR37  ,6.3,2018JJ00
CR37  ,5.3,2019JJ00
CR37  ,6.2,2020JJ00
CR37  ,5.6,2021JJ00
CR37  ,5.0,2022JJ00
CR37  ,4.3,2023JJ00
CR38  ,10.6,2013JJ00
CR38  ,10.8,2014JJ00
CR38  ,9.7,2015JJ00
CR38  ,9.6,2016JJ00
CR38  ,8.6,2017JJ00
CR38  ,6.6,2018JJ00
CR38  ,6.3,2019JJ00
CR38  ,6.6,2020JJ00
CR38  ,5.5,2021JJ00
CR38  ,5.2,2022JJ00
CR38  ,4.7,2023JJ00
CR39  ,12.7,2013JJ00
CR39  ,13.4,2014JJ00
CR39  ,11.4,2015JJ00
CR39  ,10.7,2016JJ00
CR39  ,9.5,2017JJ00
CR39  ,7.4,2018JJ00
CR39  ,6.5,2019JJ00
CR39  ,7.6,2020JJ00
CR39  ,6.4,2021JJ00
CR39  ,6.3,2022JJ00
CR39  ,5.2,2023JJ00
CR40  ,15.8,2013JJ00
CR40  ,16.2,2014JJ00
CR40  ,13.5,2015JJ00
CR40  ,13.7,2016JJ00
CR40  ,10.9,2017JJ00
CR40  ,8.1,2018JJ00
CR40  ,7.7,2019JJ00
CR40  ,8.5,2020JJ00
CR40  ,8.1,2021JJ00
CR40  ,6.1,2022JJ00
CR40  ,6.5,2023JJ00
GM1680,9.9,2013JJ00
GM1680,12.0,2014JJ00
GM1680,11.6,2015JJ00
GM1680,10.5,2016JJ00
GM1680,7.8,2017JJ00
GM1680,7.7,2018JJ00
GM1680,7.4,2019JJ00
GM1680,7.9,2020JJ00
GM1680,5.4,2021JJ00
GM1680,5.1,2022JJ00
GM1680,4.3,2023JJ00
GM0358,10.0,2013JJ00
GM0358,9.5,2014JJ00
GM0358,9.8,2015JJ00
GM0358,9.9,2016JJ00
GM0358,7.2,2017JJ00
GM0358,6.1,2018JJ00
GM0358,5.3,2019JJ00
GM0358,6.5,2020JJ00
GM0358,7.0,2021JJ00
GM0358,5.0,2022JJ00
GM0358,4.8,2023JJ00
GM0197,8.9,2013JJ00
GM0197,9.5,2014JJ00
GM0197,8.3,2015JJ00
GM0197,8.2,2016JJ00
GM0197,6.1,2017JJ00
GM0197,5.1,2018JJ00
GM0197,4.7,2019JJ00
GM0197,4.8,2020JJ00
GM0197,4.4,2021JJ00
GM0197,4.3,2022JJ00
GM0197,3.7,2023JJ00
GM0059,10.3,2013JJ00
GM0059,11.5,2014JJ00
GM0059,11.5,2015JJ00
GM0059,10.0,2016JJ00
GM0059,6.5,2017JJ00
GM0059,5.3,2018JJ00
GM0059,5.2,2019JJ00
GM0059,6.4,2020JJ00
GM0059,5.1,2021JJ00
GM0059,4.3,2022JJ00
GM0059,5.0,2023JJ00
GM0482,11.1,2013JJ00
GM0482,11.0,2014JJ00
GM0482,11.1,2015JJ00
GM0482,7.7,2016JJ00
GM0482,7.4,2017JJ00
GM0482,5.9,2018JJ00
GM0482,6.1,2019JJ00
GM0482,6.2,2020JJ00
GM0482,5.3,2021JJ00
GM0482,4.6,2022JJ00
GM0482,5.1,2023JJ00
GM0613,10.2,2013JJ00
GM0613,12.5,2014JJ00
GM0613,11.8,2015JJ00
GM0613,10.1,2016JJ00
GM0613,7.9,2017JJ00
GM0613,6.3,2018JJ00
GM0613,6.8,2019JJ00
GM0613,7.4,2020JJ00
GM0613,7.2,2021JJ00
GM0613,5.4,2022JJ00
GM0613,5.0,2023JJ00
GM0361,14.0,2013JJ00
GM0361,14.7,2014JJ00
GM0361,9.9,2015JJ00
GM0361,8.9,2016JJ00
GM0361,9.2,2017JJ00
GM0361,8.4,2018JJ00
GM0361,6.8,2019JJ00
GM0361,7.0,2020JJ00
GM0361,6.1,2021JJ00
GM0361,5.5,2022JJ00
GM0361,5.4,2023JJ00
GM0141,15.1,2013JJ00
GM0141,15.7,2014JJ00
GM0141,15.1,2015JJ00
GM0141,12.3,2016JJ00
GM0141,10.9,2017JJ00
GM0141,8.1,2018JJ00
GM0141,7.4,2019JJ00
GM0141,7.4,2020JJ00
GM0141,7.7,2021JJ00
GM0141,5.2,2022JJ00
GM0141,6.4,2023JJ00
GM0034,19.0,2013JJ00
GM0034,18.2,2014JJ00
GM0034,15.9,2015JJ00
GM0034,16.0,2016JJ00
GM0034,12.1,2017JJ00
GM0034,8.4,2018JJ00
GM0034,8.9,2019JJ00
GM0034,9.7,2020JJ00
GM0034,10.1,2021JJ00
GM0034,6.8,2022JJ00
GM0034,7.6,2023JJ00
GM0484,10.1,2013JJ00
GM0484,11.0,2014JJ00
GM0484,9.5,2015JJ00
GM0484,10.6,2016JJ00
GM0484,8.3,2017JJ00
GM0484,7.0,2018JJ00
GM0484,6.6,2019JJ00
GM0484,8.0,2020JJ00
GM0484,6.4,2021JJ00
GM0484,4.3,2022JJ00
GM0484,4.6,2023JJ00
GM1723,7.2,2013JJ00
GM1723,7.6,2014JJ00
GM1723,9.8,2015JJ00
GM1723,8.6,2016JJ00
GM1723,7.9,2017JJ00
GM1723,5.7,2018JJ00
GM1723,5.9,2019JJ00
GM1723,5.7,2020JJ00
GM1723,5.3,2021JJ00
GM1723,4.2,2022JJ00
GM1723,3.7,2023JJ00
GM1959,8.5,2013JJ00
GM1959,9.2,2014JJ00
GM1959,9.2,2015JJ00
GM1959,8.0,2016JJ00
GM1959,6.6,2017JJ00
GM1959,5.0,2018JJ00
GM1959,4.4,2019JJ00
GM1959,5.4,2020JJ00
GM1959,4.3,2021JJ00
GM1959,3.6,2022JJ00
GM1959,3.8,2023JJ00
GM0060,9.5,2013JJ00
GM0060,8.6,2014JJ00
GM0060,8.6,2015JJ00
GM0060,7.9,2016JJ00
GM0060,6.8,2017JJ00
GM0060,4.9,2018JJ00
GM0060,5.3,2019JJ00
GM0060,5.5,2020JJ00
GM0060,4.9,2021JJ00
GM0060,3.9,2022JJ00
GM0060,4.2,2023JJ00
GM0307,11.9,2013JJ00
GM0307,13.8,2014JJ00
GM0307,13.7,2015JJ00
GM0307,9.7,2016JJ00
GM0307,12.0,2017JJ00
GM0307,9.1,2018JJ00
GM0307,6.9,2019JJ00
GM0307,9.5,2020JJ00
GM0307,9.7,2021JJ00
GM0307,8.4,2022JJ00
GM0307,7.2,2023JJ00
GM0362,12.6,2013JJ00
GM0362,15.3,2014JJ00
GM0362,12.9,2015JJ00
GM0362,12.9,2016JJ00
GM0362,10.7,2017JJ00
GM0362,10.0,2018JJ00
GM0362,9.3,2019JJ00
GM0362,9.1,2020JJ00
GM0362,9.3,2021JJ00
GM0362,7.4,2022JJ00
GM0362,6.9,2023JJ00
GM0363,19.6,2013JJ00
GM0363,18.9,2014JJ00
GM0363,17.5,2015JJ00
GM0363,14.6,2016JJ00
GM0363,12.6,2017JJ00
GM0363,11.5,2018JJ00
GM0363,10.3,2019JJ00
GM0363,12.0,2020JJ00
GM0363,14.7,2021JJ00
GM0363,8.3,2022JJ00
GM0363,8.3,2023JJ00
GM0200,11.4,2013JJ00
GM0200,11.6,2014JJ00
GM0200,11.6,2015JJ00
GM0200,8.4,2016JJ00
GM0200,8.0,2017JJ00
GM0200,7.8,2018JJ00
GM0200,7.6,2019JJ00
GM0200,8.0,2020JJ00
GM0200,6.6,2021JJ00
GM0200,6.2,2022JJ00
GM0200,5.3,2023JJ00
GM0202,16.3,2013JJ00
GM0202,22.1,2014JJ00
GM0202,17.1,2015JJ00
GM0202,13.0,2016JJ00
GM0202,12.0,2017JJ00
GM0202,10.5,2018JJ00
GM0202,9.1,2019JJ00
GM0202,10.0,2020JJ00
GM0202,10.7,2021JJ00
GM0202,8.6,2022JJ00
GM0202,7.0,2023JJ00
GM0106,14.5,2013JJ00
GM0106,15.1,2014JJ00
GM0106,15.6,2015JJ00
GM0106,12.4,2016JJ00
GM0106,10.3,2017JJ00
GM0106,8.8,2018JJ00
GM0106,7.7,2019JJ00
GM0106,10.2,2020JJ00
GM0106,5.5,2021JJ00
GM0106,6.7,2022JJ00
GM0106,6.2,2023JJ00
GM0743,9.2,2013JJ00
GM0743,8.6,2014JJ00
GM0743,8.3,2015JJ00
GM0743,8.4,2016JJ00
GM0743,7.5,2017JJ00
GM0743,5.7,2018JJ00
GM0743,6.1,2019JJ00
GM0743,6.8,2020JJ00
GM0743,5.2,2021JJ00
GM0743,4.2,2022JJ00
GM0743,4.6,2023JJ00
GM0744,9.4,2013JJ00
GM0744,10.2,2014JJ00
GM0744,9.4,2015JJ00
GM0744,8.1,2016JJ00
GM0744,7.0,2017JJ00
GM0744,5.7,2018JJ00
GM0744,5.8,2019JJ00
GM0744,5.9,2020JJ00
GM0744,5.0,2021JJ00
GM0744,4.1,2022JJ00
GM0744,4.4,2023JJ00
GM0308,13.8,2013JJ00
GM0308,11.3,2014JJ00
GM0308,12.6,2015JJ00
GM0308,10.0,2016JJ00
GM0308,7.9,2017JJ00
GM0308,7.2,2018JJ00
GM0308,6.3,2019JJ00
GM0308,8.2,2020JJ00
GM0308,6.9,2021JJ00
GM0308,5.7,2022JJ00
GM0308,5.4,2023JJ00
GM0489,14.0,2013JJ00
GM0489,11.4,2014JJ00
GM0489,10.9,2015JJ00
GM0489,10.8,2016JJ00
GM0489,11.0,2017JJ00
GM0489,7.4,2018JJ00
GM0489,6.1,2019JJ00
GM0489,7.9,2020JJ00
GM0489,6.7,2021JJ00
GM0489,5.3,2022JJ00
GM0489,6.1,2023JJ00
GM0203,7.3,2013JJ00
GM0203,8.0,2014JJ00
GM0203,7.8,2015JJ00
GM0203,6.5,2016JJ00
GM0203,6.2,2017JJ00
GM0203,5.4,2018JJ00
GM0203,4.6,2019JJ00
GM0203,5.2,2020JJ00
GM0203,4.9,2021JJ00
GM0203,4.0,2022JJ00
GM0203,4.2,2023JJ00
GM0888,10.7,2013JJ00
GM0888,13.0,2014JJ00
GM0888,11.5,2015JJ00
GM0888,10.8,2016JJ00
GM0888,9.6,2017JJ00
GM0888,6.8,2018JJ00
GM0888,6.1,2019JJ00
GM0888,7.2,2020JJ00
GM0888,6.2,2021JJ00
GM0888,5.4,2022JJ00
GM0888,4.2,2023JJ00
GM1954,11.0,2013JJ00
GM1954,10.9,2014JJ00
GM1954,10.5,2015JJ00
GM1954,9.8,2016JJ00
GM1954,8.2,2017JJ00
GM1954,6.8,2018JJ00
GM1954,4.8,2019JJ00
GM1954,6.3,2020JJ00
GM1954,5.7,2021JJ00
GM1954,5.5,2022JJ00
GM1954,4.4,2023JJ00
GM0889,9.9,2013JJ00
GM0889,9.7,2014JJ00
GM0889,8.6,2015JJ00
GM0889,9.3,2016JJ00
GM0889,6.8,2017JJ00
GM0889,5.7,2018JJ00
GM0889,4.8,2019JJ00
GM0889,6.4,2020JJ00
GM0889,5.7,2021JJ00
GM0889,4.8,2022JJ00
GM0889,4.5,2023JJ00
GM1945,11.0,2013JJ00
GM1945,10.3,2014JJ00
GM1945,9.8,2015JJ00
GM1945,8.3,2016JJ00
GM1945,7.7,2017JJ00
GM1945,5.7,2018JJ00
GM1945,5.4,2019JJ00
GM1945,6.3,2020JJ00
GM1945,4.3,2021JJ00
GM1945,3.6,2022JJ00
GM1945,4.9,2023JJ00
GM1724,9.8,2013JJ00
GM1724,8.3,2014JJ00
GM1724,8.8,2015JJ00
GM1724,7.8,2016JJ00
GM1724,6.7,2017JJ00
GM1724,4.9,2018JJ00
GM1724,5.2,2019JJ00
GM1724,6.2,2020JJ00
GM1724,4.4,2021JJ00
GM1724,3.7,2022JJ00
GM1724,4.5,2023JJ00
GM0893,10.1,2013JJ00
GM0893,9.0,2014JJ00
GM0893,8.1,2015JJ00
GM0893,8.4,2016JJ00
GM0893,7.7,2017JJ00
GM0893,5.7,2018JJ00
GM0893,4.8,2019JJ00
GM0893,4.9,2020JJ00
GM0893,4.5,2021JJ00
GM0893,4.1,2022JJ00
GM0893,3.7,2023JJ00
GM0373,11.2,2013JJ00
GM0373,10.9,2014JJ00
GM0373,11.2,2015JJ00
GM0373,9.3,2016JJ00
GM0373,7.9,2017JJ00
GM0373,6.9,2018JJ00
GM0373,6.5,2019JJ00
GM0373,7.1,2020JJ00
GM0373,5.4,2021JJ00
GM0373,4.1,2022JJ00
GM0373,4.6,2023JJ00
GM0748,12.7,2013JJ00
GM0748,13.2,2014JJ00
GM0748,12.8,2015JJ00
GM0748,10.8,2016JJ00
GM0748,9.1,2017JJ00
GM0748,6.8,2018JJ00
GM0748,7.8,2019JJ00
GM0748,8.0,2020JJ00
GM0748,6.4,2021JJ00
GM0748,5.0,2022JJ00
GM0748,4.7,2023JJ00
GM1859,8.3,2013JJ00
GM1859,10.0,2014JJ00
GM1859,7.8,2015JJ00
GM1859,8.1,2016JJ00
GM1859,6.4,2017JJ00
GM1859,5.2,2018JJ00
GM1859,5.0,2019JJ00
GM1859,5.6,2020JJ00
GM1859,3.9,2021JJ00
GM1859,4.2,2022JJ00
GM1859,4.6,2023JJ00
GM1721,9.0,2013JJ00
GM1721,10.9,2014JJ00
GM1721,11.0,2015JJ00
GM1721,9.4,2016JJ00
GM1721,7.8,2017JJ00
GM1721,5.7,2018JJ00
GM1721,4.6,2019JJ00
GM1721,5.3,2020JJ00
GM1721,5.6,2021JJ00
GM1721,4.7,2022JJ00
GM1721,4.8,2023JJ00
GM0753,11.9,2013JJ00
GM0753,16.6,2014JJ00
GM0753,12.2,2015JJ00
GM0753,9.6,2016JJ00
GM0753,8.2,2017JJ00
GM0753,7.4,2018JJ00
GM0753,7.3,2019JJ00
GM0753,7.4,2020JJ00
GM0753,6.6,2021JJ00
GM0753,6.6,2022JJ00
GM0753,5.8,2023JJ00
GM0209,10.3,2013JJ00
GM0209,12.7,2014JJ00
GM0209,11.4,2015JJ00
GM0209,9.4,2016JJ00
GM0209,7.0,2017JJ00
GM0209,7.8,2018JJ00
GM0209,5.7,2019JJ00
GM0209,5.7,2020JJ00
GM0209,4.8,2021JJ00
GM0209,5.1,2022JJ00
GM0209,4.6,2023JJ00
GM0375,11.1,2013JJ00
GM0375,13.4,2014JJ00
GM0375,11.8,2015JJ00
GM0375,8.6,2016JJ00
GM0375,7.8,2017JJ00
GM0375,6.8,2018JJ00
GM0375,6.6,2019JJ00
GM0375,6.7,2020JJ00
GM0375,6.2,2021JJ00
GM0375,5.9,2022JJ00
GM0375,5.3,2023JJ00
GM0310,12.4,2013JJ00
GM0310,12.7,2014JJ00
GM0310,12.2,2015JJ00
GM0310,11.6,2016JJ00
GM0310,10.7,2017JJ00
GM0310,8.9,2018JJ00
GM0310,7.7,2019JJ00
GM0310,8.8,2020JJ00
GM0310,6.8,2021JJ00
GM0310,5.8,2022JJ00
GM0310,6.0,2023JJ00
GM1728,8.2,2013JJ00
GM1728,7.7,2014JJ00
GM1728,7.6,2015JJ00
GM1728,8.0,2016JJ00
GM1728,5.6,2017JJ00
GM1728,5.7,2018JJ00
GM1728,4.8,2019JJ00
GM1728,5.1,2020JJ00
GM1728,4.2,2021JJ00
GM1728,4.0,2022JJ00
GM1728,3.9,2023JJ00
GM0376,11.8,2013JJ00
GM0376,12.3,2014JJ00
GM0376,12.5,2015JJ00
GM0376,10.3,2016JJ00
GM0376,8.9,2017JJ00
GM0376,7.1,2018JJ00
GM0376,6.9,2019JJ00
GM0376,8.6,2020JJ00
GM0376,6.7,2021JJ00
GM0376,5.0,2022JJ00
GM0376,4.5,2023JJ00
GM0377,11.9,2013JJ00
GM0377,13.0,2014JJ00
GM0377,15.3,2015JJ00
GM0377,11.0,2016JJ00
GM0377,10.0,2017JJ00
GM0377,8.6,2018JJ00
GM0377,6.5,2019JJ00
GM0377,8.6,2020JJ00
GM0377,7.9,2021JJ00
GM0377,6.2,2022JJ00
GM0377,5.8,2023JJ00
GM1901,9.1,2013JJ00
GM1901,10.3,2014JJ00
GM1901,8.8,2015JJ00
GM1901,9.1,2016JJ00
GM1901,8.7,2017JJ00
GM1901,5.6,2018JJ00
GM1901,5.3,2019JJ00
GM1901,6.8,2020JJ00
GM1901,5.0,2021JJ00
GM1901,4.7,2022JJ00
GM1901,4.8,2023JJ00
GM0755,10.2,2013JJ00
GM0755,9.4,2014JJ00
GM0755,8.2,2015JJ00
GM0755,7.6,2016JJ00
GM0755,6.9,2017JJ00
GM0755,5.5,2018JJ00
GM0755,5.3,2019JJ00
GM0755,5.5,2020JJ00
GM0755,5.2,2021JJ00
GM0755,4.2,2022JJ00
GM0755,4.6,2023JJ00
GM1681,10.5,2013JJ00
GM1681,11.7,2014JJ00
GM1681,12.5,2015JJ00
GM1681,10.6,2016JJ00
GM1681,9.9,2017JJ00
GM1681,7.6,2018JJ00
GM1681,5.2,2019JJ00
GM1681,7.8,2020JJ00
GM1681,4.8,2021JJ00
GM1681,4.5,2022JJ00
GM1681,4.5,2023JJ00
GM0147,13.6,2013JJ00
GM0147,13.9,2014JJ00
GM0147,13.3,2015JJ00
GM0147,11.3,2016JJ00
GM0147,7.8,2017JJ00
GM0147,7.0,2018JJ00
GM0147,6.5,2019JJ00
GM0147,6.3,2020JJ00
GM0147,6.5,2021JJ00
GM0147,4.2,2022JJ00
GM0147,5.5,2023JJ00
GM0654,8.8,2013JJ00
GM0654,8.8,2014JJ00
GM0654,8.3,2015JJ00
GM0654,6.7,2016JJ00
GM0654,5.9,2017JJ00
GM0654,5.2,2018JJ00
GM0654,4.3,2019JJ00
GM0654,5.5,2020JJ00
GM0654,4.6,2021JJ00
GM0654,3.6,2022JJ00
GM0654,4.5,2023JJ00
GM0757,11.6,2013JJ00
GM0757,11.3,2014JJ00
GM0757,11.2,2015JJ00
GM0757,10.0,2016JJ00
GM0757,8.4,2017JJ00
GM0757,6.8,2018JJ00
GM0757,5.9,2019JJ00
GM0757,7.0,2020JJ00
GM0757,5.2,2021JJ00
GM0757,5.1,2022JJ00
GM0757,4.6,2023JJ00
GM0758,13.8,2013JJ00
GM0758,13.7,2014JJ00
GM0758,16.1,2015JJ00
GM0758,11.5,2016JJ00
GM0758,9.4,2017JJ00
GM0758,8.0,2018JJ00
GM0758,8.7,2019JJ00
GM0758,10.7,2020JJ00
GM0758,7.4,2021JJ00
GM0758,6.1,2022JJ00
GM0758,6.8,2023JJ00
GM1876,9.5,2013JJ00
GM1876,10.5,2014JJ00
GM1876,9.1,2015JJ00
GM1876,7.3,2016JJ00
GM1876,7.7,2017JJ00
GM1876,6.0,2018JJ00
GM1876,4.9,2019JJ00
GM1876,5.6,2020JJ00
GM1876,4.0,2021JJ00
GM1876,4.0,2022JJ00
GM1876,4.3,2023JJ00
GM0213,9.8,2013JJ00
GM0213,9.6,2014JJ00
GM0213,9.6,2015JJ00
GM0213,8.9,2016JJ00
GM0213,8.0,2017JJ00
GM0213,7.1,2018JJ00
GM0213,5.5,2019JJ00
GM0213,6.4,2020JJ00
GM0213,4.9,2021JJ00
GM0213,4.6,2022JJ00
GM0213,4.5,2023JJ00
GM0899,13.0,2013JJ00
GM0899,12.4,2014JJ00
GM0899,9.7,2015JJ00
GM0899,9.7,2016JJ00
GM0899,9.5,2017JJ00
GM0899,8.2,2018JJ00
GM0899,6.8,2019JJ00
GM0899,7.4,2020JJ00
GM0899,5.3,2021JJ00
GM0899,5.2,2022JJ00
GM0899,4.8,2023JJ00
GM0312,10.1,2013JJ00
GM0312,11.2,2014JJ00
GM0312,11.2,2015JJ00
GM0312,9.2,2016JJ00
GM0312,7.2,2017JJ00
GM0312,7.5,2018JJ00
GM0312,7.6,2019JJ00
GM0312,9.1,2020JJ00
GM0312,6.2,2021JJ00
GM0312,4.9,2022JJ00
GM0312,5.4,2023JJ00
GM0313,8.8,2013JJ00
GM0313,7.2,2014JJ00
GM0313,8.5,2015JJ00
GM0313,7.5,2016JJ00
GM0313,6.0,2017JJ00
GM0313,4.8,2018JJ00
GM0313,4.4,2019JJ00
GM0313,4.0,2020JJ00
GM0313,4.9,2021JJ00
GM0313,4.3,2022JJ00
GM0313,4.1,2023JJ00
GM0214,9.5,2013JJ00
GM0214,10.6,2014JJ00
GM0214,10.0,2015JJ00
GM0214,7.9,2016JJ00
GM0214,7.1,2017JJ00
GM0214,5.7,2018JJ00
GM0214,5.7,2019JJ00
GM0214,5.1,2020JJ00
GM0214,4.0,2021JJ00
GM0214,4.6,2022JJ00
GM0214,4.1,2023JJ00
GM0502,13.0,2013JJ00
GM0502,14.3,2014JJ00
GM0502,14.6,2015JJ00
GM0502,14.9,2016JJ00
GM0502,11.9,2017JJ00
GM0502,8.1,2018JJ00
GM0502,6.6,2019JJ00
GM0502,8.9,2020JJ00
GM0502,8.5,2021JJ00
GM0502,7.4,2022JJ00
GM0502,6.5,2023JJ00
GM0383,11.0,2013JJ00
GM0383,14.0,2014JJ00
GM0383,11.1,2015JJ00
GM0383,8.4,2016JJ00
GM0383,8.3,2017JJ00
GM0383,6.6,2018JJ00
GM0383,6.2,2019JJ00
GM0383,6.8,2020JJ00
GM0383,7.2,2021JJ00
GM0383,5.2,2022JJ00
GM0383,5.2,2023JJ00
GM0109,11.0,2013JJ00
GM0109,11.5,2014JJ00
GM0109,10.6,2015JJ00
GM0109,9.1,2016JJ00
GM0109,8.1,2017JJ00
GM0109,6.2,2018JJ00
GM0109,5.4,2019JJ00
GM0109,6.6,2020JJ00
GM0109,4.8,2021JJ00
GM0109,4.3,2022JJ00
GM0109,4.7,2023JJ00
GM1706,11.1,2013JJ00
GM1706,11.9,2014JJ00
GM1706,11.0,2015JJ00
GM1706,8.4,2016JJ00
GM1706,7.0,2017JJ00
GM1706,5.9,2018JJ00
GM1706,5.4,2019JJ00
GM1706,6.9,2020JJ00
GM1706,5.3,2021JJ00
GM1706,4.8,2022JJ00
GM1706,4.1,2023JJ00
GM0216,11.6,2013JJ00
GM0216,13.9,2014JJ00
GM0216,14.6,2015JJ00
GM0216,9.5,2016JJ00
GM0216,8.3,2017JJ00
GM0216,7.6,2018JJ00
GM0216,8.4,2019JJ00
GM0216,9.4,2020JJ00
GM0216,6.8,2021JJ00
GM0216,6.8,2022JJ00
GM0216,6.0,2023JJ00
GM0148,8.5,2013JJ00
GM0148,9.0,2014JJ00
GM0148,8.4,2015JJ00
GM0148,8.3,2016JJ00
GM0148,7.0,2017JJ00
GM0148,5.5,2018JJ00
GM0148,4.6,2019JJ00
GM0148,5.6,2020JJ00
GM0148,4.6,2021JJ00
GM0148,3.4,2022JJ00
GM0148,4.7,2023JJ00
GM1891,10.9,2013JJ00
GM1891,11.4,2014JJ00
GM1891,9.5,2015JJ00
GM1891,9.2,2016JJ00
GM1891,8.8,2017JJ00
GM1891,6.7,2018JJ00
GM1891,5.5,2019JJ00
GM1891,7.2,2020JJ00
GM1891,4.5,2021JJ00
GM1891,4.6,2022JJ00
GM1891,4.3,2023JJ00
GM0503,19.7,2013JJ00
GM0503,16.8,2014JJ00
GM0503,14.9,2015JJ00
GM0503,13.7,2016JJ00
GM0503,14.5,2017JJ00
GM0503,12.5,2018JJ00
GM0503,10.6,2019JJ00
GM0503,12.5,2020JJ00
GM0503,11.0,2021JJ00
GM0503,8.9,2022JJ00
GM0503,8.9,2023JJ00
GM0762,9.0,2013JJ00
GM0762,10.6,2014JJ00
GM0762,9.7,2015JJ00
GM0762,8.8,2016JJ00
GM0762,6.1,2017JJ00
GM0762,5.8,2018JJ00
GM0762,5.6,2019JJ00
GM0762,5.2,2020JJ00
GM0762,4.5,2021JJ00
GM0762,4.6,2022JJ00
GM0762,4.7,2023JJ00
GM0150,14.0,2013JJ00
GM0150,16.1,2014JJ00
GM0150,15.1,2015JJ00
GM0150,13.8,2016JJ00
GM0150,10.8,2017JJ00
GM0150,9.6,2018JJ00
GM0150,7.0,2019JJ00
GM0150,8.8,2020JJ00
GM0150,5.8,2021JJ00
GM0150,5.0,2022JJ00
GM0150,7.2,2023JJ00
GM0384,15.4,2013JJ00
GM0384,14.5,2014JJ00
GM0384,14.8,2015JJ00
GM0384,14.2,2016JJ00
GM0384,12.7,2017JJ00
GM0384,11.7,2018JJ00
GM0384,8.4,2019JJ00
GM0384,10.9,2020JJ00
GM0384,11.0,2021JJ00
GM0384,8.3,2022JJ00
GM0384,7.6,2023JJ00
GM1980,11.7,2013JJ00
GM1980,12.3,2014JJ00
GM1980,10.3,2015JJ00
GM1980,8.7,2016JJ00
GM1980,7.7,2017JJ00
GM1980,6.1,2018JJ00
GM1980,5.6,2019JJ00
GM1980,6.9,2020JJ00
GM1980,6.1,2021JJ00
GM1980,4.3,2022JJ00
GM1980,4.8,2023JJ00
GM1774,10.2,2013JJ00
GM1774,9.5,2014JJ00
GM1774,8.3,2015JJ00
GM1774,7.7,2016JJ00
GM1774,6.2,2017JJ00
GM1774,5.5,2018JJ00
GM1774,5.3,2019JJ00
GM1774,5.6,2020JJ00
GM1774,4.8,2021JJ00
GM1774,3.6,2022JJ00
GM1774,4.5,2023JJ00
GM0221,12.9,2013JJ00
GM0221,11.1,2014JJ00
GM0221,11.8,2015JJ00
GM0221,11.7,2016JJ00
GM0221,9.0,2017JJ00
GM0221,7.8,2018JJ00
GM0221,6.5,2019JJ00
GM0221,8.3,2020JJ00
GM0221,6.6,2021JJ00
GM0221,5.4,2022JJ00
GM0221,4.3,2023JJ00
GM0222,12.1,2013JJ00
GM0222,11.9,2014JJ00
GM0222,12.1,2015JJ00
GM0222,9.7,2016JJ00
GM0222,8.4,2017JJ00
GM0222,7.4,2018JJ00
GM0222,6.0,2019JJ00
GM0222,7.7,2020JJ00
GM0222,6.3,2021JJ00
GM0222,5.4,2022JJ00
GM0222,4.9,2023JJ00
GM0766,8.6,2013JJ00
GM0766,8.8,2014JJ00
GM0766,9.8,2015JJ00
GM0766,8.8,2016JJ00
GM0766,6.5,2017JJ00
GM0766,6.3,2018JJ00
GM0766,6.1,2019JJ00
GM0766,6.0,2020JJ00
GM0766,4.8,2021JJ00
GM0766,4.8,2022JJ00
GM0766,4.6,2023JJ00
GM0505,12.7,2013JJ00
GM0505,15.6,2014JJ00
GM0505,15.3,2015JJ00
GM0505,12.1,2016JJ00
GM0505,11.8,2017JJ00
GM0505,8.6,2018JJ00
GM0505,8.9,2019JJ00
GM0505,10.0,2020JJ00
GM0505,7.4,2021JJ00
GM0505,5.9,2022JJ00
GM0505,6.2,2023JJ00
GM0498,9.4,2013JJ00
GM0498,11.2,2014JJ00
GM0498,8.8,2015JJ00
GM0498,7.4,2016JJ00
GM0498,6.8,2017JJ00
GM0498,4.9,2018JJ00
GM0498,4.7,2019JJ00
GM0498,5.3,2020JJ00
GM0498,5.1,2021JJ00
GM0498,4.2,2022JJ00
GM0498,4.3,2023JJ00
GM1719,8.9,2013JJ00
GM1719,10.0,2014JJ00
GM1719,9.7,2015JJ00
GM1719,9.1,2016JJ00
GM1719,6.9,2017JJ00
GM1719,5.8,2018JJ00
GM1719,5.6,2019JJ00
GM1719,6.3,2020JJ00
GM1719,3.9,2021JJ00
GM1719,3.7,2022JJ00
GM1719,4.1,2023JJ00
GM0303,12.1,2013JJ00
GM0303,12.9,2014JJ00
GM0303,10.9,2015JJ00
GM0303,12.2,2016JJ00
GM0303,9.6,2017JJ00
GM0303,8.1,2018JJ00
GM0303,7.5,2019JJ00
GM0303,8.3,2020JJ00
GM0303,6.1,2021JJ00
GM0303,4.9,2022JJ00
GM0303,5.7,2023JJ00
GM0225,9.7,2013JJ00
GM0225,10.6,2014JJ00
GM0225,9.7,2015JJ00
GM0225,10.0,2016JJ00
GM0225,8.0,2017JJ00
GM0225,5.9,2018JJ00
GM0225,5.9,2019JJ00
GM0225,6.0,2020JJ00
GM0225,6.3,2021JJ00
GM0225,4.7,2022JJ00
GM0225,4.7,2023JJ00
GM0226,12.3,2013JJ00
GM0226,11.3,2014JJ00
GM0226,11.1,2015JJ00
GM0226,10.8,2016JJ00
GM0226,8.6,2017JJ00
GM0226,8.1,2018JJ00
GM0226,5.9,2019JJ00
GM0226,7.5,2020JJ00
GM0226,5.6,2021JJ00
GM0226,5.2,2022JJ00
GM0226,5.2,2023JJ00
GM1711,10.8,2013JJ00
GM1711,10.8,2014JJ00
GM1711,8.5,2015JJ00
GM1711,9.7,2016JJ00
GM1711,8.5,2017JJ00
GM1711,6.2,2018JJ00
GM1711,7.0,2019JJ00
GM1711,7.1,2020JJ00
GM1711,5.6,2021JJ00
GM1711,5.5,2022JJ00
GM1711,4.7,2023JJ00
GM0385,8.7,2013JJ00
GM0385,8.5,2014JJ00
GM0385,7.8,2015JJ00
GM0385,6.8,2016JJ00
GM0385,5.7,2017JJ00
GM0385,4.4,2018JJ00
GM0385,4.0,2019JJ00
GM0385,4.8,2020JJ00
GM0385,4.8,2021JJ00
GM0385,4.1,2022JJ00
GM0385,4.0,2023JJ00
GM0228,10.8,2013JJ00
GM0228,11.5,2014JJ00
GM0228,9.8,2015JJ00
GM0228,9.3,2016JJ00
GM0228,7.9,2017JJ00
GM0228,7.4,2018JJ00
GM0228,5.8,2019JJ00
GM0228,7.0,2020JJ00
GM0228,6.3,2021JJ00
GM0228,4.4,2022JJ00
GM0228,4.9,2023JJ00
GM0317,10.9,2013JJ00
GM0317,10.0,2014JJ00
GM0317,9.2,2015JJ00
GM0317,9.5,2016JJ00
GM0317,7.4,2017JJ00
GM0317,6.9,2018JJ00
GM0317,6.1,2019JJ00
GM0317,7.8,2020JJ00
GM0317,5.6,2021JJ00
GM0317,4.5,2022JJ00
GM0317,4.5,2023JJ00
GM1979,13.0,2013JJ00
GM1979,13.3,2014JJ00
GM1979,12.9,2015JJ00
GM1979,10.0,2016JJ00
GM1979,8.2,2017JJ00
GM1979,7.5,2018JJ00
GM1979,6.4,2019JJ00
GM1979,6.9,2020JJ00
GM1979,5.7,2021JJ00
GM1979,4.9,2022JJ00
GM1979,5.3,2023JJ00
GM0770,8.9,2013JJ00
GM0770,10.2,2014JJ00
GM0770,9.4,2015JJ00
GM0770,8.2,2016JJ00
GM0770,6.1,2017JJ00
GM0770,5.4,2018JJ00
GM0770,4.1,2019JJ00
GM0770,5.5,2020JJ00
GM0770,4.5,2021JJ00
GM0770,4.1,2022JJ00
GM0770,4.4,2023JJ00
GM1903,10.6,2013JJ00
GM1903,12.0,2014JJ00
GM1903,11.7,2015JJ00
GM1903,9.6,2016JJ00
GM1903,8.7,2017JJ00
GM1903,7.6,2018JJ00
GM1903,6.6,2019JJ00
GM1903,7.7,2020JJ00
GM1903,5.5,2021JJ00
GM1903,5.0,2022JJ00
GM1903,5.1,2023JJ00
GM0772,14.6,2013JJ00
GM0772,14.9,2014JJ00
GM0772,16.1,2015JJ00
GM0772,13.5,2016JJ00
GM0772,11.3,2017JJ00
GM0772,9.6,2018JJ00
GM0772,9.2,2019JJ00
GM0772,9.4,2020JJ00
GM0772,9.2,2021JJ00
GM0772,5.8,2022JJ00
GM0772,6.3,2023JJ00
GM0230,9.1,2013JJ00
GM0230,8.5,2014JJ00
GM0230,7.8,2015JJ00
GM0230,7.9,2016JJ00
GM0230,7.0,2017JJ00
GM0230,6.4,2018JJ00
GM0230,6.0,2019JJ00
GM0230,5.1,2020JJ00
GM0230,4.8,2021JJ00
GM0230,5.0,2022JJ00
GM0230,3.8,2023JJ00
GM0114,12.9,2013JJ00
GM0114,13.7,2014JJ00
GM0114,13.8,2015JJ00
GM0114,12.6,2016JJ00
GM0114,9.9,2017JJ00
GM0114,8.6,2018JJ00
GM0114,6.8,2019JJ00
GM0114,7.9,2020JJ00
GM0114,4.8,2021JJ00
GM0114,4.1,2022JJ00
GM0114,5.0,2023JJ00
GM0388,9.2,2013JJ00
GM0388,8.9,2014JJ00
GM0388,9.3,2015JJ00
GM0388,9.7,2016JJ00
GM0388,8.5,2017JJ00
GM0388,6.9,2018JJ00
GM0388,5.2,2019JJ00
GM0388,5.7,2020JJ00
GM0388,4.9,2021JJ00
GM0388,5.0,2022JJ00
GM0388,5.1,2023JJ00
GM0153,14.8,2013JJ00
GM0153,17.0,2014JJ00
GM0153,14.6,2015JJ00
GM0153,13.7,2016JJ00
GM0153,11.1,2017JJ00
GM0153,8.9,2018JJ00
GM0153,8.1,2019JJ00
GM0153,8.9,2020JJ00
GM0153,7.9,2021JJ00
GM0153,5.3,2022JJ00
GM0153,6.9,2023JJ00
GM0232,9.5,2013JJ00
GM0232,11.0,2014JJ00
GM0232,9.9,2015JJ00
GM0232,8.5,2016JJ00
GM0232,6.4,2017JJ00
GM0232,5.8,2018JJ00
GM0232,5.3,2019JJ00
GM0232,5.9,2020JJ00
GM0232,5.1,2021JJ00
GM0232,4.8,2022JJ00
GM0232,4.6,2023JJ00
GM0233,10.5,2013JJ00
GM0233,9.7,2014JJ00
GM0233,10.7,2015JJ00
GM0233,7.8,2016JJ00
GM0233,7.2,2017JJ00
GM0233,5.7,2018JJ00
GM0233,5.6,2019JJ00
GM0233,6.1,2020JJ00
GM0233,5.4,2021JJ00
GM0233,4.4,2022JJ00
GM0233,4.3,2023JJ00
GM0777,11.2,2013JJ00
GM0777,12.0,2014JJ00
GM0777,11.4,2015JJ00
GM0777,9.9,2016JJ00
GM0777,8.3,2017JJ00
GM0777,6.7,2018JJ00
GM0777,6.4,2019JJ00
GM0777,7.5,2020JJ00
GM0777,6.4,2021JJ00
GM0777,4.4,2022JJ00
GM0777,4.7,2023JJ00
GM1940,10.7,2013JJ00
GM1940,10.8,2014JJ00
GM1940,11.7,2015JJ00
GM1940,11.0,2016JJ00
GM1940,7.8,2017JJ00
GM1940,6.4,2018JJ00
GM1940,6.3,2019JJ00
GM1940,5.0,2020JJ00
GM1940,5.5,2021JJ00
GM1940,4.3,2022JJ00
GM1940,4.4,2023JJ00
GM0779,9.5,2013JJ00
GM0779,9.4,2014JJ00
GM0779,10.3,2015JJ00
GM0779,9.3,2016JJ00
GM0779,6.5,2017JJ00
GM0779,5.3,2018JJ00
GM0779,5.2,2019JJ00
GM0779,4.9,2020JJ00
GM0779,5.0,2021JJ00
GM0779,4.4,2022JJ00
GM0779,4.2,2023JJ00
GM1771,12.0,2013JJ00
GM1771,11.8,2014JJ00
GM1771,12.5,2015JJ00
GM1771,8.9,2016JJ00
GM1771,7.7,2017JJ00
GM1771,6.4,2018JJ00
GM1771,6.2,2019JJ00
GM1771,7.2,2020JJ00
GM1771,6.3,2021JJ00
GM1771,5.2,2022JJ00
GM1771,5.8,2023JJ00
GM1652,9.1,2013JJ00
GM1652,9.2,2014JJ00
GM1652,9.4,2015JJ00
GM1652,8.2,2016JJ00
GM1652,6.3,2017JJ00
GM1652,6.3,2018JJ00
GM1652,5.7,2019JJ00
GM1652,6.3,2020JJ00
GM1652,5.0,2021JJ00
GM1652,4.6,2022JJ00
GM1652,4.0,2023JJ00
GM0907,11.9,2013JJ00
GM0907,11.9,2014JJ00
GM0907,10.9,2015JJ00
GM0907,9.5,2016JJ00
GM0907,8.4,2017JJ00
GM0907,6.2,2018JJ00
GM0907,6.4,2019JJ00
GM0907,7.0,2020JJ00
GM0907,5.4,2021JJ00
GM0907,4.5,2022JJ00
GM0907,4.8,2023JJ00
GM0784,10.1,2013JJ00
GM0784,11.3,2014JJ00
GM0784,10.3,2015JJ00
GM0784,8.6,2016JJ00
GM0784,8.3,2017JJ00
GM0784,6.8,2018JJ00
GM0784,6.3,2019JJ00
GM0784,6.8,2020JJ00
GM0784,5.9,2021JJ00
GM0784,4.2,2022JJ00
GM0784,4.9,2023JJ00
GM1924,7.3,2013JJ00
GM1924,8.3,2014JJ00
GM1924,7.4,2015JJ00
GM1924,7.7,2016JJ00
GM1924,7.5,2017JJ00
GM1924,5.2,2018JJ00
GM1924,5.3,2019JJ00
GM1924,5.6,2020JJ00
GM1924,4.3,2021JJ00
GM1924,3.4,2022JJ00
GM1924,3.9,2023JJ00
GM0664,11.2,2013JJ00
GM0664,8.9,2014JJ00
GM0664,9.0,2015JJ00
GM0664,8.3,2016JJ00
GM0664,6.6,2017JJ00
GM0664,6.7,2018JJ00
GM0664,6.0,2019JJ00
GM0664,6.3,2020JJ00
GM0664,5.1,2021JJ00
GM0664,3.8,2022JJ00
GM0664,3.8,2023JJ00
GM0785,10.4,2013JJ00
GM0785,10.0,2014JJ00
GM0785,10.5,2015JJ00
GM0785,9.5,2016JJ00
GM0785,7.6,2017JJ00
GM0785,6.6,2018JJ00
GM0785,6.1,2019JJ00
GM0785,5.6,2020JJ00
GM0785,5.3,2021JJ00
GM0785,4.7,2022JJ00
GM0785,4.6,2023JJ00
GM1942,12.1,2013JJ00
GM1942,13.8,2014JJ00
GM1942,13.4,2015JJ00
GM1942,10.4,2016JJ00
GM1942,11.5,2017JJ00
GM1942,8.6,2018JJ00
GM1942,7.5,2019JJ00
GM1942,10.2,2020JJ00
GM1942,7.1,2021JJ00
GM1942,5.9,2022JJ00
GM1942,6.4,2023JJ00
GM0512,12.4,2013JJ00
GM0512,14.1,2014JJ00
GM0512,12.7,2015JJ00
GM0512,11.0,2016JJ00
GM0512,8.2,2017JJ00
GM0512,6.7,2018JJ00
GM0512,7.3,2019JJ00
GM0512,7.6,2020JJ00
GM0512,6.3,2021JJ00
GM0512,5.6,2022JJ00
GM0512,5.5,2023JJ00
GM0513,13.4,2013JJ00
GM0513,11.9,2014JJ00
GM0513,14.8,2015JJ00
GM0513,14.1,2016JJ00
GM0513,10.1,2017JJ00
GM0513,7.7,2018JJ00
GM0513,6.9,2019JJ00
GM0513,9.1,2020JJ00
GM0513,9.4,2021JJ00
GM0513,7.1,2022JJ00
GM0513,6.5,2023JJ00
GM0518,16.2,2013JJ00
GM0518,17.8,2014JJ00
GM0518,18.7,2015JJ00
GM0518,15.9,2016JJ00
GM0518,13.1,2017JJ00
GM0518,11.0,2018JJ00
GM0518,10.0,2019JJ00
GM0518,11.2,2020JJ00
GM0518,10.2,2021JJ00
GM0518,8.1,2022JJ00
GM0518,8.0,2023JJ00
GM0014,18.5,2013JJ00
GM0014,23.4,2014JJ00
GM0014,22.7,2015JJ00
GM0014,20.5,2016JJ00
GM0014,19.8,2017JJ00
GM0014,15.6,2018JJ00
GM0014,15.0,2019JJ00
GM0014,15.6,2020JJ00
GM0014,13.5,2021JJ00
GM0014,9.3,2022JJ00
GM0014,10.2,2023JJ00
GM1729,10.8,2013JJ00
GM1729,11.1,2014JJ00
GM1729,9.3,2015JJ00
GM1729,9.3,2016JJ00
GM1729,6.5,2017JJ00
GM1729,5.5,2018JJ00
GM1729,5.7,2019JJ00
GM1729,6.5,2020JJ00
GM1729,5.4,2021JJ00
GM1729,4.7,2022JJ00
GM1729,4.4,2023JJ00
GM0158,9.4,2013JJ00
GM0158,10.2,2014JJ00
GM0158,8.6,2015JJ00
GM0158,10.2,2016JJ00
GM0158,7.5,2017JJ00
GM0158,6.3,2018JJ00
GM0158,5.8,2019JJ00
GM0158,6.9,2020JJ00
GM0158,4.7,2021JJ00
GM0158,3.9,2022JJ00
GM0158,5.1,2023JJ00
GM0392,16.3,2013JJ00
GM0392,17.1,2014JJ00
GM0392,13.3,2015JJ00
GM0392,11.2,2016JJ00
GM0392,9.3,2017JJ00
GM0392,8.9,2018JJ00
GM0392,7.7,2019JJ00
GM0392,9.4,2020JJ00
GM0392,7.8,2021JJ00
GM0392,6.2,2022JJ00
GM0392,6.7,2023JJ00
GM0394,11.8,2013JJ00
GM0394,11.5,2014JJ00
GM0394,11.6,2015JJ00
GM0394,10.2,2016JJ00
GM0394,7.9,2017JJ00
GM0394,6.3,2018JJ00
GM0394,5.8,2019JJ00
GM0394,7.8,2020JJ00
GM0394,8.2,2021JJ00
GM0394,5.3,2022JJ00
GM0394,5.2,2023JJ00
GM1655,10.3,2013JJ00
GM1655,11.4,2014JJ00
GM1655,9.5,2015JJ00
GM1655,9.4,2016JJ00
GM1655,9.7,2017JJ00
GM1655,6.1,2018JJ00
GM1655,5.5,2019JJ00
GM1655,7.0,2020JJ00
GM1655,5.3,2021JJ00
GM1655,4.4,2022JJ00
GM1655,5.1,2023JJ00
GM0160,8.7,2013JJ00
GM0160,9.4,2014JJ00
GM0160,9.7,2015JJ00
GM0160,9.9,2016JJ00
GM0160,8.9,2017JJ00
GM0160,5.9,2018JJ00
GM0160,4.4,2019JJ00
GM0160,5.7,2020JJ00
GM0160,3.9,2021JJ00
GM0160,3.3,2022JJ00
GM0160,3.7,2023JJ00
GM0243,11.9,2013JJ00
GM0243,11.0,2014JJ00
GM0243,8.8,2015JJ00
GM0243,9.5,2016JJ00
GM0243,9.4,2017JJ00
GM0243,6.6,2018JJ00
GM0243,6.7,2019JJ00
GM0243,7.3,2020JJ00
GM0243,6.9,2021JJ00
GM0243,5.4,2022JJ00
GM0243,4.6,2023JJ00
GM0523,8.4,2013JJ00
GM0523,9.3,2014JJ00
GM0523,8.5,2015JJ00
GM0523,8.6,2016JJ00
GM0523,8.0,2017JJ00
GM0523,6.2,2018JJ00
GM0523,4.9,2019JJ00
GM0523,6.7,2020JJ00
GM0523,5.1,2021JJ00
GM0523,4.5,2022JJ00
GM0523,4.3,2023JJ00
GM0072,11.6,2013JJ00
GM0072,12.8,2014JJ00
GM0072,14.3,2015JJ00
GM0072,11.9,2016JJ00
GM0072,8.8,2017JJ00
GM0072,8.6,2018JJ00
GM0072,7.1,2019JJ00
GM0072,6.5,2020JJ00
GM0072,6.0,2021JJ00
GM0072,5.1,2022JJ00
GM0072,5.2,2023JJ00
GM0244,9.3,2013JJ00
GM0244,11.1,2014JJ00
GM0244,9.8,2015JJ00
GM0244,9.4,2016JJ00
GM0244,8.4,2017JJ00
GM0244,7.6,2018JJ00
GM0244,6.0,2019JJ00
GM0244,7.7,2020JJ00
GM0244,5.4,2021JJ00
GM0244,4.3,2022JJ00
GM0244,4.6,2023JJ00
GM0396,8.5,2013JJ00
GM0396,11.1,2014JJ00
GM0396,10.8,2015JJ00
GM0396,10.8,2016JJ00
GM0396,7.3,2017JJ00
GM0396,7.4,2018JJ00
GM0396,6.3,2019JJ00
GM0396,8.9,2020JJ00
GM0396,7.1,2021JJ00
GM0396,5.4,2022JJ00
GM0396,5.3,2023JJ00
GM0397,12.6,2013JJ00
GM0397,15.1,2014JJ00
GM0397,12.5,2015JJ00
GM0397,11.3,2016JJ00
GM0397,9.1,2017JJ00
GM0397,8.8,2018JJ00
GM0397,9.5,2019JJ00
GM0397,9.7,2020JJ00
GM0397,8.1,2021JJ00
GM0397,7.0,2022JJ00
GM0397,6.7,2023JJ00
GM0246,8.1,2013JJ00
GM0246,9.6,2014JJ00
GM0246,8.9,2015JJ00
GM0246,8.2,2016JJ00
GM0246,6.1,2017JJ00
GM0246,4.9,2018JJ00
GM0246,4.8,2019JJ00
GM0246,5.5,2020JJ00
GM0246,4.2,2021JJ00
GM0246,4.0,2022JJ00
GM0246,4.0,2023JJ00
GM0074,14.9,2013JJ00
GM0074,13.4,2014JJ00
GM0074,12.8,2015JJ00
GM0074,9.9,2016JJ00
GM0074,8.3,2017JJ00
GM0074,7.5,2018JJ00
GM0074,6.9,2019JJ00
GM0074,7.0,2020JJ00
GM0074,5.5,2021JJ00
GM0074,5.0,2022JJ00
GM0074,5.2,2023JJ00
GM0917,14.1,2013JJ00
GM0917,13.9,2014JJ00
GM0917,12.0,2015JJ00
GM0917,10.9,2016JJ00
GM0917,10.1,2017JJ00
GM0917,7.7,2018JJ00
GM0917,6.4,2019JJ00
GM0917,7.0,2020JJ00
GM0917,5.8,2021JJ00
GM0917,6.9,2022JJ00
GM0917,5.0,2023JJ00
GM1658,9.2,2013JJ00
GM1658,10.2,2014JJ00
GM1658,10.6,2015JJ00
GM1658,8.4,2016JJ00
GM1658,6.6,2017JJ00
GM1658,6.2,2018JJ00
GM1658,5.8,2019JJ00
GM1658,5.8,2020JJ00
GM1658,5.1,2021JJ00
GM1658,4.2,2022JJ00
GM1658,4.3,2023JJ00
GM0399,12.4,2013JJ00
GM0399,12.2,2014JJ00
GM0399,10.2,2015JJ00
GM0399,9.2,2016JJ00
GM0399,9.0,2017JJ00
GM0399,7.1,2018JJ00
GM0399,7.2,2019JJ00
GM0399,6.9,2020JJ00
GM0399,5.4,2021JJ00
GM0399,4.9,2022JJ00
GM0399,4.9,2023JJ00
GM0400,10.8,2013JJ00
GM0400,11.3,2014JJ00
GM0400,11.6,2015JJ00
GM0400,10.7,2016JJ00
GM0400,10.0,2017JJ00
GM0400,6.5,2018JJ00
GM0400,5.6,2019JJ00
GM0400,6.3,2020JJ00
GM0400,5.0,2021JJ00
GM0400,5.6,2022JJ00
GM0400,5.4,2023JJ00
GM0163,10.9,2013JJ00
GM0163,12.1,2014JJ00
GM0163,11.5,2015JJ00
GM0163,10.5,2016JJ00
GM0163,7.4,2017JJ00
GM0163,5.1,2018JJ00
GM0163,4.7,2019JJ00
GM0163,5.0,2020JJ00
GM0163,4.5,2021JJ00
GM0163,3.6,2022JJ00
GM0163,3.8,2023JJ00
GM0794,13.8,2013JJ00
GM0794,14.2,2014JJ00
GM0794,10.9,2015JJ00
GM0794,11.0,2016JJ00
GM0794,8.9,2017JJ00
GM0794,6.8,2018JJ00
GM0794,6.7,2019JJ00
GM0794,7.5,2020JJ00
GM0794,6.2,2021JJ00
GM0794,5.3,2022JJ00
GM0794,5.4,2023JJ00
GM0531,10.4,2013JJ00
GM0531,10.9,2014JJ00
GM0531,9.6,2015JJ00
GM0531,8.1,2016JJ00
GM0531,6.9,2017JJ00
GM0531,6.0,2018JJ00
GM0531,5.8,2019JJ00
GM0531,7.3,2020JJ00
GM0531,6.0,2021JJ00
GM0531,5.5,2022JJ00
GM0531,5.4,2023JJ00
GM0164,15.0,2013JJ00
GM0164,14.9,2014JJ00
GM0164,15.2,2015JJ00
GM0164,11.5,2016JJ00
GM0164,10.7,2017JJ00
GM0164,8.6,2018JJ00
GM0164,8.0,2019JJ00
GM0164,10.4,2020JJ00
GM0164,6.6,2021JJ00
GM0164,6.5,2022JJ00
GM0164,6.4,2023JJ00
GM0796,12.8,2013JJ00
GM0796,13.5,2014JJ00
GM0796,16.5,2015JJ00
GM0796,12.0,2016JJ00
GM0796,10.3,2017JJ00
GM0796,6.8,2018JJ00
GM0796,7.5,2019JJ00
GM0796,8.4,2020JJ00
GM0796,7.0,2021JJ00
GM0796,6.1,2022JJ00
GM0796,5.7,2023JJ00
GM0252,13.8,2013JJ00
GM0252,13.6,2014JJ00
GM0252,12.5,2015JJ00
GM0252,9.3,2016JJ00
GM0252,8.6,2017JJ00
GM0252,6.6,2018JJ00
GM0252,6.4,2019JJ00
GM0252,7.4,2020JJ00
GM0252,6.1,2021JJ00
GM0252,5.2,2022JJ00
GM0252,5.6,2023JJ00
GM0797,9.9,2013JJ00
GM0797,10.6,2014JJ00
GM0797,10.2,2015JJ00
GM0797,8.1,2016JJ00
GM0797,9.1,2017JJ00
GM0797,5.8,2018JJ00
GM0797,5.7,2019JJ00
GM0797,6.1,2020JJ00
GM0797,5.2,2021JJ00
GM0797,4.7,2022JJ00
GM0797,4.1,2023JJ00
GM0534,9.1,2013JJ00
GM0534,10.4,2014JJ00
GM0534,10.9,2015JJ00
GM0534,9.1,2016JJ00
GM0534,7.4,2017JJ00
GM0534,6.6,2018JJ00
GM0534,6.4,2019JJ00
GM0534,7.0,2020JJ00
GM0534,5.2,2021JJ00
GM0534,4.3,2022JJ00
GM0534,4.6,2023JJ00
GM0798,8.8,2013JJ00
GM0798,8.7,2014JJ00
GM0798,9.3,2015JJ00
GM0798,8.7,2016JJ00
GM0798,6.5,2017JJ00
GM0798,5.6,2018JJ00
GM0798,5.9,2019JJ00
GM0798,5.6,2020JJ00
GM0798,4.7,2021JJ00
GM0798,4.2,2022JJ00
GM0798,4.5,2023JJ00
GM0402,11.2,2013JJ00
GM0402,15.5,2014JJ00
GM0402,13.2,2015JJ00
GM0402,11.2,2016JJ00
GM0402,8.8,2017JJ00
GM0402,9.9,2018JJ00
GM0402,7.9,2019JJ00
GM0402,9.7,2020JJ00
GM0402,7.6,2021JJ00
GM0402,7.0,2022JJ00
GM0402,5.8,2023JJ00
GM1963,9.3,2013JJ00
GM1963,9.5,2014JJ00
GM1963,9.5,2015JJ00
GM1963,8.8,2016JJ00
GM1963,7.4,2017JJ00
GM1963,6.1,2018JJ00
GM1963,6.2,2019JJ00
GM1963,5.4,2020JJ00
GM1963,6.5,2021JJ00
GM1963,4.2,2022JJ00
GM1963,3.7,2023JJ00
GM1735,11.0,2013JJ00
GM1735,8.2,2014JJ00
GM1735,8.6,2015JJ00
GM1735,8.9,2016JJ00
GM1735,6.5,2017JJ00
GM1735,5.7,2018JJ00
GM1735,6.0,2019JJ00
GM1735,6.1,2020JJ00
GM1735,4.5,2021JJ00
GM1735,3.8,2022JJ00
GM1735,4.9,2023JJ00
GM1966,10.0,2013JJ00
GM1966,10.9,2014JJ00
GM1966,11.3,2015JJ00
GM1966,9.4,2016JJ00
GM1966,8.4,2017JJ00
GM1966,6.8,2018JJ00
GM1966,9.0,2019JJ00
GM1966,7.0,2020JJ00
GM1966,5.1,2021JJ00
GM1966,5.1,2022JJ00
GM1966,4.8,2023JJ00
GM1911,9.4,2013JJ00
GM1911,11.0,2014JJ00
GM1911,9.7,2015JJ00
GM1911,9.0,2016JJ00
GM1911,5.7,2017JJ00
GM1911,5.2,2018JJ00
GM1911,5.3,2019JJ00
GM1911,6.3,2020JJ00
GM1911,4.6,2021JJ00
GM1911,4.0,2022JJ00
GM1911,3.9,2023JJ00
GM0118,11.3,2013JJ00
GM0118,12.9,2014JJ00
GM0118,9.7,2015JJ00
GM0118,10.9,2016JJ00
GM0118,7.8,2017JJ00
GM0118,5.9,2018JJ00
GM0118,5.1,2019JJ00
GM0118,6.5,2020JJ00
GM0118,5.1,2021JJ00
GM0118,4.6,2022JJ00
GM0118,4.2,2023JJ00
GM0405,11.5,2013JJ00
GM0405,14.4,2014JJ00
GM0405,12.6,2015JJ00
GM0405,10.2,2016JJ00
GM0405,11.0,2017JJ00
GM0405,7.9,2018JJ00
GM0405,6.8,2019JJ00
GM0405,7.1,2020JJ00
GM0405,6.5,2021JJ00
GM0405,4.9,2022JJ00
GM0405,5.1,2023JJ00
GM1507,8.9,2013JJ00
GM1507,10.1,2014JJ00
GM1507,9.0,2015JJ00
GM1507,8.0,2016JJ00
GM1507,6.9,2017JJ00
GM1507,4.7,2018JJ00
GM1507,4.6,2019JJ00
GM1507,5.5,2020JJ00
GM1507,4.9,2021JJ00
GM1507,4.5,2022JJ00
GM1507,4.1,2023JJ00
GM0321,10.2,2013JJ00
GM0321,11.5,2014JJ00
GM0321,11.2,2015JJ00
GM0321,10.7,2016JJ00
GM0321,8.4,2017JJ00
GM0321,6.9,2018JJ00
GM0321,7.8,2019JJ00
GM0321,8.5,2020JJ00
GM0321,7.5,2021JJ00
GM0321,5.7,2022JJ00
GM0321,5.5,2023JJ00
GM0406,13.9,2013JJ00
GM0406,11.9,2014JJ00
GM0406,11.5,2015JJ00
GM0406,10.8,2016JJ00
GM0406,8.9,2017JJ00
GM0406,8.6,2018JJ00
GM0406,6.5,2019JJ00
GM0406,6.7,2020JJ00
GM0406,6.7,2021JJ00
GM0406,5.0,2022JJ00
GM0406,5.2,2023JJ00
GM0677,8.8,2013JJ00
GM0677,10.2,2014JJ00
GM0677,8.4,2015JJ00
GM0677,7.4,2016JJ00
GM0677,5.5,2017JJ00
GM0677,5.5,2018JJ00
GM0677,5.0,2019JJ00
GM0677,5.0,2020JJ00
GM0677,4.2,2021JJ00
GM0677,3.2,2022JJ00
GM0677,3.9,2023JJ00
GM0353,10.7,2013JJ00
GM0353,11.5,2014JJ00
GM0353,12.3,2015JJ00
GM0353,9.5,2016JJ00
GM0353,8.5,2017JJ00
GM0353,7.7,2018JJ00
GM0353,5.5,2019JJ00
GM0353,7.2,2020JJ00
GM0353,6.2,2021JJ00
GM0353,5.9,2022JJ00
GM0353,5.6,2023JJ00
GM1884,7.8,2013JJ00
GM1884,9.0,2014JJ00
GM1884,8.6,2015JJ00
GM1884,8.3,2016JJ00
GM1884,7.4,2017JJ00
GM1884,5.5,2018JJ00
GM1884,4.8,2019JJ00
GM1884,5.5,2020JJ00
GM1884,4.3,2021JJ00
GM1884,3.7,2022JJ00
GM1884,4.2,2023JJ00
GM0166,10.3,2013JJ00
GM0166,11.0,2014JJ00
GM0166,11.3,2015JJ00
GM0166,9.7,2016JJ00
GM0166,8.7,2017JJ00
GM0166,5.7,2018JJ00
GM0166,4.8,2019JJ00
GM0166,6.0,2020JJ00
GM0166,5.6,2021JJ00
GM0166,4.0,2022JJ00
GM0166,4.5,2023JJ00
GM0678,9.6,2013JJ00
GM0678,10.7,2014JJ00
GM0678,9.1,2015JJ00
GM0678,9.0,2016JJ00
GM0678,7.0,2017JJ00
GM0678,5.7,2018JJ00
GM0678,5.3,2019JJ00
GM0678,7.1,2020JJ00
GM0678,4.5,2021JJ00
GM0678,4.0,2022JJ00
GM0678,3.7,2023JJ00
GM0537,8.2,2013JJ00
GM0537,8.7,2014JJ00
GM0537,7.4,2015JJ00
GM0537,7.7,2016JJ00
GM0537,5.8,2017JJ00
GM0537,5.7,2018JJ00
GM0537,4.1,2019JJ00
GM0537,5.5,2020JJ00
GM0537,4.7,2021JJ00
GM0537,4.0,2022JJ00
GM0537,3.9,2023JJ00
GM0928,13.8,2013JJ00
GM0928,12.3,2014JJ00
GM0928,8.8,2015JJ00
GM0928,10.6,2016JJ00
GM0928,8.8,2017JJ00
GM0928,7.2,2018JJ00
GM0928,5.6,2019JJ00
GM0928,6.9,2020JJ00
GM0928,6.5,2021JJ00
GM0928,5.7,2022JJ00
GM0928,4.9,2023JJ00
GM1598,8.9,2013JJ00
GM1598,9.4,2014JJ00
GM1598,9.5,2015JJ00
GM1598,8.2,2016JJ00
GM1598,6.8,2017JJ00
GM1598,6.0,2018JJ00
GM1598,5.5,2019JJ00
GM1598,5.4,2020JJ00
GM1598,5.4,2021JJ00
GM1598,4.4,2022JJ00
GM1598,3.6,2023JJ00
GM0542,11.8,2013JJ00
GM0542,12.5,2014JJ00
GM0542,9.3,2015JJ00
GM0542,10.6,2016JJ00
GM0542,8.3,2017JJ00
GM0542,6.8,2018JJ00
GM0542,6.1,2019JJ00
GM0542,6.5,2020JJ00
GM0542,6.4,2021JJ00
GM0542,6.1,2022JJ00
GM0542,5.9,2023JJ00
GM1931,10.0,2013JJ00
GM1931,10.5,2014JJ00
GM1931,9.1,2015JJ00
GM1931,9.2,2016JJ00
GM1931,7.6,2017JJ00
GM1931,6.4,2018JJ00
GM1931,5.6,2019JJ00
GM1931,6.8,2020JJ00
GM1931,5.7,2021JJ00
GM1931,4.7,2022JJ00
GM1931,5.1,2023JJ00
GM1659,8.0,2013JJ00
GM1659,8.0,2014JJ00
GM1659,8.9,2015JJ00
GM1659,8.9,2016JJ00
GM1659,6.4,2017JJ00
GM1659,4.4,2018JJ00
GM1659,5.6,2019JJ00
GM1659,6.8,2020JJ00
GM1659,5.3,2021JJ00
GM1659,4.2,2022JJ00
GM1659,3.9,2023JJ00
GM1982,10.0,2013JJ00
GM1982,10.2,2014JJ00
GM1982,10.2,2015JJ00
GM1982,9.2,2016JJ00
GM1982,7.4,2017JJ00
GM1982,5.5,2018JJ00
GM1982,5.5,2019JJ00
GM1982,6.2,2020JJ00
GM1982,5.4,2021JJ00
GM1982,4.6,2022JJ00
GM1982,4.5,2023JJ00
GM0882,10.6,2013JJ00
GM0882,11.5,2014JJ00
GM0882,11.5,2015JJ00
GM0882,8.8,2016JJ00
GM0882,9.0,2017JJ00
GM0882,7.0,2018JJ00
GM0882,5.6,2019JJ00
GM0882,7.6,2020JJ00
GM0882,5.8,2021JJ00
GM0882,4.6,2022JJ00
GM0882,4.5,2023JJ00
GM0415,11.2,2013JJ00
GM0415,11.2,2014JJ00
GM0415,11.1,2015JJ00
GM0415,9.6,2016JJ00
GM0415,10.3,2017JJ00
GM0415,7.7,2018JJ00
GM0415,7.4,2019JJ00
GM0415,7.0,2020JJ00
GM0415,6.7,2021JJ00
GM0415,5.0,2022JJ00
GM0415,4.4,2023JJ00
GM1621,11.1,2013JJ00
GM1621,11.5,2014JJ00
GM1621,11.8,2015JJ00
GM1621,10.2,2016JJ00
GM1621,7.7,2017JJ00
GM1621,7.5,2018JJ00
GM1621,6.8,2019JJ00
GM1621,6.8,2020JJ00
GM1621,7.0,2021JJ00
GM1621,5.3,2022JJ00
GM1621,5.5,2023JJ00
GM0417,12.9,2013JJ00
GM0417,12.2,2014JJ00
GM0417,10.7,2015JJ00
GM0417,10.2,2016JJ00
GM0417,10.1,2017JJ00
GM0417,9.2,2018JJ00
GM0417,6.2,2019JJ00
GM0417,7.3,2020JJ00
GM0417,6.7,2021JJ00
GM0417,5.1,2022JJ00
GM0417,4.6,2023JJ00
GM0080,19.4,2013JJ00
GM0080,18.0,2014JJ00
GM0080,18.0,2015JJ00
GM0080,15.0,2016JJ00
GM0080,14.8,2017JJ00
GM0080,14.1,2018JJ00
GM0080,10.0,2019JJ00
GM0080,9.4,2020JJ00
GM0080,8.4,2021JJ00
GM0080,8.0,2022JJ00
GM0080,8.0,2023JJ00
GM0546,18.8,2013JJ00
GM0546,19.4,2014JJ00
GM0546,14.5,2015JJ00
GM0546,15.2,2016JJ00
GM0546,14.0,2017JJ00
GM0546,12.6,2018JJ00
GM0546,10.7,2019JJ00
GM0546,12.9,2020JJ00
GM0546,10.5,2021JJ00
GM0546,9.1,2022JJ00
GM0546,7.4,2023JJ00
GM0547,11.2,2013JJ00
GM0547,15.1,2014JJ00
GM0547,17.1,2015JJ00
GM0547,12.5,2016JJ00
GM0547,8.3,2017JJ00
GM0547,7.9,2018JJ00
GM0547,7.7,2019JJ00
GM0547,8.3,2020JJ00
GM0547,6.9,2021JJ00
GM0547,5.1,2022JJ00
GM0547,5.7,2023JJ00
GM1916,15.5,2013JJ00
GM1916,17.6,2014JJ00
GM1916,16.5,2015JJ00
GM1916,12.9,2016JJ00
GM1916,12.9,2017JJ00
GM1916,9.7,2018JJ00
GM1916,9.3,2019JJ00
GM1916,10.4,2020JJ00
GM1916,7.5,2021JJ00
GM1916,7.5,2022JJ00
GM1916,6.5,2023JJ00
GM0995,16.3,2013JJ00
GM0995,16.8,2014JJ00
GM0995,12.1,2015JJ00
GM0995,13.3,2016JJ00
GM0995,12.2,2017JJ00
GM0995,9.1,2018JJ00
GM0995,7.7,2019JJ00
GM0995,8.2,2020JJ00
GM0995,7.4,2021JJ00
GM0995,6.5,2022JJ00
GM0995,6.2,2023JJ00
GM1640,8.2,2013JJ00
GM1640,8.9,2014JJ00
GM1640,9.2,2015JJ00
GM1640,7.5,2016JJ00
GM1640,6.3,2017JJ00
GM1640,5.8,2018JJ00
GM1640,5.4,2019JJ00
GM1640,5.0,2020JJ00
GM1640,4.5,2021JJ00
GM1640,4.6,2022JJ00
GM1640,4.5,2023JJ00
GM0327,10.9,2013JJ00
GM0327,11.3,2014JJ00
GM0327,12.1,2015JJ00
GM0327,11.4,2016JJ00
GM0327,9.7,2017JJ00
GM0327,8.8,2018JJ00
GM0327,6.6,2019JJ00
GM0327,8.0,2020JJ00
GM0327,5.5,2021JJ00
GM0327,4.8,2022JJ00
GM0327,4.9,2023JJ00
GM1705,11.0,2013JJ00
GM1705,10.3,2014JJ00
GM1705,10.1,2015JJ00
GM1705,10.3,2016JJ00
GM1705,7.1,2017JJ00
GM1705,7.1,2018JJ00
GM1705,5.9,2019JJ00
GM1705,5.8,2020JJ00
GM1705,5.7,2021JJ00
GM1705,4.6,2022JJ00
GM1705,4.8,2023JJ00
GM0553,9.6,2013JJ00
GM0553,10.2,2014JJ00
GM0553,9.1,2015JJ00
GM0553,7.5,2016JJ00
GM0553,6.9,2017JJ00
GM0553,5.9,2018JJ00
GM0553,5.8,2019JJ00
GM0553,6.4,2020JJ00
GM0553,5.1,2021JJ00
GM0553,4.3,2022JJ00
GM0553,4.4,2023JJ00
GM0262,10.6,2013JJ00
GM0262,11.2,2014JJ00
GM0262,11.1,2015JJ00
GM0262,8.8,2016JJ00
GM0262,9.2,2017JJ00
GM0262,7.6,2018JJ00
GM0262,5.7,2019JJ00
GM0262,6.4,2020JJ00
GM0262,5.2,2021JJ00
GM0262,4.2,2022JJ00
GM0262,4.2,2023JJ00
GM0809,10.7,2013JJ00
GM0809,8.8,2014JJ00
GM0809,10.3,2015JJ00
GM0809,9.4,2016JJ00
GM0809,6.6,2017JJ00
GM0809,5.8,2018JJ00
GM0809,5.5,2019JJ00
GM0809,7.6,2020JJ00
GM0809,5.7,2021JJ00
GM0809,4.4,2022JJ00
GM0809,4.4,2023JJ00
GM0331,8.7,2013JJ00
GM0331,8.6,2014JJ00
GM0331,7.0,2015JJ00
GM0331,6.6,2016JJ00
GM0331,5.5,2017JJ00
GM0331,5.7,2018JJ00
GM0331,5.3,2019JJ00
GM0331,7.5,2020JJ00
GM0331,5.6,2021JJ00
GM0331,4.2,2022JJ00
GM0331,4.3,2023JJ00
GM0168,11.2,2013JJ00
GM0168,10.3,2014JJ00
GM0168,10.3,2015JJ00
GM0168,9.9,2016JJ00
GM0168,7.5,2017JJ00
GM0168,6.1,2018JJ00
GM0168,5.5,2019JJ00
GM0168,6.7,2020JJ00
GM0168,5.0,2021JJ00
GM0168,4.2,2022JJ00
GM0168,5.1,2023JJ00
GM0263,9.6,2013JJ00
GM0263,8.4,2014JJ00
GM0263,7.7,2015JJ00
GM0263,7.5,2016JJ00
GM0263,6.4,2017JJ00
GM0263,6.5,2018JJ00
GM0263,6.1,2019JJ00
GM0263,5.3,2020JJ00
GM0263,4.7,2021JJ00
GM0263,3.8,2022JJ00
GM0263,3.8,2023JJ00
GM1641,10.7,2013JJ00
GM1641,10.3,2014JJ00
GM1641,8.7,2015JJ00
GM1641,9.3,2016JJ00
GM1641,7.2,2017JJ00
GM1641,6.1,2018JJ00
GM1641,5.9,2019JJ00
GM1641,6.4,2020JJ00
GM1641,5.2,2021JJ00
GM1641,4.5,2022JJ00
GM1641,4.3,2023JJ00
GM1991,10.3,2013JJ00
GM1991,11.1,2014JJ00
GM1991,10.2,2015JJ00
GM1991,8.7,2016JJ00
GM1991,7.6,2017JJ00
GM1991,5.3,2018JJ00
GM1991,4.8,2019JJ00
GM1991,6.3,2020JJ00
GM1991,5.6,2021JJ00
GM1991,5.1,2022JJ00
GM1991,5.0,2023JJ00
GM0556,11.5,2013JJ00
GM0556,13.4,2014JJ00
GM0556,12.0,2015JJ00
GM0556,9.6,2016JJ00
GM0556,9.3,2017JJ00
GM0556,7.2,2018JJ00
GM0556,6.1,2019JJ00
GM0556,6.9,2020JJ00
GM0556,6.9,2021JJ00
GM0556,6.4,2022JJ00
GM0556,6.8,2023JJ00
GM0935,13.7,2013JJ00
GM0935,16.4,2014JJ00
GM0935,13.5,2015JJ00
GM0935,14.7,2016JJ00
GM0935,11.7,2017JJ00
GM0935,8.5,2018JJ00
GM0935,7.3,2019JJ00
GM0935,10.5,2020JJ00
GM0935,8.3,2021JJ00
GM0935,7.6,2022JJ00
GM0935,6.5,2023JJ00
GM0420,8.7,2013JJ00
GM0420,9.3,2014JJ00
GM0420,8.6,2015JJ00
GM0420,7.2,2016JJ00
GM0420,6.5,2017JJ00
GM0420,6.4,2018JJ00
GM0420,5.2,2019JJ00
GM0420,5.4,2020JJ00
GM0420,4.7,2021JJ00
GM0420,4.6,2022JJ00
GM0420,4.0,2023JJ00
GM0938,11.9,2013JJ00
GM0938,11.7,2014JJ00
GM0938,9.6,2015JJ00
GM0938,9.9,2016JJ00
GM0938,9.8,2017JJ00
GM0938,6.9,2018JJ00
GM0938,6.4,2019JJ00
GM0938,7.6,2020JJ00
GM0938,5.6,2021JJ00
GM0938,5.4,2022JJ00
GM0938,4.4,2023JJ00
GM1948,8.8,2013JJ00
GM1948,9.7,2014JJ00
GM1948,9.7,2015JJ00
GM1948,7.9,2016JJ00
GM1948,5.9,2017JJ00
GM1948,4.7,2018JJ00
GM1948,4.6,2019JJ00
GM1948,5.9,2020JJ00
GM1948,4.5,2021JJ00
GM1948,4.2,2022JJ00
GM1948,4.1,2023JJ00
GM0119,11.3,2013JJ00
GM0119,14.9,2014JJ00
GM0119,12.4,2015JJ00
GM0119,11.0,2016JJ00
GM0119,8.7,2017JJ00
GM0119,8.5,2018JJ00
GM0119,6.5,2019JJ00
GM0119,6.8,2020JJ00
GM0119,6.0,2021JJ00
GM0119,6.3,2022JJ00
GM0119,5.8,2023JJ00
GM0687,9.9,2013JJ00
GM0687,11.2,2014JJ00
GM0687,11.5,2015JJ00
GM0687,10.1,2016JJ00
GM0687,7.1,2017JJ00
GM0687,5.5,2018JJ00
GM0687,5.1,2019JJ00
GM0687,8.6,2020JJ00
GM0687,6.6,2021JJ00
GM0687,4.4,2022JJ00
GM0687,5.4,2023JJ00
GM1842,8.9,2013JJ00
GM1842,9.7,2014JJ00
GM1842,8.7,2015JJ00
GM1842,7.7,2016JJ00
GM1842,7.7,2017JJ00
GM1842,6.8,2018JJ00
GM1842,6.1,2019JJ00
GM1842,6.6,2020JJ00
GM1842,5.7,2021JJ00
GM1842,4.2,2022JJ00
GM1842,4.4,2023JJ00
GM1731,10.0,2013JJ00
GM1731,10.1,2014JJ00
GM1731,10.9,2015JJ00
GM1731,10.9,2016JJ00
GM1731,8.5,2017JJ00
GM1731,6.7,2018JJ00
GM1731,5.8,2019JJ00
GM1731,6.7,2020JJ00
GM1731,5.1,2021JJ00
GM1731,4.8,2022JJ00
GM1731,4.8,2023JJ00
GM1952,10.9,2013JJ00
GM1952,12.2,2014JJ00
GM1952,11.7,2015JJ00
GM1952,10.8,2016JJ00
GM1952,9.2,2017JJ00
GM1952,7.7,2018JJ00
GM1952,9.1,2019JJ00
GM1952,10.3,2020JJ00
GM1952,8.1,2021JJ00
GM1952,5.1,2022JJ00
GM1952,5.2,2023JJ00
GM1709,9.5,2013JJ00
GM1709,9.4,2014JJ00
GM1709,10.2,2015JJ00
GM1709,9.4,2016JJ00
GM1709,8.7,2017JJ00
GM1709,6.3,2018JJ00
GM1709,5.5,2019JJ00
GM1709,6.7,2020JJ00
GM1709,5.1,2021JJ00
GM1709,4.0,2022JJ00
GM1709,4.3,2023JJ00
GM1978,8.5,2013JJ00
GM1978,8.9,2014JJ00
GM1978,7.8,2015JJ00
GM1978,7.4,2016JJ00
GM1978,6.9,2017JJ00
GM1978,6.7,2018JJ00
GM1978,4.9,2019JJ00
GM1978,5.2,2020JJ00
GM1978,5.5,2021JJ00
GM1978,5.3,2022JJ00
GM1978,4.7,2023JJ00
GM1955,10.2,2013JJ00
GM1955,9.6,2014JJ00
GM1955,8.8,2015JJ00
GM1955,7.9,2016JJ00
GM1955,7.7,2017JJ00
GM1955,6.1,2018JJ00
GM1955,5.0,2019JJ00
GM1955,5.2,2020JJ00
GM1955,4.5,2021JJ00
GM1955,3.9,2022JJ00
GM1955,4.1,2023JJ00
GM0335,9.7,2013JJ00
GM0335,9.5,2014JJ00
GM0335,8.1,2015JJ00
GM0335,8.9,2016JJ00
GM0335,7.0,2017JJ00
GM0335,6.0,2018JJ00
GM0335,5.7,2019JJ00
GM0335,5.8,2020JJ00
GM0335,5.5,2021JJ00
GM0335,4.4,2022JJ00
GM0335,4.1,2023JJ00
GM0944,12.4,2013JJ00
GM0944,11.0,2014JJ00
GM0944,9.6,2015JJ00
GM0944,10.6,2016JJ00
GM0944,8.4,2017JJ00
GM0944,6.7,2018JJ00
GM0944,6.8,2019JJ00
GM0944,6.7,2020JJ00
GM0944,5.5,2021JJ00
GM0944,4.7,2022JJ00
GM0944,4.1,2023JJ00
GM1740,8.6,2013JJ00
GM1740,9.7,2014JJ00
GM1740,8.0,2015JJ00
GM1740,7.9,2016JJ00
GM1740,6.2,2017JJ00
GM1740,5.6,2018JJ00
GM1740,6.1,2019JJ00
GM1740,5.5,2020JJ00
GM1740,4.8,2021JJ00
GM1740,4.4,2022JJ00
GM1740,4.1,2023JJ00
GM0946,10.1,2013JJ00
GM0946,10.1,2014JJ00
GM0946,9.2,2015JJ00
GM0946,8.7,2016JJ00
GM0946,7.3,2017JJ00
GM0946,5.9,2018JJ00
GM0946,5.2,2019JJ00
GM0946,5.6,2020JJ00
GM0946,4.8,2021JJ00
GM0946,4.9,2022JJ00
GM0946,4.0,2023JJ00
GM0356,10.5,2013JJ00
GM0356,10.4,2014JJ00
GM0356,10.4,2015JJ00
GM0356,8.7,2016JJ00
GM0356,7.8,2017JJ00
GM0356,6.5,2018JJ00
GM0356,7.1,2019JJ00
GM0356,7.4,2020JJ00
GM0356,8.0,2021JJ00
GM0356,6.9,2022JJ00
GM0356,6.4,2023JJ00
GM0569,8.9,2013JJ00
GM0569,9.6,2014JJ00
GM0569,8.7,2015JJ00
GM0569,8.8,2016JJ00
GM0569,7.3,2017JJ00
GM0569,5.4,2018JJ00
GM0569,5.1,2019JJ00
GM0569,5.2,2020JJ00
GM0569,5.9,2021JJ00
GM0569,5.5,2022JJ00
GM0569,3.9,2023JJ00
GM0267,9.1,2013JJ00
GM0267,10.5,2014JJ00
GM0267,9.9,2015JJ00
GM0267,8.5,2016JJ00
GM0267,6.7,2017JJ00
GM0267,5.3,2018JJ00
GM0267,5.2,2019JJ00
GM0267,6.1,2020JJ00
GM0267,5.5,2021JJ00
GM0267,5.1,2022JJ00
GM0267,4.8,2023JJ00
GM0268,19.1,2013JJ00
GM0268,19.7,2014JJ00
GM0268,20.5,2015JJ00
GM0268,14.8,2016JJ00
GM0268,11.7,2017JJ00
GM0268,12.7,2018JJ00
GM0268,11.9,2019JJ00
GM0268,11.5,2020JJ00
GM0268,12.2,2021JJ00
GM0268,8.9,2022JJ00
GM0268,9.2,2023JJ00
GM1930,12.4,2013JJ00
GM1930,12.7,2014JJ00
GM1930,15.6,2015JJ00
GM1930,11.5,2016JJ00
GM1930,9.5,2017JJ00
GM1930,7.1,2018JJ00
GM1930,6.7,2019JJ00
GM1930,8.5,2020JJ00
GM1930,7.1,2021JJ00
GM1930,4.8,2022JJ00
GM1930,5.4,2023JJ00
GM1970,11.2,2013JJ00
GM1970,11.1,2014JJ00
GM1970,10.5,2015JJ00
GM1970,9.5,2016JJ00
GM1970,8.1,2017JJ00
GM1970,7.0,2018JJ00
GM1970,5.6,2019JJ00
GM1970,5.2,2020JJ00
GM1970,4.9,2021JJ00
GM1970,5.2,2022JJ00
GM1970,5.2,2023JJ00
GM1695,10.0,2013JJ00
GM1695,11.7,2014JJ00
GM1695,9.7,2015JJ00
GM1695,8.0,2016JJ00
GM1695,6.7,2017JJ00
GM1695,6.2,2018JJ00
GM1695,5.0,2019JJ00
GM1695,5.7,2020JJ00
GM1695,4.8,2021JJ00
GM1695,4.0,2022JJ00
GM1695,3.9,2023JJ00
GM1699,13.6,2013JJ00
GM1699,14.6,2014JJ00
GM1699,11.1,2015JJ00
GM1699,10.9,2016JJ00
GM1699,9.5,2017JJ00
GM1699,7.0,2018JJ00
GM1699,6.4,2019JJ00
GM1699,7.2,2020JJ00
GM1699,5.6,2021JJ00
GM1699,5.4,2022JJ00
GM1699,5.1,2023JJ00
GM0171,11.4,2013JJ00
GM0171,14.1,2014JJ00
GM0171,12.4,2015JJ00
GM0171,11.4,2016JJ00
GM0171,7.7,2017JJ00
GM0171,6.5,2018JJ00
GM0171,5.6,2019JJ00
GM0171,5.9,2020JJ00
GM0171,5.5,2021JJ00
GM0171,5.2,2022JJ00
GM0171,4.8,2023JJ00
GM0575,9.6,2013JJ00
GM0575,10.0,2014JJ00
GM0575,8.8,2015JJ00
GM0575,10.2,2016JJ00
GM0575,7.6,2017JJ00
GM0575,5.3,2018JJ00
GM0575,5.6,2019JJ00
GM0575,6.8,2020JJ00
GM0575,5.7,2021JJ00
GM0575,5.3,2022JJ00
GM0575,5.0,2023JJ00
GM0820,12.2,2013JJ00
GM0820,12.4,2014JJ00
GM0820,11.0,2015JJ00
GM0820,9.7,2016JJ00
GM0820,9.4,2017JJ00
GM0820,6.8,2018JJ00
GM0820,7.4,2019JJ00
GM0820,8.6,2020JJ00
GM0820,6.1,2021JJ00
GM0820,5.4,2022JJ00
GM0820,5.6,2023JJ00
GM0302,9.2,2013JJ00
GM0302,9.0,2014JJ00
GM0302,9.4,2015JJ00
GM0302,7.3,2016JJ00
GM0302,5.5,2017JJ00
GM0302,5.1,2018JJ00
GM0302,4.7,2019JJ00
GM0302,5.5,2020JJ00
GM0302,5.1,2021JJ00
GM0302,3.9,2022JJ00
GM0302,4.7,2023JJ00
GM0579,12.7,2013JJ00
GM0579,13.1,2014JJ00
GM0579,11.6,2015JJ00
GM0579,11.9,2016JJ00
GM0579,9.0,2017JJ00
GM0579,8.2,2018JJ00
GM0579,8.8,2019JJ00
GM0579,10.8,2020JJ00
GM0579,8.9,2021JJ00
GM0579,6.8,2022JJ00
GM0579,5.9,2023JJ00
GM0823,9.9,2013JJ00
GM0823,10.8,2014JJ00
GM0823,9.4,2015JJ00
GM0823,9.1,2016JJ00
GM0823,6.9,2017JJ00
GM0823,5.7,2018JJ00
GM0823,6.1,2019JJ00
GM0823,6.5,2020JJ00
GM0823,5.4,2021JJ00
GM0823,3.8,2022JJ00
GM0823,4.2,2023JJ00
GM0824,10.6,2013JJ00
GM0824,10.9,2014JJ00
GM0824,9.9,2015JJ00
GM0824,8.8,2016JJ00
GM0824,7.1,2017JJ00
GM0824,5.8,2018JJ00
GM0824,6.1,2019JJ00
GM0824,6.8,2020JJ00
GM0824,6.2,2021JJ00
GM0824,4.1,2022JJ00
GM0824,4.2,2023JJ00
GM1895,11.0,2013JJ00
GM1895,11.1,2014JJ00
GM1895,10.9,2015JJ00
GM1895,11.1,2016JJ00
GM1895,10.8,2017JJ00
GM1895,10.0,2018JJ00
GM1895,6.5,2019JJ00
GM1895,6.3,2020JJ00
GM1895,6.6,2021JJ00
GM1895,4.1,2022JJ00
GM1895,5.2,2023JJ00
GM0269,9.8,2013JJ00
GM0269,9.6,2014JJ00
GM0269,8.0,2015JJ00
GM0269,7.7,2016JJ00
GM0269,5.4,2017JJ00
GM0269,5.0,2018JJ00
GM0269,5.4,2019JJ00
GM0269,4.7,2020JJ00
GM0269,4.1,2021JJ00
GM0269,4.3,2022JJ00
GM0269,3.7,2023JJ00
GM0173,9.9,2013JJ00
GM0173,13.9,2014JJ00
GM0173,11.4,2015JJ00
GM0173,10.5,2016JJ00
GM0173,8.5,2017JJ00
GM0173,6.3,2018JJ00
GM0173,7.2,2019JJ00
GM0173,7.7,2020JJ00
GM0173,5.6,2021JJ00
GM0173,5.0,2022JJ00
GM0173,5.9,2023JJ00
GM1773,11.8,2013JJ00
GM1773,11.7,2014JJ00
GM1773,11.1,2015JJ00
GM1773,8.4,2016JJ00
GM1773,6.8,2017JJ00
GM1773,6.3,2018JJ00
GM1773,5.9,2019JJ00
GM1773,6.1,2020JJ00
GM1773,5.6,2021JJ00
GM1773,4.2,2022JJ00
GM1773,4.4,2023JJ00
GM0175,10.2,2013JJ00
GM0175,10.1,2014JJ00
GM0175,9.9,2015JJ00
GM0175,8.5,2016JJ00
GM0175,7.1,2017JJ00
GM0175,5.8,2018JJ00
GM0175,4.7,2019JJ00
GM0175,6.5,2020JJ00
GM0175,4.6,2021JJ00
GM0175,3.9,2022JJ00
GM0175,5.0,2023JJ00
GM1586,9.1,2013JJ00
GM1586,9.9,2014JJ00
GM1586,10.4,2015JJ00
GM1586,8.0,2016JJ00
GM1586,6.1,2017JJ00
GM1586,4.8,2018JJ00
GM1586,5.0,2019JJ00
GM1586,5.7,2020JJ00
GM1586,4.0,2021JJ00
GM1586,4.2,2022JJ00
GM1586,4.5,2023JJ00
GM0826,11.2,2013JJ00
GM0826,11.3,2014JJ00
GM0826,12.5,2015JJ00
GM0826,11.7,2016JJ00
GM0826,9.5,2017JJ00
GM0826,6.0,2018JJ00
GM0826,6.7,2019JJ00
GM0826,7.3,2020JJ00
GM0826,7.5,2021JJ00
GM0826,5.8,2022JJ00
GM0826,5.2,2023JJ00
GM0085,11.1,2013JJ00
GM0085,11.8,2014JJ00
GM0085,10.7,2015JJ00
GM0085,11.5,2016JJ00
GM0085,7.5,2017JJ00
GM0085,5.4,2018JJ00
GM0085,6.6,2019JJ00
GM0085,6.0,2020JJ00
GM0085,4.8,2021JJ00
GM0085,4.8,2022JJ00
GM0085,4.0,2023JJ00
GM0431,10.3,2013JJ00
GM0431,10.9,2014JJ00
GM0431,9.6,2015JJ00
GM0431,8.6,2016JJ00
GM0431,7.7,2017JJ00
GM0431,6.0,2018JJ00
GM0431,5.7,2019JJ00
GM0431,6.5,2020JJ00
GM0431,6.0,2021JJ00
GM0431,5.1,2022JJ00
GM0431,5.1,2023JJ00
GM0432,8.5,2013JJ00
GM0432,8.8,2014JJ00
GM0432,10.6,2015JJ00
GM0432,8.7,2016JJ00
GM0432,6.5,2017JJ00
GM0432,5.5,2018JJ00
GM0432,5.3,2019JJ00
GM0432,6.1,2020JJ00
GM0432,4.7,2021JJ00
GM0432,4.0,2022JJ00
GM0432,4.2,2023JJ00
GM0086,12.3,2013JJ00
GM0086,11.9,2014JJ00
GM0086,14.3,2015JJ00
GM0086,10.6,2016JJ00
GM0086,8.7,2017JJ00
GM0086,8.1,2018JJ00
GM0086,6.2,2019JJ00
GM0086,5.7,2020JJ00
GM0086,5.2,2021JJ00
GM0086,4.5,2022JJ00
GM0086,4.4,2023JJ00
GM0828,12.4,2013JJ00
GM0828,12.5,2014JJ00
GM0828,10.6,2015JJ00
GM0828,9.0,2016JJ00
GM0828,8.0,2017JJ00
GM0828,6.6,2018JJ00
GM0828,5.6,2019JJ00
GM0828,6.0,2020JJ00
GM0828,6.2,2021JJ00
GM0828,4.5,2022JJ00
GM0828,4.7,2023JJ00
GM1509,10.3,2013JJ00
GM1509,10.9,2014JJ00
GM1509,9.5,2015JJ00
GM1509,8.5,2016JJ00
GM1509,8.6,2017JJ00
GM1509,6.1,2018JJ00
GM1509,5.8,2019JJ00
GM1509,6.4,2020JJ00
GM1509,3.6,2021JJ00
GM1509,4.4,2022JJ00
GM1509,3.8,2023JJ00
GM0437,12.0,2013JJ00
GM0437,13.7,2014JJ00
GM0437,12.0,2015JJ00
GM0437,11.4,2016JJ00
GM0437,9.5,2017JJ00
GM0437,8.2,2018JJ00
GM0437,7.2,2019JJ00
GM0437,9.4,2020JJ00
GM0437,6.2,2021JJ00
GM0437,5.7,2022JJ00
GM0437,5.9,2023JJ00
GM0589,9.1,2013JJ00
GM0589,8.5,2014JJ00
GM0589,8.4,2015JJ00
GM0589,7.9,2016JJ00
GM0589,6.7,2017JJ00
GM0589,5.8,2018JJ00
GM0589,5.7,2019JJ00
GM0589,5.7,2020JJ00
GM0589,4.9,2021JJ00
GM0589,4.5,2022JJ00
GM0589,3.9,2023JJ00
GM1734,11.6,2013JJ00
GM1734,11.6,2014JJ00
GM1734,11.5,2015JJ00
GM1734,9.1,2016JJ00
GM1734,7.3,2017JJ00
GM1734,7.0,2018JJ00
GM1734,6.0,2019JJ00
GM1734,6.4,2020JJ00
GM1734,5.9,2021JJ00
GM1734,4.2,2022JJ00
GM1734,4.1,2023JJ00
GM0590,10.0,2013JJ00
GM0590,9.9,2014JJ00
GM0590,11.6,2015JJ00
GM0590,9.6,2016JJ00
GM0590,8.1,2017JJ00
GM0590,7.9,2018JJ00
GM0590,6.6,2019JJ00
GM0590,8.3,2020JJ00
GM0590,6.4,2021JJ00
GM0590,5.5,2022JJ00
GM0590,4.7,2023JJ00
GM1894,8.0,2013JJ00
GM1894,9.2,2014JJ00
GM1894,9.1,2015JJ00
GM1894,7.9,2016JJ00
GM1894,6.9,2017JJ00
GM1894,4.9,2018JJ00
GM1894,4.5,2019JJ00
GM1894,5.2,2020JJ00
GM1894,4.1,2021JJ00
GM1894,4.4,2022JJ00
GM1894,3.7,2023JJ00
GM0765,10.9,2013JJ00
GM0765,10.6,2014JJ00
GM0765,10.6,2015JJ00
GM0765,8.7,2016JJ00
GM0765,7.6,2017JJ00
GM0765,6.0,2018JJ00
GM0765,5.4,2019JJ00
GM0765,6.1,2020JJ00
GM0765,5.2,2021JJ00
GM0765,4.6,2022JJ00
GM0765,5.0,2023JJ00
GM1926,10.7,2013JJ00
GM1926,10.2,2014JJ00
GM1926,11.2,2015JJ00
GM1926,10.1,2016JJ00
GM1926,8.1,2017JJ00
GM1926,6.7,2018JJ00
GM1926,5.8,2019JJ00
GM1926,7.2,2020JJ00
GM1926,7.5,2021JJ00
GM1926,6.0,2022JJ00
GM1926,6.6,2023JJ00
GM0439,10.9,2013JJ00
GM0439,11.6,2014JJ00
GM0439,11.8,2015JJ00
GM0439,10.4,2016JJ00
GM0439,8.7,2017JJ00
GM0439,7.0,2018JJ00
GM0439,6.1,2019JJ00
GM0439,6.8,2020JJ00
GM0439,5.3,2021JJ00
GM0439,5.2,2022JJ00
GM0439,5.0,2023JJ00
GM0273,7.4,2013JJ00
GM0273,8.2,2014JJ00
GM0273,8.1,2015JJ00
GM0273,8.2,2016JJ00
GM0273,5.0,2017JJ00
GM0273,4.8,2018JJ00
GM0273,5.1,2019JJ00
GM0273,5.5,2020JJ00
GM0273,4.7,2021JJ00
GM0273,4.5,2022JJ00
GM0273,4.1,2023JJ00
GM0177,10.7,2013JJ00
GM0177,9.2,2014JJ00
GM0177,9.4,2015JJ00
GM0177,8.4,2016JJ00
GM0177,6.4,2017JJ00
GM0177,5.2,2018JJ00
GM0177,5.1,2019JJ00
GM0177,5.4,2020JJ00
GM0177,4.6,2021JJ00
GM0177,3.5,2022JJ00
GM0177,4.9,2023JJ00
GM0703,6.9,2013JJ00
GM0703,8.0,2014JJ00
GM0703,7.8,2015JJ00
GM0703,7.3,2016JJ00
GM0703,5.6,2017JJ00
GM0703,5.0,2018JJ00
GM0703,3.9,2019JJ00
GM0703,4.9,2020JJ00
GM0703,4.7,2021JJ00
GM0703,3.2,2022JJ00
GM0703,3.7,2023JJ00
GM0274,13.3,2013JJ00
GM0274,13.3,2014JJ00
GM0274,13.4,2015JJ00
GM0274,10.9,2016JJ00
GM0274,8.8,2017JJ00
GM0274,8.2,2018JJ00
GM0274,7.5,2019JJ00
GM0274,7.7,2020JJ00
GM0274,6.4,2021JJ00
GM0274,5.8,2022JJ00
GM0274,5.3,2023JJ00
GM0339,9.7,2013JJ00
GM0339,7.8,2014JJ00
GM0339,8.2,2015JJ00
GM0339,7.9,2016JJ00
GM0339,7.2,2017JJ00
GM0339,5.1,2018JJ00
GM0339,4.5,2019JJ00
GM0339,6.1,2020JJ00
GM0339,5.2,2021JJ00
GM0339,4.2,2022JJ00
GM0339,4.4,2023JJ00
GM1667,9.0,2013JJ00
GM1667,9.4,2014JJ00
GM1667,7.7,2015JJ00
GM1667,7.2,2016JJ00
GM1667,6.7,2017JJ00
GM1667,5.9,2018JJ00
GM1667,5.3,2019JJ00
GM1667,5.4,2020JJ00
GM1667,4.9,2021JJ00
GM1667,4.4,2022JJ00
GM1667,4.3,2023JJ00
GM0275,11.9,2013JJ00
GM0275,12.2,2014JJ00
GM0275,12.3,2015JJ00
GM0275,10.3,2016JJ00
GM0275,8.3,2017JJ00
GM0275,7.9,2018JJ00
GM0275,6.6,2019JJ00
GM0275,7.3,2020JJ00
GM0275,7.9,2021JJ00
GM0275,6.3,2022JJ00
GM0275,5.7,2023JJ00
GM0340,11.0,2013JJ00
GM0340,11.4,2014JJ00
GM0340,10.4,2015JJ00
GM0340,7.9,2016JJ00
GM0340,7.4,2017JJ00
GM0340,6.6,2018JJ00
GM0340,6.5,2019JJ00
GM0340,6.1,2020JJ00
GM0340,5.6,2021JJ00
GM0340,4.2,2022JJ00
GM0340,4.5,2023JJ00
GM0597,10.0,2013JJ00
GM0597,9.2,2014JJ00
GM0597,8.6,2015JJ00
GM0597,7.8,2016JJ00
GM0597,7.9,2017JJ00
GM0597,5.8,2018JJ00
GM0597,6.2,2019JJ00
GM0597,6.2,2020JJ00
GM0597,6.7,2021JJ00
GM0597,5.8,2022JJ00
GM0597,5.9,2023JJ00
GM1742,11.3,2013JJ00
GM1742,10.4,2014JJ00
GM1742,10.8,2015JJ00
GM1742,9.9,2016JJ00
GM1742,7.1,2017JJ00
GM1742,5.7,2018JJ00
GM1742,5.7,2019JJ00
GM1742,5.3,2020JJ00
GM1742,5.2,2021JJ00
GM1742,4.5,2022JJ00
GM1742,5.2,2023JJ00
GM0603,15.6,2013JJ00
GM0603,13.5,2014JJ00
GM0603,13.5,2015JJ00
GM0603,13.7,2016JJ00
GM0603,13.3,2017JJ00
GM0603,11.0,2018JJ00
GM0603,10.3,2019JJ00
GM0603,9.7,2020JJ00
GM0603,7.9,2021JJ00
GM0603,6.4,2022JJ00
GM0603,7.0,2023JJ00
GM1669,10.5,2013JJ00
GM1669,9.1,2014JJ00
GM1669,9.2,2015JJ00
GM1669,8.7,2016JJ00
GM1669,7.8,2017JJ00
GM1669,6.3,2018JJ00
GM1669,5.4,2019JJ00
GM1669,6.6,2020JJ00
GM1669,4.7,2021JJ00
GM1669,5.2,2022JJ00
GM1669,4.2,2023JJ00
GM0957,11.6,2013JJ00
GM0957,12.6,2014JJ00
GM0957,10.7,2015JJ00
GM0957,11.0,2016JJ00
GM0957,11.0,2017JJ00
GM0957,6.8,2018JJ00
GM0957,7.0,2019JJ00
GM0957,7.2,2020JJ00
GM0957,7.0,2021JJ00
GM0957,6.0,2022JJ00
GM0957,5.6,2023JJ00
GM0736,10.5,2013JJ00
GM0736,9.3,2014JJ00
GM0736,9.6,2015JJ00
GM0736,7.9,2016JJ00
GM0736,7.2,2017JJ00
GM0736,5.8,2018JJ00
GM0736,5.7,2019JJ00
GM0736,6.8,2020JJ00
GM0736,6.7,2021JJ00
GM0736,5.6,2022JJ00
GM0736,4.7,2023JJ00
GM1674,12.1,2013JJ00
GM1674,12.6,2014JJ00
GM1674,11.6,2015JJ00
GM1674,11.1,2016JJ00
GM1674,10.4,2017JJ00
GM1674,7.4,2018JJ00
GM1674,6.9,2019JJ00
GM1674,8.0,2020JJ00
GM1674,6.1,2021JJ00
GM1674,4.6,2022JJ00
GM1674,5.2,2023JJ00
GM0599,18.0,2013JJ00
GM0599,21.0,2014JJ00
GM0599,21.3,2015JJ00
GM0599,19.8,2016JJ00
GM0599,15.0,2017JJ00
GM0599,13.2,2018JJ00
GM0599,12.6,2019JJ00
GM0599,10.7,2020JJ00
GM0599,9.8,2021JJ00
GM0599,8.5,2022JJ00
GM0599,8.4,2023JJ00
GM0277,10.5,2013JJ00
GM0277,10.9,2014JJ00
GM0277,10.6,2015JJ00
GM0277,9.9,2016JJ00
GM0277,8.1,2017JJ00
GM0277,6.2,2018JJ00
GM0277,6.6,2019JJ00
GM0277,6.8,2020JJ00
GM0277,5.6,2021JJ00
GM0277,4.3,2022JJ00
GM0277,4.5,2023JJ00
GM0840,9.1,2013JJ00
GM0840,9.4,2014JJ00
GM0840,8.4,2015JJ00
GM0840,7.1,2016JJ00
GM0840,7.8,2017JJ00
GM0840,5.2,2018JJ00
GM0840,4.9,2019JJ00
GM0840,5.5,2020JJ00
GM0840,4.1,2021JJ00
GM0840,3.4,2022JJ00
GM0840,3.6,2023JJ00
GM0441,9.9,2013JJ00
GM0441,10.9,2014JJ00
GM0441,11.2,2015JJ00
GM0441,8.5,2016JJ00
GM0441,6.3,2017JJ00
GM0441,5.5,2018JJ00
GM0441,6.0,2019JJ00
GM0441,5.6,2020JJ00
GM0441,5.2,2021JJ00
GM0441,5.0,2022JJ00
GM0441,4.2,2023JJ00
GM0279,9.1,2013JJ00
GM0279,9.6,2014JJ00
GM0279,8.9,2015JJ00
GM0279,7.8,2016JJ00
GM0279,6.5,2017JJ00
GM0279,5.9,2018JJ00
GM0279,4.5,2019JJ00
GM0279,5.3,2020JJ00
GM0279,5.3,2021JJ00
GM0279,4.3,2022JJ00
GM0279,3.9,2023JJ00
GM0606,13.3,2013JJ00
GM0606,14.1,2014JJ00
GM0606,12.7,2015JJ00
GM0606,12.8,2016JJ00
GM0606,10.6,2017JJ00
GM0606,8.5,2018JJ00
GM0606,8.9,2019JJ00
GM0606,8.9,2020JJ00
GM0606,6.9,2021JJ00
GM0606,7.2,2022JJ00
GM0606,6.4,2023JJ00
GM0088,8.4,2013JJ00
GM0088,8.5,2014JJ00
GM0088,7.8,2015JJ00
GM0088,7.6,2016JJ00
GM0088,6.7,2017JJ00
GM0088,5.2,2018JJ00
GM0088,5.3,2019JJ00
GM0088,6.0,2020JJ00
GM0088,4.0,2021JJ00
GM0088,3.7,2022JJ00
GM0088,4.2,2023JJ00
GM1676,8.7,2013JJ00
GM1676,8.5,2014JJ00
GM1676,6.7,2015JJ00
GM1676,6.8,2016JJ00
GM1676,6.1,2017JJ00
GM1676,4.7,2018JJ00
GM1676,4.4,2019JJ00
GM1676,5.7,2020JJ00
GM1676,5.2,2021JJ00
GM1676,3.6,2022JJ00
GM1676,4.2,2023JJ00
GM0965,10.2,2013JJ00
GM0965,12.7,2014JJ00
GM0965,11.3,2015JJ00
GM0965,7.9,2016JJ00
GM0965,6.1,2017JJ00
GM0965,7.1,2018JJ00
GM0965,6.5,2019JJ00
GM0965,6.6,2020JJ00
GM0965,5.3,2021JJ00
GM0965,4.5,2022JJ00
GM0965,4.1,2023JJ00
GM0845,9.3,2013JJ00
GM0845,9.2,2014JJ00
GM0845,9.2,2015JJ00
GM0845,8.3,2016JJ00
GM0845,7.1,2017JJ00
GM0845,5.7,2018JJ00
GM0845,5.3,2019JJ00
GM0845,6.4,2020JJ00
GM0845,5.2,2021JJ00
GM0845,4.9,2022JJ00
GM0845,3.9,2023JJ00
GM1883,14.6,2013JJ00
GM1883,14.8,2014JJ00
GM1883,11.9,2015JJ00
GM1883,9.4,2016JJ00
GM1883,9.1,2017JJ00
GM1883,6.8,2018JJ00
GM1883,7.0,2019JJ00
GM1883,6.6,2020JJ00
GM1883,6.6,2021JJ00
GM1883,7.8,2022JJ00
GM1883,5.4,2023JJ00
GM0610,10.5,2013JJ00
GM0610,9.5,2014JJ00
GM0610,10.5,2015JJ00
GM0610,8.8,2016JJ00
GM0610,7.9,2017JJ00
GM0610,6.3,2018JJ00
GM0610,6.0,2019JJ00
GM0610,6.3,2020JJ00
GM0610,6.6,2021JJ00
GM0610,5.7,2022JJ00
GM0610,5.2,2023JJ00
GM1714,7.9,2013JJ00
GM1714,8.9,2014JJ00
GM1714,7.8,2015JJ00
GM1714,7.0,2016JJ00
GM1714,6.4,2017JJ00
GM1714,5.6,2018JJ00
GM1714,4.8,2019JJ00
GM1714,4.5,2020JJ00
GM1714,4.3,2021JJ00
GM1714,3.3,2022JJ00
GM1714,4.2,2023JJ00
GM0090,14.1,2013JJ00
GM0090,12.8,2014JJ00
GM0090,13.7,2015JJ00
GM0090,12.2,2016JJ00
GM0090,9.6,2017JJ00
GM0090,7.8,2018JJ00
GM0090,8.0,2019JJ00
GM0090,7.6,2020JJ00
GM0090,6.6,2021JJ00
GM0090,6.2,2022JJ00
GM0090,6.9,2023JJ00
GM0342,13.5,2013JJ00
GM0342,12.6,2014JJ00
GM0342,14.4,2015JJ00
GM0342,10.0,2016JJ00
GM0342,9.8,2017JJ00
GM0342,9.0,2018JJ00
GM0342,6.3,2019JJ00
GM0342,9.7,2020JJ00
GM0342,7.0,2021JJ00
GM0342,5.8,2022JJ00
GM0342,4.7,2023JJ00
GM0847,8.2,2013JJ00
GM0847,8.9,2014JJ00
GM0847,9.5,2015JJ00
GM0847,9.3,2016JJ00
GM0847,7.9,2017JJ00
GM0847,5.8,2018JJ00
GM0847,5.3,2019JJ00
GM0847,5.9,2020JJ00
GM0847,5.2,2021JJ00
GM0847,3.9,2022JJ00
GM0847,3.4,2023JJ00
GM0848,12.0,2013JJ00
GM0848,11.2,2014JJ00
GM0848,10.4,2015JJ00
GM0848,9.6,2016JJ00
GM0848,8.6,2017JJ00
GM0848,6.9,2018JJ00
GM0848,6.2,2019JJ00
GM0848,8.6,2020JJ00
GM0848,6.3,2021JJ00
GM0848,5.1,2022JJ00
GM0848,5.2,2023JJ00
GM0037,9.7,2013JJ00
GM0037,10.5,2014JJ00
GM0037,11.2,2015JJ00
GM0037,10.1,2016JJ00
GM0037,9.9,2017JJ00
GM0037,6.5,2018JJ00
GM0037,6.7,2019JJ00
GM0037,6.4,2020JJ00
GM0037,5.4,2021JJ00
GM0037,4.6,2022JJ00
GM0037,4.6,2023JJ00
GM0180,8.5,2013JJ00
GM0180,8.0,2014JJ00
GM0180,8.3,2015JJ00
GM0180,7.5,2016JJ00
GM0180,5.9,2017JJ00
GM0180,5.3,2018JJ00
GM0180,4.4,2019JJ00
GM0180,6.5,2020JJ00
GM0180,4.8,2021JJ00
GM0180,3.3,2022JJ00
GM0180,4.1,2023JJ00
GM0532,8.5,2013JJ00
GM0532,9.1,2014JJ00
GM0532,8.6,2015JJ00
GM0532,7.8,2016JJ00
GM0532,6.9,2017JJ00
GM0532,6.3,2018JJ00
GM0532,5.7,2019JJ00
GM0532,5.8,2020JJ00
GM0532,5.3,2021JJ00
GM0532,4.3,2022JJ00
GM0532,3.9,2023JJ00
GM0851,10.9,2013JJ00
GM0851,10.3,2014JJ00
GM0851,10.7,2015JJ00
GM0851,10.2,2016JJ00
GM0851,7.9,2017JJ00
GM0851,5.4,2018JJ00
GM0851,6.7,2019JJ00
GM0851,6.9,2020JJ00
GM0851,5.1,2021JJ00
GM0851,4.2,2022JJ00
GM0851,4.5,2023JJ00
GM1708,10.9,2013JJ00
GM1708,10.5,2014JJ00
GM1708,11.6,2015JJ00
GM1708,9.6,2016JJ00
GM1708,7.7,2017JJ00
GM1708,5.7,2018JJ00
GM1708,4.5,2019JJ00
GM1708,5.6,2020JJ00
GM1708,4.9,2021JJ00
GM1708,3.8,2022JJ00
GM1708,4.5,2023JJ00
GM0971,9.8,2013JJ00
GM0971,11.1,2014JJ00
GM0971,10.4,2015JJ00
GM0971,7.9,2016JJ00
GM0971,7.6,2017JJ00
GM0971,8.0,2018JJ00
GM0971,7.3,2019JJ00
GM0971,7.5,2020JJ00
GM0971,5.9,2021JJ00
GM0971,5.1,2022JJ00
GM0971,5.1,2023JJ00
GM1904,10.2,2013JJ00
GM1904,9.3,2014JJ00
GM1904,9.2,2015JJ00
GM1904,9.4,2016JJ00
GM1904,8.0,2017JJ00
GM1904,5.4,2018JJ00
GM1904,5.0,2019JJ00
GM1904,7.3,2020JJ00
GM1904,7.8,2021JJ00
GM1904,6.2,2022JJ00
GM1904,5.4,2023JJ00
GM1900,11.7,2013JJ00
GM1900,11.4,2014JJ00
GM1900,11.2,2015JJ00
GM1900,12.0,2016JJ00
GM1900,8.8,2017JJ00
GM1900,6.8,2018JJ00
GM1900,6.1,2019JJ00
GM1900,7.2,2020JJ00
GM1900,5.4,2021JJ00
GM1900,5.6,2022JJ00
GM1900,5.8,2023JJ00
GM0715,8.0,2013JJ00
GM0715,10.1,2014JJ00
GM0715,8.2,2015JJ00
GM0715,8.8,2016JJ00
GM0715,6.2,2017JJ00
GM0715,6.1,2018JJ00
GM0715,4.9,2019JJ00
GM0715,5.7,2020JJ00
GM0715,5.3,2021JJ00
GM0715,3.6,2022JJ00
GM0715,3.7,2023JJ00
GM0093,8.5,2013JJ00
GM0093,8.9,2014JJ00
GM0093,9.2,2015JJ00
GM0093,8.8,2016JJ00
GM0093,7.1,2017JJ00
GM0093,5.8,2018JJ00
GM0093,5.9,2019JJ00
GM0093,5.5,2020JJ00
GM0093,4.8,2021JJ00
GM0093,4.0,2022JJ00
GM0093,3.9,2023JJ00
GM0448,8.3,2013JJ00
GM0448,8.8,2014JJ00
GM0448,7.4,2015JJ00
GM0448,7.4,2016JJ00
GM0448,7.2,2017JJ00
GM0448,6.3,2018JJ00
GM0448,4.7,2019JJ00
GM0448,5.4,2020JJ00
GM0448,3.9,2021JJ00
GM0448,4.1,2022JJ00
GM0448,3.6,2023JJ00
GM1525,9.2,2013JJ00
GM1525,11.6,2014JJ00
GM1525,12.0,2015JJ00
GM1525,10.9,2016JJ00
GM1525,8.5,2017JJ00
GM1525,6.8,2018JJ00
GM1525,6.4,2019JJ00
GM1525,7.3,2020JJ00
GM1525,5.9,2021JJ00
GM1525,4.6,2022JJ00
GM1525,5.4,2023JJ00
GM0716,8.5,2013JJ00
GM0716,10.0,2014JJ00
GM0716,9.1,2015JJ00
GM0716,8.3,2016JJ00
GM0716,6.5,2017JJ00
GM0716,4.6,2018JJ00
GM0716,4.4,2019JJ00
GM0716,6.0,2020JJ00
GM0716,5.0,2021JJ00
GM0716,3.8,2022JJ00
GM0716,4.0,2023JJ00
GM0281,11.6,2013JJ00
GM0281,12.2,2014JJ00
GM0281,10.9,2015JJ00
GM0281,9.5,2016JJ00
GM0281,8.7,2017JJ00
GM0281,8.0,2018JJ00
GM0281,7.6,2019JJ00
GM0281,7.1,2020JJ00
GM0281,6.5,2021JJ00
GM0281,5.0,2022JJ00
GM0281,4.7,2023JJ00
GM0855,14.6,2013JJ00
GM0855,14.6,2014JJ00
GM0855,14.4,2015JJ00
GM0855,11.8,2016JJ00
GM0855,10.1,2017JJ00
GM0855,6.8,2018JJ00
GM0855,7.1,2019JJ00
GM0855,8.6,2020JJ00
GM0855,8.0,2021JJ00
GM0855,6.1,2022JJ00
GM0855,6.1,2023JJ00
GM0183,10.9,2013JJ00
GM0183,9.8,2014JJ00
GM0183,9.5,2015JJ00
GM0183,8.4,2016JJ00
GM0183,6.5,2017JJ00
GM0183,5.3,2018JJ00
GM0183,4.4,2019JJ00
GM0183,5.7,2020JJ00
GM0183,4.6,2021JJ00
GM0183,3.8,2022JJ00
GM0183,4.4,2023JJ00
GM1700,10.1,2013JJ00
GM1700,9.6,2014JJ00
GM1700,9.1,2015JJ00
GM1700,9.5,2016JJ00
GM1700,6.3,2017JJ00
GM1700,4.5,2018JJ00
GM1700,4.6,2019JJ00
GM1700,4.4,2020JJ00
GM1700,4.6,2021JJ00
GM1700,3.9,2022JJ00
GM1700,4.1,2023JJ00
GM1730,12.7,2013JJ00
GM1730,12.6,2014JJ00
GM1730,12.4,2015JJ00
GM1730,10.9,2016JJ00
GM1730,9.3,2017JJ00
GM1730,8.3,2018JJ00
GM1730,7.2,2019JJ00
GM1730,8.7,2020JJ00
GM1730,6.7,2021JJ00
GM1730,5.0,2022JJ00
GM1730,4.9,2023JJ00
GM0737,14.3,2013JJ00
GM0737,12.7,2014JJ00
GM0737,11.8,2015JJ00
GM0737,10.8,2016JJ00
GM0737,7.8,2017JJ00
GM0737,6.8,2018JJ00
GM0737,6.6,2019JJ00
GM0737,7.1,2020JJ00
GM0737,6.1,2021JJ00
GM0737,4.6,2022JJ00
GM0737,4.5,2023JJ00
GM0450,9.3,2013JJ00
GM0450,12.8,2014JJ00
GM0450,10.1,2015JJ00
GM0450,9.8,2016JJ00
GM0450,7.9,2017JJ00
GM0450,6.9,2018JJ00
GM0450,5.6,2019JJ00
GM0450,8.5,2020JJ00
GM0450,5.4,2021JJ00
GM0450,4.2,2022JJ00
GM0450,4.6,2023JJ00
GM0451,9.5,2013JJ00
GM0451,11.9,2014JJ00
GM0451,12.2,2015JJ00
GM0451,10.5,2016JJ00
GM0451,8.2,2017JJ00
GM0451,6.7,2018JJ00
GM0451,6.5,2019JJ00
GM0451,6.8,2020JJ00
GM0451,7.0,2021JJ00
GM0451,5.5,2022JJ00
GM0451,4.6,2023JJ00
GM0184,7.7,2013JJ00
GM0184,8.6,2014JJ00
GM0184,8.6,2015JJ00
GM0184,7.8,2016JJ00
GM0184,7.1,2017JJ00
GM0184,5.5,2018JJ00
GM0184,4.4,2019JJ00
GM0184,5.3,2020JJ00
GM0184,4.6,2021JJ00
GM0184,3.9,2022JJ00
GM0184,3.9,2023JJ00
GM0344,17.1,2013JJ00
GM0344,17.2,2014JJ00
GM0344,17.1,2015JJ00
GM0344,13.1,2016JJ00
GM0344,12.9,2017JJ00
GM0344,11.2,2018JJ00
GM0344,10.2,2019JJ00
GM0344,11.7,2020JJ00
GM0344,11.4,2021JJ00
GM0344,9.0,2022JJ00
GM0344,8.7,2023JJ00
GM1581,10.7,2013JJ00
GM1581,13.4,2014JJ00
GM1581,10.9,2015JJ00
GM1581,8.8,2016JJ00
GM1581,9.5,2017JJ00
GM1581,6.9,2018JJ00
GM1581,8.0,2019JJ00
GM1581,8.3,2020JJ00
GM1581,6.9,2021JJ00
GM1581,6.1,2022JJ00
GM1581,5.2,2023JJ00
GM0981,11.2,2013JJ00
GM0981,11.5,2014JJ00
GM0981,10.1,2015JJ00
GM0981,10.3,2016JJ00
GM0981,8.8,2017JJ00
GM0981,7.0,2018JJ00
GM0981,7.4,2019JJ00
GM0981,7.2,2020JJ00
GM0981,6.9,2021JJ00
GM0981,5.7,2022JJ00
GM0981,5.8,2023JJ00
GM0994,10.4,2013JJ00
GM0994,11.7,2014JJ00
GM0994,11.3,2015JJ00
GM0994,10.9,2016JJ00
GM0994,8.5,2017JJ00
GM0994,6.4,2018JJ00
GM0994,6.4,2019JJ00
GM0994,6.0,2020JJ00
GM0994,5.0,2021JJ00
GM0994,4.7,2022JJ00
GM0994,4.6,2023JJ00
GM0858,10.2,2013JJ00
GM0858,10.5,2014JJ00
GM0858,8.7,2015JJ00
GM0858,8.3,2016JJ00
GM0858,7.4,2017JJ00
GM0858,5.9,2018JJ00
GM0858,6.0,2019JJ00
GM0858,5.8,2020JJ00
GM0858,4.5,2021JJ00
GM0858,5.5,2022JJ00
GM0858,5.0,2023JJ00
GM0047,12.6,2013JJ00
GM0047,11.9,2014JJ00
GM0047,12.2,2015JJ00
GM0047,11.1,2016JJ00
GM0047,10.6,2017JJ00
GM0047,7.6,2018JJ00
GM0047,7.3,2019JJ00
GM0047,9.2,2020JJ00
GM0047,6.1,2021JJ00
GM0047,4.4,2022JJ00
GM0047,5.2,2023JJ00
GM0345,11.0,2013JJ00
GM0345,11.8,2014JJ00
GM0345,13.5,2015JJ00
GM0345,11.6,2016JJ00
GM0345,11.9,2017JJ00
GM0345,8.3,2018JJ00
GM0345,5.9,2019JJ00
GM0345,6.6,2020JJ00
GM0345,6.5,2021JJ00
GM0345,5.3,2022JJ00
GM0345,5.1,2023JJ00
GM0717,10.0,2013JJ00
GM0717,7.9,2014JJ00
GM0717,7.1,2015JJ00
GM0717,7.4,2016JJ00
GM0717,6.0,2017JJ00
GM0717,5.4,2018JJ00
GM0717,4.7,2019JJ00
GM0717,5.6,2020JJ00
GM0717,4.6,2021JJ00
GM0717,3.7,2022JJ00
GM0717,4.2,2023JJ00
GM0861,8.9,2013JJ00
GM0861,9.8,2014JJ00
GM0861,10.9,2015JJ00
GM0861,9.4,2016JJ00
GM0861,8.6,2017JJ00
GM0861,6.8,2018JJ00
GM0861,5.4,2019JJ00
GM0861,7.0,2020JJ00
GM0861,5.8,2021JJ00
GM0861,4.9,2022JJ00
GM0861,5.5,2023JJ00
GM0453,9.3,2013JJ00
GM0453,10.2,2014JJ00
GM0453,11.9,2015JJ00
GM0453,9.1,2016JJ00
GM0453,7.2,2017JJ00
GM0453,6.5,2018JJ00
GM0453,6.5,2019JJ00
GM0453,6.6,2020JJ00
GM0453,6.6,2021JJ00
GM0453,5.0,2022JJ00
GM0453,5.2,2023JJ00
GM0983,13.1,2013JJ00
GM0983,13.4,2014JJ00
GM0983,9.6,2015JJ00
GM0983,10.2,2016JJ00
GM0983,9.3,2017JJ00
GM0983,8.2,2018JJ00
GM0983,6.3,2019JJ00
GM0983,7.4,2020JJ00
GM0983,6.9,2021JJ00
GM0983,5.6,2022JJ00
GM0983,4.2,2023JJ00
GM0984,11.9,2013JJ00
GM0984,12.2,2014JJ00
GM0984,11.1,2015JJ00
GM0984,9.3,2016JJ00
GM0984,7.4,2017JJ00
GM0984,6.0,2018JJ00
GM0984,4.5,2019JJ00
GM0984,5.6,2020JJ00
GM0984,5.9,2021JJ00
GM0984,5.5,2022JJ00
GM0984,5.2,2023JJ00
GM1961,9.7,2013JJ00
GM1961,10.4,2014JJ00
GM1961,10.8,2015JJ00
GM1961,8.2,2016JJ00
GM1961,7.5,2017JJ00
GM1961,6.1,2018JJ00
GM1961,4.6,2019JJ00
GM1961,6.8,2020JJ00
GM1961,4.9,2021JJ00
GM1961,4.3,2022JJ00
GM1961,4.0,2023JJ00
GM0622,12.5,2013JJ00
GM0622,11.8,2014JJ00
GM0622,11.1,2015JJ00
GM0622,9.9,2016JJ00
GM0622,9.7,2017JJ00
GM0622,8.3,2018JJ00
GM0622,6.2,2019JJ00
GM0622,8.3,2020JJ00
GM0622,7.1,2021JJ00
GM0622,6.8,2022JJ00
GM0622,6.5,2023JJ00
GM0096,9.6,2013JJ00
GM0096,9.7,2014JJ00
GM0096,8.6,2015JJ00
GM0096,8.2,2016JJ00
GM0096,5.8,2017JJ00
GM0096,5.1,2018JJ00
GM0096,5.1,2019JJ00
GM0096,6.1,2020JJ00
GM0096,5.2,2021JJ00
GM0096,4.2,2022JJ00
GM0096,4.2,2023JJ00
GM0718,10.2,2013JJ00
GM0718,12.3,2014JJ00
GM0718,10.0,2015JJ00
GM0718,10.2,2016JJ00
GM0718,7.5,2017JJ00
GM0718,6.6,2018JJ00
GM0718,6.1,2019JJ00
GM0718,7.5,2020JJ00
GM0718,6.4,2021JJ00
GM0718,5.2,2022JJ00
GM0718,4.4,2023JJ00
GM0986,11.8,2013JJ00
GM0986,10.6,2014JJ00
GM0986,11.5,2015JJ00
GM0986,11.8,2016JJ00
GM0986,9.5,2017JJ00
GM0986,7.3,2018JJ00
GM0986,5.7,2019JJ00
GM0986,7.0,2020JJ00
GM0986,5.6,2021JJ00
GM0986,4.6,2022JJ00
GM0986,4.3,2023JJ00
GM1992,11.5,2013JJ00
GM1992,11.6,2014JJ00
GM1992,10.5,2015JJ00
GM1992,10.5,2016JJ00
GM1992,8.3,2017JJ00
GM1992,6.9,2018JJ00
GM1992,6.4,2019JJ00
GM1992,6.6,2020JJ00
GM1992,5.8,2021JJ00
GM1992,5.0,2022JJ00
GM1992,5.6,2023JJ00
GM0626,11.7,2013JJ00
GM0626,14.1,2014JJ00
GM0626,15.4,2015JJ00
GM0626,11.2,2016JJ00
GM0626,10.3,2017JJ00
GM0626,9.3,2018JJ00
GM0626,8.6,2019JJ00
GM0626,8.1,2020JJ00
GM0626,6.2,2021JJ00
GM0626,5.8,2022JJ00
GM0626,5.7,2023JJ00
GM0285,10.1,2013JJ00
GM0285,9.5,2014JJ00
GM0285,9.2,2015JJ00
GM0285,7.4,2016JJ00
GM0285,7.1,2017JJ00
GM0285,6.2,2018JJ00
GM0285,5.7,2019JJ00
GM0285,7.8,2020JJ00
GM0285,4.4,2021JJ00
GM0285,4.2,2022JJ00
GM0285,3.9,2023JJ00
GM0865,11.6,2013JJ00
GM0865,12.0,2014JJ00
GM0865,12.6,2015JJ00
GM0865,10.0,2016JJ00
GM0865,8.0,2017JJ00
GM0865,6.4,2018JJ00
GM0865,6.9,2019JJ00
GM0865,8.3,2020JJ00
GM0865,6.0,2021JJ00
GM0865,4.7,2022JJ00
GM0865,4.0,2023JJ00
GM1949,10.5,2013JJ00
GM1949,10.8,2014JJ00
GM1949,10.7,2015JJ00
GM1949,9.7,2016JJ00
GM1949,8.3,2017JJ00
GM1949,5.8,2018JJ00
GM1949,6.6,2019JJ00
GM1949,6.3,2020JJ00
GM1949,4.4,2021JJ00
GM1949,4.8,2022JJ00
GM1949,4.3,2023JJ00
GM0866,14.8,2013JJ00
GM0866,13.6,2014JJ00
GM0866,11.9,2015JJ00
GM0866,11.7,2016JJ00
GM0866,8.2,2017JJ00
GM0866,8.0,2018JJ00
GM0866,6.0,2019JJ00
GM0866,8.2,2020JJ00
GM0866,7.9,2021JJ00
GM0866,4.9,2022JJ00
GM0866,5.2,2023JJ00
GM0867,10.8,2013JJ00
GM0867,9.8,2014JJ00
GM0867,9.9,2015JJ00
GM0867,8.4,2016JJ00
GM0867,7.1,2017JJ00
GM0867,5.2,2018JJ00
GM0867,5.8,2019JJ00
GM0867,6.7,2020JJ00
GM0867,5.7,2021JJ00
GM0867,4.2,2022JJ00
GM0867,4.6,2023JJ00
GM0627,9.8,2013JJ00
GM0627,10.8,2014JJ00
GM0627,11.5,2015JJ00
GM0627,9.1,2016JJ00
GM0627,8.5,2017JJ00
GM0627,8.0,2018JJ00
GM0627,5.8,2019JJ00
GM0627,6.4,2020JJ00
GM0627,5.5,2021JJ00
GM0627,5.1,2022JJ00
GM0627,4.8,2023JJ00
GM0289,18.5,2013JJ00
GM0289,15.8,2014JJ00
GM0289,16.4,2015JJ00
GM0289,13.4,2016JJ00
GM0289,13.8,2017JJ00
GM0289,11.6,2018JJ00
GM0289,11.0,2019JJ00
GM0289,10.9,2020JJ00
GM0289,8.9,2021JJ00
GM0289,7.5,2022JJ00
GM0289,6.9,2023JJ00
GM0629,11.4,2013JJ00
GM0629,14.9,2014JJ00
GM0629,14.3,2015JJ00
GM0629,10.7,2016JJ00
GM0629,10.5,2017JJ00
GM0629,8.8,2018JJ00
GM0629,9.3,2019JJ00
GM0629,9.5,2020JJ00
GM0629,7.9,2021JJ00
GM0629,5.9,2022JJ00
GM0629,5.5,2023JJ00
GM0852,11.3,2013JJ00
GM0852,12.9,2014JJ00
GM0852,10.7,2015JJ00
GM0852,9.5,2016JJ00
GM0852,8.4,2017JJ00
GM0852,6.3,2018JJ00
GM0852,5.7,2019JJ00
GM0852,7.0,2020JJ00
GM0852,6.9,2021JJ00
GM0852,5.3,2022JJ00
GM0852,5.0,2023JJ00
GM0988,11.9,2013JJ00
GM0988,11.4,2014JJ00
GM0988,10.6,2015JJ00
GM0988,10.4,2016JJ00
GM0988,9.8,2017JJ00
GM0988,7.8,2018JJ00
GM0988,6.6,2019JJ00
GM0988,7.0,2020JJ00
GM0988,5.4,2021JJ00
GM0988,5.1,2022JJ00
GM0988,4.4,2023JJ00
GM1960,10.1,2013JJ00
GM1960,9.2,2014JJ00
GM1960,9.0,2015JJ00
GM1960,8.0,2016JJ00
GM1960,6.3,2017JJ00
GM1960,6.0,2018JJ00
GM1960,5.0,2019JJ00
GM1960,5.9,2020JJ00
GM1960,5.0,2021JJ00
GM1960,4.1,2022JJ00
GM1960,4.3,2023JJ00
GM0668,8.5,2013JJ00
GM0668,8.2,2014JJ00
GM0668,9.3,2015JJ00
GM0668,8.6,2016JJ00
GM0668,6.8,2017JJ00
GM0668,6.1,2018JJ00
GM0668,5.6,2019JJ00
GM0668,6.3,2020JJ00
GM0668,5.3,2021JJ00
GM0668,3.8,2022JJ00
GM0668,3.5,2023JJ00
GM1969,11.5,2013JJ00
GM1969,11.5,2014JJ00
GM1969,10.3,2015JJ00
GM1969,9.3,2016JJ00
GM1969,8.0,2017JJ00
GM1969,6.4,2018JJ00
GM1969,6.5,2019JJ00
GM1969,6.0,2020JJ00
GM1969,5.7,2021JJ00
GM1969,5.6,2022JJ00
GM1969,4.7,2023JJ00
GM1701,12.3,2013JJ00
GM1701,11.5,2014JJ00
GM1701,12.6,2015JJ00
GM1701,9.2,2016JJ00
GM1701,7.0,2017JJ00
GM1701,6.5,2018JJ00
GM1701,5.8,2019JJ00
GM1701,6.0,2020JJ00
GM1701,5.3,2021JJ00
GM1701,4.4,2022JJ00
GM1701,4.7,2023JJ00
GM0293,12.1,2013JJ00
GM0293,11.9,2014JJ00
GM0293,10.8,2015JJ00
GM0293,10.3,2016JJ00
GM0293,8.0,2017JJ00
GM0293,7.6,2018JJ00
GM0293,7.3,2019JJ00
GM0293,5.9,2020JJ00
GM0293,5.9,2021JJ00
GM0293,5.3,2022JJ00
GM0293,5.1,2023JJ00
GM1950,9.4,2013JJ00
GM1950,11.5,2014JJ00
GM1950,10.0,2015JJ00
GM1950,9.8,2016JJ00
GM1950,8.2,2017JJ00
GM1950,5.7,2018JJ00
GM1950,5.8,2019JJ00
GM1950,6.8,2020JJ00
GM1950,4.7,2021JJ00
GM1950,4.0,2022JJ00
GM1950,4.3,2023JJ00
GM1783,7.7,2013JJ00
GM1783,8.7,2014JJ00
GM1783,8.3,2015JJ00
GM1783,8.2,2016JJ00
GM1783,7.6,2017JJ00
GM1783,5.8,2018JJ00
GM1783,5.1,2019JJ00
GM1783,5.1,2020JJ00
GM1783,4.5,2021JJ00
GM1783,3.7,2022JJ00
GM1783,3.6,2023JJ00
GM0098,10.3,2013JJ00
GM0098,11.1,2014JJ00
GM0098,10.6,2015JJ00
GM0098,10.6,2016JJ00
GM0098,8.6,2017JJ00
GM0098,6.4,2018JJ00
GM0098,5.5,2019JJ00
GM0098,7.2,2020JJ00
GM0098,4.1,2021JJ00
GM0098,5.0,2022JJ00
GM0098,4.9,2023JJ00
GM0189,11.4,2013JJ00
GM0189,10.7,2014JJ00
GM0189,11.0,2015JJ00
GM0189,11.0,2016JJ00
GM0189,7.8,2017JJ00
GM0189,6.1,2018JJ00
GM0189,5.7,2019JJ00
GM0189,6.0,2020JJ00
GM0189,4.9,2021JJ00
GM0189,3.8,2022JJ00
GM0189,4.4,2023JJ00
GM0296,11.3,2013JJ00
GM0296,11.1,2014JJ00
GM0296,10.6,2015JJ00
GM0296,9.8,2016JJ00
GM0296,9.2,2017JJ00
GM0296,6.9,2018JJ00
GM0296,6.9,2019JJ00
GM0296,7.1,2020JJ00
GM0296,6.1,2021JJ00
GM0296,5.3,2022JJ00
GM0296,5.3,2023JJ00
GM1696,10.9,2013JJ00
GM1696,9.9,2014JJ00
GM1696,10.5,2015JJ00
GM1696,9.7,2016JJ00
GM1696,7.4,2017JJ00
GM1696,5.9,2018JJ00
GM1696,5.4,2019JJ00
GM1696,6.6,2020JJ00
GM1696,5.0,2021JJ00
GM1696,4.5,2022JJ00
GM1696,4.8,2023JJ00
GM0352,10.1,2013JJ00
GM0352,9.5,2014JJ00
GM0352,10.2,2015JJ00
GM0352,9.4,2016JJ00
GM0352,8.6,2017JJ00
GM0352,6.6,2018JJ00
GM0352,5.3,2019JJ00
GM0352,6.6,2020JJ00
GM0352,6.4,2021JJ00
GM0352,5.1,2022JJ00
GM0352,4.3,2023JJ00
GM0294,8.2,2013JJ00
GM0294,9.9,2014JJ00
GM0294,10.2,2015JJ00
GM0294,8.0,2016JJ00
GM0294,6.9,2017JJ00
GM0294,5.4,2018JJ00
GM0294,5.9,2019JJ00
GM0294,5.1,2020JJ00
GM0294,4.7,2021JJ00
GM0294,4.0,2022JJ00
GM0294,4.7,2023JJ00
GM0873,8.9,2013JJ00
GM0873,10.7,2014JJ00
GM0873,10.7,2015JJ00
GM0873,8.7,2016JJ00
GM0873,6.5,2017JJ00
GM0873,5.2,2018JJ00
GM0873,4.7,2019JJ00
GM0873,6.0,2020JJ00
GM0873,4.9,2021JJ00
GM0873,4.0,2022JJ00
GM0873,4.0,2023JJ00
GM0632,10.9,2013JJ00
GM0632,11.3,2014JJ00
GM0632,9.6,2015JJ00
GM0632,8.6,2016JJ00
GM0632,7.6,2017JJ00
GM0632,6.5,2018JJ00
GM0632,6.5,2019JJ00
GM0632,7.5,2020JJ00
GM0632,6.8,2021JJ00
GM0632,5.3,2022JJ00
GM0632,5.0,2023JJ00
GM1690,8.9,2013JJ00
GM1690,11.9,2014JJ00
GM1690,11.4,2015JJ00
GM1690,8.2,2016JJ00
GM1690,6.5,2017JJ00
GM1690,7.0,2018JJ00
GM1690,5.5,2019JJ00
GM1690,7.0,2020JJ00
GM1690,4.7,2021JJ00
GM1690,4.0,2022JJ00
GM1690,4.2,2023JJ00
GM0880,12.2,2013JJ00
GM0880,11.4,2014JJ00
GM0880,9.7,2015JJ00
GM0880,10.4,2016JJ00
GM0880,7.6,2017JJ00
GM0880,6.3,2018JJ00
GM0880,5.2,2019JJ00
GM0880,6.2,2020JJ00
GM0880,5.8,2021JJ00
GM0880,4.9,2022JJ00
GM0880,5.3,2023JJ00
GM0351,10.0,2013JJ00
GM0351,9.4,2014JJ00
GM0351,8.9,2015JJ00
GM0351,8.9,2016JJ00
GM0351,7.8,2017JJ00
GM0351,6.4,2018JJ00
GM0351,5.3,2019JJ00
GM0351,7.0,2020JJ00
GM0351,5.2,2021JJ00
GM0351,4.9,2022JJ00
GM0351,4.9,2023JJ00
GM0479,12.4,2013JJ00
GM0479,13.2,2014JJ00
GM0479,11.5,2015JJ00
GM0479,10.0,2016JJ00
GM0479,8.8,2017JJ00
GM0479,7.9,2018JJ00
GM0479,5.9,2019JJ00
GM0479,7.3,2020JJ00
GM0479,6.5,2021JJ00
GM0479,5.1,2022JJ00
GM0479,5.7,2023JJ00
GM0297,9.4,2013JJ00
GM0297,10.6,2014JJ00
GM0297,8.8,2015JJ00
GM0297,8.1,2016JJ00
GM0297,7.4,2017JJ00
GM0297,5.8,2018JJ00
GM0297,6.0,2019JJ00
GM0297,6.2,2020JJ00
GM0297,4.2,2021JJ00
GM0297,3.7,2022JJ00
GM0297,3.8,2023JJ00
GM0473,10.7,2013JJ00
GM0473,12.1,2014JJ00
GM0473,10.3,2015JJ00
GM0473,9.4,2016JJ00
GM0473,8.6,2017JJ00
GM0473,7.7,2018JJ00
GM0473,6.8,2019JJ00
GM0473,7.5,2020JJ00
GM0473,6.1,2021JJ00
GM0473,5.0,2022JJ00
GM0473,5.0,2023JJ00
GM0050,13.4,2013JJ00
GM0050,14.8,2014JJ00
GM0050,11.2,2015JJ00
GM0050,8.7,2016JJ00
GM0050,8.1,2017JJ00
GM0050,7.5,2018JJ00
GM0050,6.0,2019JJ00
GM0050,7.5,2020JJ00
GM0050,5.8,2021JJ00
GM0050,4.9,2022JJ00
GM0050,5.3,2023JJ00
GM0355,11.6,2013JJ00
GM0355,12.7,2014JJ00
GM0355,13.6,2015JJ00
GM0355,10.9,2016JJ00
GM0355,13.3,2017JJ00
GM0355,9.4,2018JJ00
GM0355,6.7,2019JJ00
GM0355,8.1,2020JJ00
GM0355,7.3,2021JJ00
GM0355,7.2,2022JJ00
GM0355,7.8,2023JJ00
GM0299,10.5,2013JJ00
GM0299,11.0,2014JJ00
GM0299,11.0,2015JJ00
GM0299,10.2,2016JJ00
GM0299,8.0,2017JJ00
GM0299,6.0,2018JJ00
GM0299,5.5,2019JJ00
GM0299,6.6,2020JJ00
GM0299,6.3,2021JJ00
GM0299,5.4,2022JJ00
GM0299,4.3,2023JJ00
GM0637,14.5,2013JJ00
GM0637,14.8,2014JJ00
GM0637,14.5,2015JJ00
GM0637,14.9,2016JJ00
GM0637,11.9,2017JJ00
GM0637,9.0,2018JJ00
GM0637,7.2,2019JJ00
GM0637,9.9,2020JJ00
GM0637,8.2,2021JJ00
GM0637,6.0,2022JJ00
GM0637,5.8,2023JJ00
GM0638,10.7,2013JJ00
GM0638,9.7,2014JJ00
GM0638,8.6,2015JJ00
GM0638,9.0,2016JJ00
GM0638,7.8,2017JJ00
GM0638,5.6,2018JJ00
GM0638,4.9,2019JJ00
GM0638,5.9,2020JJ00
GM0638,5.5,2021JJ00
GM0638,4.8,2022JJ00
GM0638,5.1,2023JJ00
GM1892,11.1,2013JJ00
GM1892,12.9,2014JJ00
GM1892,11.6,2015JJ00
GM1892,10.7,2016JJ00
GM1892,8.8,2017JJ00
GM1892,6.3,2018JJ00
GM1892,6.4,2019JJ00
GM1892,7.9,2020JJ00
GM1892,6.3,2021JJ00
GM1892,5.7,2022JJ00
GM1892,5.5,2023JJ00
GM0879,8.5,2013JJ00
GM0879,8.2,2014JJ00
GM0879,7.6,2015JJ00
GM0879,7.9,2016JJ00
GM0879,6.4,2017JJ00
GM0879,6.1,2018JJ00
GM0879,5.3,2019JJ00
GM0879,5.4,2020JJ00
GM0879,4.9,2021JJ00
GM0879,3.9,2022JJ00
GM0879,3.8,2023JJ00
GM0301,12.8,2013JJ00
GM0301,15.4,2014JJ00
GM0301,13.0,2015JJ00
GM0301,11.7,2016JJ00
GM0301,10.0,2017JJ00
GM0301,10.5,2018JJ00
GM0301,8.1,2019JJ00
GM0301,7.9,2020JJ00
GM0301,6.8,2021JJ00
GM0301,5.1,2022JJ00
GM0301,5.2,2023JJ00
GM1896,9.5,2013JJ00
GM1896,8.1,2014JJ00
GM1896,7.9,2015JJ00
GM1896,7.8,2016JJ00
GM1896,6.3,2017JJ00
GM1896,4.6,2018JJ00
GM1896,4.2,2019JJ00
GM1896,4.9,2020JJ00
GM1896,4.6,2021JJ00
GM1896,3.4,2022JJ00
GM1896,3.7,2023JJ00
GM0642,11.6,2013JJ00
GM0642,11.7,2014JJ00
GM0642,12.6,2015JJ00
GM0642,12.0,2016JJ00
GM0642,10.2,2017JJ00
GM0642,7.5,2018JJ00
GM0642,7.7,2019JJ00
GM0642,7.5,2020JJ00
GM0642,6.2,2021JJ00
GM0642,5.6,2022JJ00
GM0642,5.5,2023JJ00
GM0193,13.5,2013JJ00
GM0193,16.4,2014JJ00
GM0193,16.5,2015JJ00
GM0193,14.0,2016JJ00
GM0193,10.1,2017JJ00
GM0193,9.3,2018JJ00
GM0193,9.6,2019JJ00
GM0193,8.1,2020JJ00
GM0193,7.6,2021JJ00
GM0193,6.0,2022JJ00
GM0193,6.9,2023JJ00
AM01  ,13.4,2013JJ00
AM01  ,14.9,2014JJ00
AM01  ,14.5,2015JJ00
AM01  ,13.0,2016JJ00
AM01  ,11.6,2017JJ00
AM01  ,9.4,2018JJ00
AM01  ,9.0,2019JJ00
AM01  ,9.5,2020JJ00
AM01  ,7.8,2021JJ00
AM01  ,6.2,2022JJ00
AM01  ,6.5,2023JJ00
AM02  ,13.1,2013JJ00
AM02  ,12.7,2014JJ00
AM02  ,12.7,2015JJ00
AM02  ,11.4,2016JJ00
AM02  ,9.3,2017JJ00
AM02  ,7.8,2018JJ00
AM02  ,7.0,2019JJ00
AM02  ,6.9,2020JJ00
AM02  ,5.9,2021JJ00
AM02  ,5.5,2022JJ00
AM02  ,5.6,2023JJ00
AM03  ,11.5,2013JJ00
AM03  ,12.6,2014JJ00
AM03  ,11.8,2015JJ00
AM03  ,11.2,2016JJ00
AM03  ,8.8,2017JJ00
AM03  ,7.4,2018JJ00
AM03  ,5.9,2019JJ00
AM03  ,7.3,2020JJ00
AM03  ,4.9,2021JJ00
AM03  ,4.3,2022JJ00
AM03  ,4.6,2023JJ00
AM05  ,12.8,2013JJ00
AM05  ,13.2,2014JJ00
AM05  ,12.4,2015JJ00
AM05  ,11.2,2016JJ00
AM05  ,8.9,2017JJ00
AM05  ,7.0,2018JJ00
AM05  ,6.6,2019JJ00
AM05  ,7.2,2020JJ00
AM05  ,6.1,2021JJ00
AM05  ,4.8,2022JJ00
AM05  ,5.7,2023JJ00
AM06  ,11.3,2013JJ00
AM06  ,12.1,2014JJ00
AM06  ,11.3,2015JJ00
AM06  ,9.5,2016JJ00
AM06  ,8.3,2017JJ00
AM06  ,7.6,2018JJ00
AM06  ,6.6,2019JJ00
AM06  ,7.4,2020JJ00
AM06  ,5.9,2021JJ00
AM06  ,5.2,2022JJ00
AM06  ,5.2,2023JJ00
AM07  ,13.1,2013JJ00
AM07  ,14.7,2014JJ00
AM07  ,13.3,2015JJ00
AM07  ,11.2,2016JJ00
AM07  ,9.3,2017JJ00
AM07  ,8.4,2018JJ00
AM07  ,7.2,2019JJ00
AM07  ,7.9,2020JJ00
AM07  ,7.9,2021JJ00
AM07  ,6.5,2022JJ00
AM07  ,5.6,2023JJ00
AM08  ,14.9,2013JJ00
AM08  ,15.1,2014JJ00
AM08  ,15.0,2015JJ00
AM08  ,11.9,2016JJ00
AM08  ,9.8,2017JJ00
AM08  ,9.5,2018JJ00
AM08  ,8.7,2019JJ00
AM08  ,8.9,2020JJ00
AM08  ,8.5,2021JJ00
AM08  ,6.6,2022JJ00
AM08  ,6.9,2023JJ00
AM09  ,9.7,2013JJ00
AM09  ,10.4,2014JJ00
AM09  ,9.6,2015JJ00
AM09  ,8.3,2016JJ00
AM09  ,7.3,2017JJ00
AM09  ,5.9,2018JJ00
AM09  ,5.3,2019JJ00
AM09  ,5.9,2020JJ00
AM09  ,4.5,2021JJ00
AM09  ,4.4,2022JJ00
AM09  ,4.3,2023JJ00
AM10  ,10.0,2013JJ00
AM10  ,10.4,2014JJ00
AM10  ,9.7,2015JJ00
AM10  ,8.4,2016JJ00
AM10  ,7.2,2017JJ00
AM10  ,6.5,2018JJ00
AM10  ,6.2,2019JJ00
AM10  ,6.3,2020JJ00
AM10  ,5.2,2021JJ00
AM10  ,4.5,2022JJ00
AM10  ,4.3,2023JJ00
AM11  ,15.9,2013JJ00
AM11  ,16.2,2014JJ00
AM11  ,13.7,2015JJ00
AM11  ,14.1,2016JJ00
AM11  ,11.1,2017JJ00
AM11  ,8.1,2018JJ00
AM11  ,7.8,2019JJ00
AM11  ,8.5,2020JJ00
AM11  ,8.3,2021JJ00
AM11  ,6.2,2022JJ00
AM11  ,6.6,2023JJ00
AM12  ,11.9,2013JJ00
AM12  ,13.3,2014JJ00
AM12  ,12.3,2015JJ00
AM12  ,10.7,2016JJ00
AM12  ,9.2,2017JJ00
AM12  ,8.5,2018JJ00
AM12  ,7.0,2019JJ00
AM12  ,8.5,2020JJ00
AM12  ,6.9,2021JJ00
AM12  ,5.8,2022JJ00
AM12  ,5.5,2023JJ00
AM13  ,12.6,2013JJ00
AM13  ,13.0,2014JJ00
AM13  ,12.8,2015JJ00
AM13  ,10.7,2016JJ00
AM13  ,10.0,2017JJ00
AM13  ,8.3,2018JJ00
AM13  ,7.7,2019JJ00
AM13  ,9.0,2020JJ00
AM13  ,8.6,2021JJ00
AM13  ,7.0,2022JJ00
AM13  ,6.8,2023JJ00
AM14  ,11.3,2013JJ00
AM14  ,11.9,2014JJ00
AM14  ,12.3,2015JJ00
AM14  ,9.5,2016JJ00
AM14  ,9.6,2017JJ00
AM14  ,7.8,2018JJ00
AM14  ,6.2,2019JJ00
AM14  ,8.1,2020JJ00
AM14  ,7.5,2021JJ00
AM14  ,6.5,2022JJ00
AM14  ,5.8,2023JJ00
AM15  ,10.8,2013JJ00
AM15  ,11.8,2014JJ00
AM15  ,10.3,2015JJ00
AM15  ,8.9,2016JJ00
AM15  ,8.0,2017JJ00
AM15  ,6.6,2018JJ00
AM15  ,5.9,2019JJ00
AM15  ,6.4,2020JJ00
AM15  ,5.6,2021JJ00
AM15  ,4.7,2022JJ00
AM15  ,4.7,2023JJ00
AM17  ,11.4,2013JJ00
AM17  ,12.0,2014JJ00
AM17  ,10.9,2015JJ00
AM17  ,9.7,2016JJ00
AM17  ,8.3,2017JJ00
AM17  ,7.0,2018JJ00
AM17  ,5.7,2019JJ00
AM17  ,6.8,2020JJ00
AM17  ,5.9,2021JJ00
AM17  ,5.0,2022JJ00
AM17  ,5.2,2023JJ00
AM18  ,16.3,2013JJ00
AM18  ,16.2,2014JJ00
AM18  ,15.2,2015JJ00
AM18  ,13.2,2016JJ00
AM18  ,11.1,2017JJ00
AM18  ,9.8,2018JJ00
AM18  ,8.9,2019JJ00
AM18  ,10.6,2020JJ00
AM18  ,12.4,2021JJ00
AM18  ,7.5,2022JJ00
AM18  ,7.4,2023JJ00
AM19  ,11.0,2013JJ00
AM19  ,12.0,2014JJ00
AM19  ,10.5,2015JJ00
AM19  ,10.7,2016JJ00
AM19  ,8.7,2017JJ00
AM19  ,7.3,2018JJ00
AM19  ,6.6,2019JJ00
AM19  ,7.9,2020JJ00
AM19  ,6.6,2021JJ00
AM19  ,5.3,2022JJ00
AM19  ,5.1,2023JJ00
AM20  ,11.0,2013JJ00
AM20  ,11.1,2014JJ00
AM20  ,11.4,2015JJ00
AM20  ,10.9,2016JJ00
AM20  ,8.8,2017JJ00
AM20  ,7.0,2018JJ00
AM20  ,6.1,2019JJ00
AM20  ,7.5,2020JJ00
AM20  ,6.7,2021JJ00
AM20  ,5.6,2022JJ00
AM20  ,5.5,2023JJ00
AM21  ,14.9,2013JJ00
AM21  ,15.7,2014JJ00
AM21  ,15.8,2015JJ00
AM21  ,14.0,2016JJ00
AM21  ,12.2,2017JJ00
AM21  ,10.2,2018JJ00
AM21  ,9.1,2019JJ00
AM21  ,10.0,2020JJ00
AM21  ,9.2,2021JJ00
AM21  ,7.3,2022JJ00
AM21  ,7.2,2023JJ00
AM22  ,14.2,2013JJ00
AM22  ,15.8,2014JJ00
AM22  ,15.5,2015JJ00
AM22  ,14.6,2016JJ00
AM22  ,11.7,2017JJ00
AM22  ,9.7,2018JJ00
AM22  ,9.2,2019JJ00
AM22  ,8.8,2020JJ00
AM22  ,8.2,2021JJ00
AM22  ,6.9,2022JJ00
AM22  ,6.9,2023JJ00
AM23  ,11.4,2013JJ00
AM23  ,12.6,2014JJ00
AM23  ,12.7,2015JJ00
AM23  ,10.5,2016JJ00
AM23  ,9.5,2017JJ00
AM23  ,7.4,2018JJ00
AM23  ,7.4,2019JJ00
AM23  ,8.2,2020JJ00
AM23  ,6.6,2021JJ00
AM23  ,5.6,2022JJ00
AM23  ,5.6,2023JJ00
AM24  ,9.1,2013JJ00
AM24  ,9.8,2014JJ00
AM24  ,8.7,2015JJ00
AM24  ,8.3,2016JJ00
AM24  ,6.4,2017JJ00
AM24  ,5.6,2018JJ00
AM24  ,5.0,2019JJ00
AM24  ,6.1,2020JJ00
AM24  ,5.2,2021JJ00
AM24  ,3.9,2022JJ00
AM24  ,4.2,2023JJ00
AM25  ,11.2,2013JJ00
AM25  ,11.5,2014JJ00
AM25  ,11.9,2015JJ00
AM25  ,10.2,2016JJ00
AM25  ,8.6,2017JJ00
AM25  ,6.5,2018JJ00
AM25  ,6.6,2019JJ00
AM25  ,7.6,2020JJ00
AM25  ,6.0,2021JJ00
AM25  ,4.8,2022JJ00
AM25  ,5.1,2023JJ00
AM26  ,11.9,2013JJ00
AM26  ,11.9,2014JJ00
AM26  ,11.9,2015JJ00
AM26  ,10.0,2016JJ00
AM26  ,8.6,2017JJ00
AM26  ,6.3,2018JJ00
AM26  ,6.4,2019JJ00
AM26  ,7.4,2020JJ00
AM26  ,6.6,2021JJ00
AM26  ,5.2,2022JJ00
AM26  ,5.2,2023JJ00
AM27  ,10.9,2013JJ00
AM27  ,11.4,2014JJ00
AM27  ,11.6,2015JJ00
AM27  ,9.6,2016JJ00
AM27  ,8.0,2017JJ00
AM27  ,5.9,2018JJ00
AM27  ,5.8,2019JJ00
AM27  ,6.7,2020JJ00
AM27  ,5.8,2021JJ00
AM27  ,4.9,2022JJ00
AM27  ,4.7,2023JJ00
AM28  ,11.9,2013JJ00
AM28  ,12.5,2014JJ00
AM28  ,12.6,2015JJ00
AM28  ,10.9,2016JJ00
AM28  ,9.1,2017JJ00
AM28  ,7.7,2018JJ00
AM28  ,7.2,2019JJ00
AM28  ,7.8,2020JJ00
AM28  ,7.0,2021JJ00
AM28  ,5.3,2022JJ00
AM28  ,5.6,2023JJ00
AM29  ,11.0,2013JJ00
AM29  ,11.4,2014JJ00
AM29  ,9.6,2015JJ00
AM29  ,9.1,2016JJ00
AM29  ,8.0,2017JJ00
AM29  ,6.3,2018JJ00
AM29  ,5.3,2019JJ00
AM29  ,6.2,2020JJ00
AM29  ,5.7,2021JJ00
AM29  ,5.1,2022JJ00
AM29  ,4.3,2023JJ00
AM30  ,12.7,2013JJ00
AM30  ,13.4,2014JJ00
AM30  ,11.4,2015JJ00
AM30  ,10.7,2016JJ00
AM30  ,9.5,2017JJ00
AM30  ,7.4,2018JJ00
AM30  ,6.5,2019JJ00
AM30  ,7.6,2020JJ00
AM30  ,6.4,2021JJ00
AM30  ,6.3,2022JJ00
AM30  ,5.2,2023JJ00
AM32  ,10.9,2013JJ00
AM32  ,11.2,2014JJ00
AM32  ,10.3,2015JJ00
AM32  ,9.6,2016JJ00
AM32  ,7.6,2017JJ00
AM32  ,6.2,2018JJ00
AM32  ,6.1,2019JJ00
AM32  ,6.8,2020JJ00
AM32  ,5.6,2021JJ00
AM32  ,4.8,2022JJ00
AM32  ,4.9,2023JJ00
AM33  ,10.7,2013JJ00
AM33  ,10.9,2014JJ00
AM33  ,9.8,2015JJ00
AM33  ,9.5,2016JJ00
AM33  ,8.5,2017JJ00
AM33  ,6.5,2018JJ00
AM33  ,6.2,2019JJ00
AM33  ,6.6,2020JJ00
AM33  ,5.5,2021JJ00
AM33  ,5.2,2022JJ00
AM33  ,4.6,2023JJ00
AM34  ,13.1,2013JJ00
AM34  ,13.8,2014JJ00
AM34  ,13.9,2015JJ00
AM34  ,12.5,2016JJ00
AM34  ,10.5,2017JJ00
AM34  ,8.5,2018JJ00
AM34  ,7.4,2019JJ00
AM34  ,8.8,2020JJ00
AM34  ,7.6,2021JJ00
AM34  ,6.1,2022JJ00
AM34  ,6.0,2023JJ00
AM35  ,9.9,2013JJ00
AM35  ,10.8,2014JJ00
AM35  ,10.1,2015JJ00
AM35  ,8.6,2016JJ00
AM35  ,7.5,2017JJ00
AM35  ,6.5,2018JJ00
AM35  ,5.3,2019JJ00
AM35  ,6.4,2020JJ00
AM35  ,5.4,2021JJ00
AM35  ,4.9,2022JJ00
AM35  ,4.6,2023JJ00
AM36  ,10.5,2013JJ00
AM36  ,11.1,2014JJ00
AM36  ,11.0,2015JJ00
AM36  ,9.9,2016JJ00
AM36  ,7.8,2017JJ00
AM36  ,6.4,2018JJ00
AM36  ,5.7,2019JJ00
AM36  ,6.2,2020JJ00
AM36  ,5.3,2021JJ00
AM36  ,4.3,2022JJ00
AM36  ,4.9,2023JJ00
AM37  ,12.3,2013JJ00
AM37  ,13.6,2014JJ00
AM37  ,12.4,2015JJ00
AM37  ,10.3,2016JJ00
AM37  ,8.4,2017JJ00
AM37  ,7.9,2018JJ00
AM37  ,7.1,2019JJ00
AM37  ,8.2,2020JJ00
AM37  ,7.2,2021JJ00
AM37  ,5.8,2022JJ00
AM37  ,6.0,2023JJ00
AM38  ,10.8,2013JJ00
AM38  ,11.2,2014JJ00
AM38  ,10.9,2015JJ00
AM38  ,9.5,2016JJ00
AM38  ,8.7,2017JJ00
AM38  ,7.5,2018JJ00
AM38  ,6.0,2019JJ00
AM38  ,6.8,2020JJ00
AM38  ,6.2,2021JJ00
AM38  ,4.8,2022JJ00
AM38  ,5.0,2023JJ00
AM99  ,,2013JJ00
AM99  ,,2014JJ00
AM99  ,,2015JJ00
AM99  ,,2016JJ00
AM99  ,,2017JJ00
AM99  ,,2018JJ00
AM99  ,,2019JJ00
AM99  ,,2020JJ00
AM99  ,,2021JJ00
AM99  ,,2022JJ00
AM99  ,,2023JJ00
NL01  ,7.9,2013JJ00
NL01  ,8.2,2014JJ00
NL01  ,7.7,2015JJ00
NL01  ,6.8,2016JJ00
NL01  ,5.7,2017JJ00
NL01  ,4.5,2018JJ00
NL01  ,4.2,2019JJ00
NL01  ,4.7,2020JJ00
NL01  ,4.0,2021JJ00
NL01  ,3.3,2022JJ00
NL01  ,3.2,2023JJ00
LD01  ,8.0,2013JJ00
LD01  ,8.0,2014JJ00
LD01  ,8.0,2015JJ00
LD01  ,7.0,2016JJ00
LD01  ,6.0,2017JJ00
LD01  ,4.9,2018JJ00
LD01  ,4.0,2019JJ00
LD01  ,4.5,2020JJ00
LD01  ,3.9,2021JJ00
LD01  ,3.1,2022JJ00
LD01  ,3.1,2023JJ00
LD02  ,7.6,2013JJ00
LD02  ,7.9,2014JJ00
LD02  ,7.3,2015JJ00
LD02  ,6.7,2016JJ00
LD02  ,5.5,2017JJ00
LD02  ,4.1,2018JJ00
LD02  ,3.6,2019JJ00
LD02  ,4.2,2020JJ00
LD02  ,3.6,2021JJ00
LD02  ,3.0,2022JJ00
LD02  ,2.9,2023JJ00
LD03  ,8.4,2013JJ00
LD03  ,8.6,2014JJ00
LD03  ,8.1,2015JJ00
LD03  ,7.1,2016JJ00
LD03  ,5.9,2017JJ00
LD03  ,4.7,2018JJ00
LD03  ,4.6,2019JJ00
LD03  ,5.2,2020JJ00
LD03  ,4.5,2021JJ00
LD03  ,3.6,2022JJ00
LD03  ,3.5,2023JJ00
LD04  ,7.3,2013JJ00
LD04  ,7.8,2014JJ00
LD04  ,7.2,2015JJ00
LD04  ,6.3,2016JJ00
LD04  ,5.1,2017JJ00
LD04  ,4.1,2018JJ00
LD04  ,3.8,2019JJ00
LD04  ,4.1,2020JJ00
LD04  ,3.5,2021JJ00
LD04  ,3.1,2022JJ00
LD04  ,3.0,2023JJ00
PV20  ,8.8,2013JJ00
PV20  ,9.0,2014JJ00
PV20  ,9.4,2015JJ00
PV20  ,8.1,2016JJ00
PV20  ,7.0,2017JJ00
PV20  ,6.2,2018JJ00
PV20  ,5.1,2019JJ00
PV20  ,5.4,2020JJ00
PV20  ,4.4,2021JJ00
PV20  ,3.6,2022JJ00
PV20  ,3.6,2023JJ00
PV21  ,8.0,2013JJ00
PV21  ,7.9,2014JJ00
PV21  ,7.3,2015JJ00
PV21  ,6.5,2016JJ00
PV21  ,5.5,2017JJ00
PV21  ,4.3,2018JJ00
PV21  ,3.5,2019JJ00
PV21  ,4.3,2020JJ00
PV21  ,3.7,2021JJ00
PV21  ,3.0,2022JJ00
PV21  ,3.0,2023JJ00
PV22  ,7.3,2013JJ00
PV22  ,7.2,2014JJ00
PV22  ,7.5,2015JJ00
PV22  ,6.5,2016JJ00
PV22  ,5.7,2017JJ00
PV22  ,4.1,2018JJ00
PV22  ,3.4,2019JJ00
PV22  ,3.9,2020JJ00
PV22  ,3.5,2021JJ00
PV22  ,2.7,2022JJ00
PV22  ,2.7,2023JJ00
PV23  ,7.6,2013JJ00
PV23  ,7.5,2014JJ00
PV23  ,6.9,2015JJ00
PV23  ,6.9,2016JJ00
PV23  ,5.3,2017JJ00
PV23  ,4.1,2018JJ00
PV23  ,3.5,2019JJ00
PV23  ,4.2,2020JJ00
PV23  ,3.3,2021JJ00
PV23  ,3.0,2022JJ00
PV23  ,2.8,2023JJ00
PV24  ,8.7,2013JJ00
PV24  ,9.4,2014JJ00
PV24  ,8.5,2015JJ00
PV24  ,7.0,2016JJ00
PV24  ,5.9,2017JJ00
PV24  ,4.7,2018JJ00
PV24  ,4.0,2019JJ00
PV24  ,4.3,2020JJ00
PV24  ,4.1,2021JJ00
PV24  ,2.9,2022JJ00
PV24  ,3.0,2023JJ00
PV25  ,7.3,2013JJ00
PV25  ,7.9,2014JJ00
PV25  ,7.3,2015JJ00
PV25  ,6.5,2016JJ00
PV25  ,5.5,2017JJ00
PV25  ,3.9,2018JJ00
PV25  ,3.6,2019JJ00
PV25  ,4.2,2020JJ00
PV25  ,3.6,2021JJ00
PV25  ,3.0,2022JJ00
PV25  ,2.9,2023JJ00
PV26  ,7.9,2013JJ00
PV26  ,8.3,2014JJ00
PV26  ,7.8,2015JJ00
PV26  ,6.8,2016JJ00
PV26  ,5.5,2017JJ00
PV26  ,4.6,2018JJ00
PV26  ,4.7,2019JJ00
PV26  ,5.0,2020JJ00
PV26  ,4.2,2021JJ00
PV26  ,3.3,2022JJ00
PV26  ,3.5,2023JJ00
PV27  ,8.2,2013JJ00
PV27  ,8.4,2014JJ00
PV27  ,7.5,2015JJ00
PV27  ,6.8,2016JJ00
PV27  ,6.0,2017JJ00
PV27  ,4.8,2018JJ00
PV27  ,4.6,2019JJ00
PV27  ,5.3,2020JJ00
PV27  ,4.6,2021JJ00
PV27  ,3.9,2022JJ00
PV27  ,3.7,2023JJ00
PV28  ,9.0,2013JJ00
PV28  ,9.1,2014JJ00
PV28  ,8.9,2015JJ00
PV28  ,7.8,2016JJ00
PV28  ,6.2,2017JJ00
PV28  ,4.9,2018JJ00
PV28  ,4.8,2019JJ00
PV28  ,5.3,2020JJ00
PV28  ,4.8,2021JJ00
PV28  ,3.6,2022JJ00
PV28  ,3.6,2023JJ00
PV29  ,6.0,2013JJ00
PV29  ,5.9,2014JJ00
PV29  ,6.0,2015JJ00
PV29  ,4.5,2016JJ00
PV29  ,4.1,2017JJ00
PV29  ,3.3,2018JJ00
PV29  ,3.3,2019JJ00
PV29  ,3.4,2020JJ00
PV29  ,2.8,2021JJ00
PV29  ,2.5,2022JJ00
PV29  ,2.3,2023JJ00
PV30  ,7.2,2013JJ00
PV30  ,7.8,2014JJ00
PV30  ,7.2,2015JJ00
PV30  ,6.3,2016JJ00
PV30  ,5.1,2017JJ00
PV30  ,4.1,2018JJ00
PV30  ,3.8,2019JJ00
PV30  ,4.1,2020JJ00
PV30  ,3.4,2021JJ00
PV30  ,3.0,2022JJ00
PV30  ,2.9,2023JJ00
PV31  ,7.4,2013JJ00
PV31  ,7.6,2014JJ00
PV31  ,7.2,2015JJ00
PV31  ,6.1,2016JJ00
PV31  ,5.1,2017JJ00
PV31  ,4.1,2018JJ00
PV31  ,3.8,2019JJ00
PV31  ,4.4,2020JJ00
PV31  ,3.7,2021JJ00
PV31  ,3.1,2022JJ00
PV31  ,3.2,2023JJ00
CR01  ,7.6,2013JJ00
CR01  ,7.8,2014JJ00
CR01  ,8.1,2015JJ00
CR01  ,6.8,2016JJ00
CR01  ,5.4,2017JJ00
CR01  ,4.7,2018JJ00
CR01  ,3.9,2019JJ00
CR01  ,4.3,2020JJ00
CR01  ,3.4,2021JJ00
CR01  ,2.8,2022JJ00
CR01  ,2.7,2023JJ00
CR02  ,8.0,2013JJ00
CR02  ,7.6,2014JJ00
CR02  ,7.8,2015JJ00
CR02  ,6.1,2016JJ00
CR02  ,5.6,2017JJ00
CR02  ,4.3,2018JJ00
CR02  ,3.8,2019JJ00
CR02  ,4.1,2020JJ00
CR02  ,3.2,2021JJ00
CR02  ,2.6,2022JJ00
CR02  ,2.7,2023JJ00
CR03  ,9.3,2013JJ00
CR03  ,9.6,2014JJ00
CR03  ,10.1,2015JJ00
CR03  ,8.9,2016JJ00
CR03  ,7.7,2017JJ00
CR03  ,7.0,2018JJ00
CR03  ,5.6,2019JJ00
CR03  ,5.9,2020JJ00
CR03  ,4.9,2021JJ00
CR03  ,4.0,2022JJ00
CR03  ,4.0,2023JJ00
CR04  ,8.6,2013JJ00
CR04  ,8.1,2014JJ00
CR04  ,8.1,2015JJ00
CR04  ,7.0,2016JJ00
CR04  ,5.9,2017JJ00
CR04  ,4.7,2018JJ00
CR04  ,3.8,2019JJ00
CR04  ,4.6,2020JJ00
CR04  ,4.1,2021JJ00
CR04  ,3.2,2022JJ00
CR04  ,3.2,2023JJ00
CR05  ,6.9,2013JJ00
CR05  ,7.3,2014JJ00
CR05  ,6.0,2015JJ00
CR05  ,5.5,2016JJ00
CR05  ,5.0,2017JJ00
CR05  ,3.7,2018JJ00
CR05  ,3.0,2019JJ00
CR05  ,3.9,2020JJ00
CR05  ,3.1,2021JJ00
CR05  ,2.8,2022JJ00
CR05  ,2.6,2023JJ00
CR06  ,7.7,2013JJ00
CR06  ,7.9,2014JJ00
CR06  ,6.9,2015JJ00
CR06  ,6.4,2016JJ00
CR06  ,5.2,2017JJ00
CR06  ,4.1,2018JJ00
CR06  ,3.3,2019JJ00
CR06  ,4.1,2020JJ00
CR06  ,3.5,2021JJ00
CR06  ,2.8,2022JJ00
CR06  ,2.9,2023JJ00
CR07  ,6.9,2013JJ00
CR07  ,7.4,2014JJ00
CR07  ,7.5,2015JJ00
CR07  ,6.5,2016JJ00
CR07  ,5.5,2017JJ00
CR07  ,4.0,2018JJ00
CR07  ,3.5,2019JJ00
CR07  ,3.9,2020JJ00
CR07  ,3.3,2021JJ00
CR07  ,2.8,2022JJ00
CR07  ,3.1,2023JJ00
CR08  ,7.4,2013JJ00
CR08  ,7.2,2014JJ00
CR08  ,7.8,2015JJ00
CR08  ,6.9,2016JJ00
CR08  ,6.2,2017JJ00
CR08  ,4.3,2018JJ00
CR08  ,3.5,2019JJ00
CR08  ,4.1,2020JJ00
CR08  ,3.9,2021JJ00
CR08  ,2.7,2022JJ00
CR08  ,2.5,2023JJ00
CR09  ,7.5,2013JJ00
CR09  ,7.1,2014JJ00
CR09  ,7.0,2015JJ00
CR09  ,5.9,2016JJ00
CR09  ,5.2,2017JJ00
CR09  ,3.9,2018JJ00
CR09  ,3.2,2019JJ00
CR09  ,3.8,2020JJ00
CR09  ,3.2,2021JJ00
CR09  ,2.5,2022JJ00
CR09  ,2.5,2023JJ00
CR10  ,7.0,2013JJ00
CR10  ,6.8,2014JJ00
CR10  ,6.3,2015JJ00
CR10  ,6.5,2016JJ00
CR10  ,4.9,2017JJ00
CR10  ,3.8,2018JJ00
CR10  ,3.4,2019JJ00
CR10  ,4.1,2020JJ00
CR10  ,3.0,2021JJ00
CR10  ,2.8,2022JJ00
CR10  ,2.7,2023JJ00
CR11  ,7.8,2013JJ00
CR11  ,7.8,2014JJ00
CR11  ,7.1,2015JJ00
CR11  ,7.3,2016JJ00
CR11  ,5.4,2017JJ00
CR11  ,4.3,2018JJ00
CR11  ,3.5,2019JJ00
CR11  ,4.2,2020JJ00
CR11  ,3.3,2021JJ00
CR11  ,3.1,2022JJ00
CR11  ,3.0,2023JJ00
CR12  ,7.9,2013JJ00
CR12  ,7.8,2014JJ00
CR12  ,7.3,2015JJ00
CR12  ,7.0,2016JJ00
CR12  ,5.6,2017JJ00
CR12  ,4.3,2018JJ00
CR12  ,3.6,2019JJ00
CR12  ,4.1,2020JJ00
CR12  ,3.5,2021JJ00
CR12  ,3.0,2022JJ00
CR12  ,2.8,2023JJ00
CR13  ,6.6,2013JJ00
CR13  ,7.1,2014JJ00
CR13  ,6.5,2015JJ00
CR13  ,6.1,2016JJ00
CR13  ,5.0,2017JJ00
CR13  ,3.5,2018JJ00
CR13  ,3.2,2019JJ00
CR13  ,3.9,2020JJ00
CR13  ,3.1,2021JJ00
CR13  ,2.7,2022JJ00
CR13  ,2.7,2023JJ00
CR14  ,6.7,2013JJ00
CR14  ,7.3,2014JJ00
CR14  ,6.8,2015JJ00
CR14  ,5.9,2016JJ00
CR14  ,4.8,2017JJ00
CR14  ,3.6,2018JJ00
CR14  ,3.2,2019JJ00
CR14  ,3.6,2020JJ00
CR14  ,3.0,2021JJ00
CR14  ,2.5,2022JJ00
CR14  ,2.4,2023JJ00
CR15  ,8.7,2013JJ00
CR15  ,9.4,2014JJ00
CR15  ,8.7,2015JJ00
CR15  ,7.8,2016JJ00
CR15  ,6.7,2017JJ00
CR15  ,4.6,2018JJ00
CR15  ,4.5,2019JJ00
CR15  ,5.1,2020JJ00
CR15  ,4.6,2021JJ00
CR15  ,3.6,2022JJ00
CR15  ,3.5,2023JJ00
CR16  ,6.8,2013JJ00
CR16  ,7.0,2014JJ00
CR16  ,6.2,2015JJ00
CR16  ,5.6,2016JJ00
CR16  ,4.6,2017JJ00
CR16  ,3.5,2018JJ00
CR16  ,3.3,2019JJ00
CR16  ,3.8,2020JJ00
CR16  ,3.2,2021JJ00
CR16  ,2.8,2022JJ00
CR16  ,2.6,2023JJ00
CR17  ,7.9,2013JJ00
CR17  ,8.3,2014JJ00
CR17  ,7.8,2015JJ00
CR17  ,6.8,2016JJ00
CR17  ,5.5,2017JJ00
CR17  ,4.6,2018JJ00
CR17  ,4.7,2019JJ00
CR17  ,5.0,2020JJ00
CR17  ,4.2,2021JJ00
CR17  ,3.3,2022JJ00
CR17  ,3.5,2023JJ00
CR18  ,6.1,2013JJ00
CR18  ,6.5,2014JJ00
CR18  ,5.8,2015JJ00
CR18  ,5.6,2016JJ00
CR18  ,4.6,2017JJ00
CR18  ,3.5,2018JJ00
CR18  ,3.3,2019JJ00
CR18  ,3.6,2020JJ00
CR18  ,2.8,2021JJ00
CR18  ,2.6,2022JJ00
CR18  ,2.6,2023JJ00
CR19  ,6.8,2013JJ00
CR19  ,7.6,2014JJ00
CR19  ,6.2,2015JJ00
CR19  ,5.6,2016JJ00
CR19  ,4.8,2017JJ00
CR19  ,3.8,2018JJ00
CR19  ,3.6,2019JJ00
CR19  ,4.1,2020JJ00
CR19  ,3.0,2021JJ00
CR19  ,2.9,2022JJ00
CR19  ,2.7,2023JJ00
CR20  ,6.3,2013JJ00
CR20  ,7.0,2014JJ00
CR20  ,6.4,2015JJ00
CR20  ,5.6,2016JJ00
CR20  ,4.7,2017JJ00
CR20  ,3.7,2018JJ00
CR20  ,3.4,2019JJ00
CR20  ,3.7,2020JJ00
CR20  ,3.1,2021JJ00
CR20  ,2.9,2022JJ00
CR20  ,2.8,2023JJ00
CR21  ,8.1,2013JJ00
CR21  ,8.3,2014JJ00
CR21  ,8.4,2015JJ00
CR21  ,7.0,2016JJ00
CR21  ,6.7,2017JJ00
CR21  ,5.0,2018JJ00
CR21  ,5.1,2019JJ00
CR21  ,5.7,2020JJ00
CR21  ,4.1,2021JJ00
CR21  ,3.7,2022JJ00
CR21  ,4.2,2023JJ00
CR22  ,7.6,2013JJ00
CR22  ,7.6,2014JJ00
CR22  ,7.3,2015JJ00
CR22  ,6.7,2016JJ00
CR22  ,4.9,2017JJ00
CR22  ,4.0,2018JJ00
CR22  ,3.6,2019JJ00
CR22  ,4.6,2020JJ00
CR22  ,4.1,2021JJ00
CR22  ,3.2,2022JJ00
CR22  ,2.8,2023JJ00
CR23  ,9.7,2013JJ00
CR23  ,9.7,2014JJ00
CR23  ,8.5,2015JJ00
CR23  ,7.8,2016JJ00
CR23  ,7.3,2017JJ00
CR23  ,5.8,2018JJ00
CR23  ,5.6,2019JJ00
CR23  ,6.7,2020JJ00
CR23  ,6.2,2021JJ00
CR23  ,5.0,2022JJ00
CR23  ,4.6,2023JJ00
CR24  ,7.8,2013JJ00
CR24  ,8.4,2014JJ00
CR24  ,7.6,2015JJ00
CR24  ,6.5,2016JJ00
CR24  ,5.8,2017JJ00
CR24  ,4.5,2018JJ00
CR24  ,4.3,2019JJ00
CR24  ,4.9,2020JJ00
CR24  ,3.6,2021JJ00
CR24  ,3.5,2022JJ00
CR24  ,3.5,2023JJ00
CR25  ,7.6,2013JJ00
CR25  ,7.3,2014JJ00
CR25  ,6.9,2015JJ00
CR25  ,6.2,2016JJ00
CR25  ,5.0,2017JJ00
CR25  ,4.0,2018JJ00
CR25  ,4.2,2019JJ00
CR25  ,4.6,2020JJ00
CR25  ,3.8,2021JJ00
CR25  ,3.1,2022JJ00
CR25  ,3.2,2023JJ00
CR26  ,10.7,2013JJ00
CR26  ,11.1,2014JJ00
CR26  ,11.0,2015JJ00
CR26  ,9.6,2016JJ00
CR26  ,8.0,2017JJ00
CR26  ,5.9,2018JJ00
CR26  ,5.8,2019JJ00
CR26  ,6.5,2020JJ00
CR26  ,5.6,2021JJ00
CR26  ,4.2,2022JJ00
CR26  ,4.3,2023JJ00
CR27  ,7.6,2013JJ00
CR27  ,7.8,2014JJ00
CR27  ,7.7,2015JJ00
CR27  ,6.4,2016JJ00
CR27  ,5.1,2017JJ00
CR27  ,4.5,2018JJ00
CR27  ,4.2,2019JJ00
CR27  ,4.8,2020JJ00
CR27  ,3.9,2021JJ00
CR27  ,3.3,2022JJ00
CR27  ,3.5,2023JJ00
CR28  ,6.8,2013JJ00
CR28  ,6.9,2014JJ00
CR28  ,6.7,2015JJ00
CR28  ,5.7,2016JJ00
CR28  ,4.6,2017JJ00
CR28  ,3.7,2018JJ00
CR28  ,3.6,2019JJ00
CR28  ,3.9,2020JJ00
CR28  ,3.2,2021JJ00
CR28  ,2.7,2022JJ00
CR28  ,2.5,2023JJ00
CR29  ,10.0,2013JJ00
CR29  ,10.0,2014JJ00
CR29  ,9.8,2015JJ00
CR29  ,8.7,2016JJ00
CR29  ,6.7,2017JJ00
CR29  ,5.3,2018JJ00
CR29  ,5.2,2019JJ00
CR29  ,5.6,2020JJ00
CR29  ,5.5,2021JJ00
CR29  ,3.9,2022JJ00
CR29  ,4.0,2023JJ00
CR30  ,6.5,2013JJ00
CR30  ,6.8,2014JJ00
CR30  ,6.4,2015JJ00
CR30  ,5.8,2016JJ00
CR30  ,4.5,2017JJ00
CR30  ,3.9,2018JJ00
CR30  ,3.7,2019JJ00
CR30  ,4.2,2020JJ00
CR30  ,3.6,2021JJ00
CR30  ,2.8,2022JJ00
CR30  ,2.6,2023JJ00
CR31  ,6.2,2013JJ00
CR31  ,5.6,2014JJ00
CR31  ,6.0,2015JJ00
CR31  ,4.4,2016JJ00
CR31  ,4.0,2017JJ00
CR31  ,3.2,2018JJ00
CR31  ,3.2,2019JJ00
CR31  ,3.5,2020JJ00
CR31  ,2.9,2021JJ00
CR31  ,2.4,2022JJ00
CR31  ,2.2,2023JJ00
CR32  ,5.9,2013JJ00
CR32  ,6.0,2014JJ00
CR32  ,6.0,2015JJ00
CR32  ,4.6,2016JJ00
CR32  ,4.1,2017JJ00
CR32  ,3.3,2018JJ00
CR32  ,3.3,2019JJ00
CR32  ,3.4,2020JJ00
CR32  ,2.8,2021JJ00
CR32  ,2.5,2022JJ00
CR32  ,2.3,2023JJ00
CR33  ,7.2,2013JJ00
CR33  ,7.8,2014JJ00
CR33  ,7.2,2015JJ00
CR33  ,6.4,2016JJ00
CR33  ,5.3,2017JJ00
CR33  ,4.3,2018JJ00
CR33  ,3.8,2019JJ00
CR33  ,4.1,2020JJ00
CR33  ,3.5,2021JJ00
CR33  ,3.1,2022JJ00
CR33  ,2.9,2023JJ00
CR34  ,7.2,2013JJ00
CR34  ,7.9,2014JJ00
CR34  ,7.3,2015JJ00
CR34  ,6.5,2016JJ00
CR34  ,4.9,2017JJ00
CR34  ,3.9,2018JJ00
CR34  ,3.8,2019JJ00
CR34  ,3.9,2020JJ00
CR34  ,3.3,2021JJ00
CR34  ,3.0,2022JJ00
CR34  ,2.9,2023JJ00
CR35  ,6.9,2013JJ00
CR35  ,7.4,2014JJ00
CR35  ,6.5,2015JJ00
CR35  ,5.8,2016JJ00
CR35  ,4.9,2017JJ00
CR35  ,3.9,2018JJ00
CR35  ,3.5,2019JJ00
CR35  ,3.7,2020JJ00
CR35  ,3.1,2021JJ00
CR35  ,2.9,2022JJ00
CR35  ,2.6,2023JJ00
CR36  ,7.5,2013JJ00
CR36  ,8.2,2014JJ00
CR36  ,7.6,2015JJ00
CR36  ,6.6,2016JJ00
CR36  ,5.2,2017JJ00
CR36  ,4.2,2018JJ00
CR36  ,3.9,2019JJ00
CR36  ,4.5,2020JJ00
CR36  ,3.7,2021JJ00
CR36  ,3.1,2022JJ00
CR36  ,3.2,2023JJ00
CR37  ,6.6,2013JJ00
CR37  ,7.2,2014JJ00
CR37  ,6.7,2015JJ00
CR37  ,5.4,2016JJ00
CR37  ,4.5,2017JJ00
CR37  ,3.7,2018JJ00
CR37  ,3.3,2019JJ00
CR37  ,3.9,2020JJ00
CR37  ,3.2,2021JJ00
CR37  ,2.9,2022JJ00
CR37  ,2.9,2023JJ00
CR38  ,6.8,2013JJ00
CR38  ,6.9,2014JJ00
CR38  ,6.5,2015JJ00
CR38  ,5.7,2016JJ00
CR38  ,4.8,2017JJ00
CR38  ,3.8,2018JJ00
CR38  ,3.6,2019JJ00
CR38  ,4.2,2020JJ00
CR38  ,3.5,2021JJ00
CR38  ,3.0,2022JJ00
CR38  ,3.0,2023JJ00
CR39  ,8.0,2013JJ00
CR39  ,8.2,2014JJ00
CR39  ,7.8,2015JJ00
CR39  ,6.7,2016JJ00
CR39  ,5.5,2017JJ00
CR39  ,4.5,2018JJ00
CR39  ,4.2,2019JJ00
CR39  ,4.7,2020JJ00
CR39  ,4.1,2021JJ00
CR39  ,3.3,2022JJ00
CR39  ,3.4,2023JJ00
CR40  ,8.7,2013JJ00
CR40  ,9.4,2014JJ00
CR40  ,8.5,2015JJ00
CR40  ,7.0,2016JJ00
CR40  ,5.9,2017JJ00
CR40  ,4.7,2018JJ00
CR40  ,4.0,2019JJ00
CR40  ,4.3,2020JJ00
CR40  ,4.1,2021JJ00
CR40  ,2.9,2022JJ00
CR40  ,3.0,2023JJ00
GM1680,6.8,2013JJ00
GM1680,7.7,2014JJ00
GM1680,7.4,2015JJ00
GM1680,6.3,2016JJ00
GM1680,5.1,2017JJ00
GM1680,3.8,2018JJ00
GM1680,3.2,2019JJ00
GM1680,4.1,2020JJ00
GM1680,2.7,2021JJ00
GM1680,2.6,2022JJ00
GM1680,2.8,2023JJ00
GM0358,6.2,2013JJ00
GM0358,6.3,2014JJ00
GM0358,5.9,2015JJ00
GM0358,4.7,2016JJ00
GM0358,3.9,2017JJ00
GM0358,3.1,2018JJ00
GM0358,3.1,2019JJ00
GM0358,3.2,2020JJ00
GM0358,3.0,2021JJ00
GM0358,2.7,2022JJ00
GM0358,2.8,2023JJ00
GM0197,5.4,2013JJ00
GM0197,6.0,2014JJ00
GM0197,5.4,2015JJ00
GM0197,4.9,2016JJ00
GM0197,3.8,2017JJ00
GM0197,3.3,2018JJ00
GM0197,2.8,2019JJ00
GM0197,3.1,2020JJ00
GM0197,2.4,2021JJ00
GM0197,2.2,2022JJ00
GM0197,2.2,2023JJ00
GM0059,8.1,2013JJ00
GM0059,8.3,2014JJ00
GM0059,6.7,2015JJ00
GM0059,5.2,2016JJ00
GM0059,4.6,2017JJ00
GM0059,3.7,2018JJ00
GM0059,3.1,2019JJ00
GM0059,3.7,2020JJ00
GM0059,3.1,2021JJ00
GM0059,2.5,2022JJ00
GM0059,2.4,2023JJ00
GM0482,5.9,2013JJ00
GM0482,5.6,2014JJ00
GM0482,5.6,2015JJ00
GM0482,5.0,2016JJ00
GM0482,4.0,2017JJ00
GM0482,3.5,2018JJ00
GM0482,3.3,2019JJ00
GM0482,4.0,2020JJ00
GM0482,3.2,2021JJ00
GM0482,2.7,2022JJ00
GM0482,2.4,2023JJ00
GM0613,6.7,2013JJ00
GM0613,7.4,2014JJ00
GM0613,6.9,2015JJ00
GM0613,5.6,2016JJ00
GM0613,4.5,2017JJ00
GM0613,3.0,2018JJ00
GM0613,3.3,2019JJ00
GM0613,4.3,2020JJ00
GM0613,3.7,2021JJ00
GM0613,2.6,2022JJ00
GM0613,2.7,2023JJ00
GM0361,7.3,2013JJ00
GM0361,8.3,2014JJ00
GM0361,6.5,2015JJ00
GM0361,6.6,2016JJ00
GM0361,5.4,2017JJ00
GM0361,4.2,2018JJ00
GM0361,3.9,2019JJ00
GM0361,4.3,2020JJ00
GM0361,3.0,2021JJ00
GM0361,3.1,2022JJ00
GM0361,2.6,2023JJ00
GM0141,8.5,2013JJ00
GM0141,9.7,2014JJ00
GM0141,9.5,2015JJ00
GM0141,9.3,2016JJ00
GM0141,6.4,2017JJ00
GM0141,4.8,2018JJ00
GM0141,3.7,2019JJ00
GM0141,4.5,2020JJ00
GM0141,3.8,2021JJ00
GM0141,3.1,2022JJ00
GM0141,3.0,2023JJ00
GM0034,9.8,2013JJ00
GM0034,10.7,2014JJ00
GM0034,9.5,2015JJ00
GM0034,8.0,2016JJ00
GM0034,6.7,2017JJ00
GM0034,5.4,2018JJ00
GM0034,4.4,2019JJ00
GM0034,4.6,2020JJ00
GM0034,4.9,2021JJ00
GM0034,3.2,2022JJ00
GM0034,3.3,2023JJ00
GM0484,6.5,2013JJ00
GM0484,6.4,2014JJ00
GM0484,6.6,2015JJ00
GM0484,5.7,2016JJ00
GM0484,4.5,2017JJ00
GM0484,3.9,2018JJ00
GM0484,3.6,2019JJ00
GM0484,3.8,2020JJ00
GM0484,3.3,2021JJ00
GM0484,2.5,2022JJ00
GM0484,2.5,2023JJ00
GM1723,5.4,2013JJ00
GM1723,5.9,2014JJ00
GM1723,6.0,2015JJ00
GM1723,5.5,2016JJ00
GM1723,4.3,2017JJ00
GM1723,3.7,2018JJ00
GM1723,3.2,2019JJ00
GM1723,3.3,2020JJ00
GM1723,2.5,2021JJ00
GM1723,2.1,2022JJ00
GM1723,2.3,2023JJ00
GM1959,5.6,2013JJ00
GM1959,5.8,2014JJ00
GM1959,5.6,2015JJ00
GM1959,4.9,2016JJ00
GM1959,4.0,2017JJ00
GM1959,3.3,2018JJ00
GM1959,2.8,2019JJ00
GM1959,2.9,2020JJ00
GM1959,2.7,2021JJ00
GM1959,2.1,2022JJ00
GM1959,2.1,2023JJ00
GM0060,6.0,2013JJ00
GM0060,6.2,2014JJ00
GM0060,5.8,2015JJ00
GM0060,5.4,2016JJ00
GM0060,4.4,2017JJ00
GM0060,3.3,2018JJ00
GM0060,2.8,2019JJ00
GM0060,3.8,2020JJ00
GM0060,3.0,2021JJ00
GM0060,2.5,2022JJ00
GM0060,2.5,2023JJ00
GM0307,8.2,2013JJ00
GM0307,9.2,2014JJ00
GM0307,8.4,2015JJ00
GM0307,6.6,2016JJ00
GM0307,5.8,2017JJ00
GM0307,4.6,2018JJ00
GM0307,4.9,2019JJ00
GM0307,5.1,2020JJ00
GM0307,4.4,2021JJ00
GM0307,3.0,2022JJ00
GM0307,4.1,2023JJ00
GM0362,9.7,2013JJ00
GM0362,8.7,2014JJ00
GM0362,8.2,2015JJ00
GM0362,8.1,2016JJ00
GM0362,6.7,2017JJ00
GM0362,5.5,2018JJ00
GM0362,4.7,2019JJ00
GM0362,6.0,2020JJ00
GM0362,5.4,2021JJ00
GM0362,3.8,2022JJ00
GM0362,3.8,2023JJ00
GM0363,11.8,2013JJ00
GM0363,11.6,2014JJ00
GM0363,9.9,2015JJ00
GM0363,9.3,2016JJ00
GM0363,9.2,2017JJ00
GM0363,7.4,2018JJ00
GM0363,7.0,2019JJ00
GM0363,8.8,2020JJ00
GM0363,8.3,2021JJ00
GM0363,6.6,2022JJ00
GM0363,5.9,2023JJ00
GM0200,7.4,2013JJ00
GM0200,7.8,2014JJ00
GM0200,7.2,2015JJ00
GM0200,7.1,2016JJ00
GM0200,5.7,2017JJ00
GM0200,4.0,2018JJ00
GM0200,3.3,2019JJ00
GM0200,4.3,2020JJ00
GM0200,2.9,2021JJ00
GM0200,2.8,2022JJ00
GM0200,2.9,2023JJ00
GM0202,9.7,2013JJ00
GM0202,11.8,2014JJ00
GM0202,12.5,2015JJ00
GM0202,10.2,2016JJ00
GM0202,8.8,2017JJ00
GM0202,5.7,2018JJ00
GM0202,6.1,2019JJ00
GM0202,6.0,2020JJ00
GM0202,6.7,2021JJ00
GM0202,4.5,2022JJ00
GM0202,4.4,2023JJ00
GM0106,7.4,2013JJ00
GM0106,7.4,2014JJ00
GM0106,8.3,2015JJ00
GM0106,7.1,2016JJ00
GM0106,5.8,2017JJ00
GM0106,4.4,2018JJ00
GM0106,3.8,2019JJ00
GM0106,4.1,2020JJ00
GM0106,3.9,2021JJ00
GM0106,3.2,2022JJ00
GM0106,3.9,2023JJ00
GM0743,5.9,2013JJ00
GM0743,7.2,2014JJ00
GM0743,7.1,2015JJ00
GM0743,5.2,2016JJ00
GM0743,4.4,2017JJ00
GM0743,3.5,2018JJ00
GM0743,3.1,2019JJ00
GM0743,3.5,2020JJ00
GM0743,2.8,2021JJ00
GM0743,2.6,2022JJ00
GM0743,2.6,2023JJ00
GM0744,6.2,2013JJ00
GM0744,6.4,2014JJ00
GM0744,6.7,2015JJ00
GM0744,5.5,2016JJ00
GM0744,4.7,2017JJ00
GM0744,3.5,2018JJ00
GM0744,3.4,2019JJ00
GM0744,3.3,2020JJ00
GM0744,2.8,2021JJ00
GM0744,2.2,2022JJ00
GM0744,2.4,2023JJ00
GM0308,7.8,2013JJ00
GM0308,8.6,2014JJ00
GM0308,8.8,2015JJ00
GM0308,7.3,2016JJ00
GM0308,5.5,2017JJ00
GM0308,4.0,2018JJ00
GM0308,4.1,2019JJ00
GM0308,3.9,2020JJ00
GM0308,3.4,2021JJ00
GM0308,3.1,2022JJ00
GM0308,3.8,2023JJ00
GM0489,6.6,2013JJ00
GM0489,6.9,2014JJ00
GM0489,6.7,2015JJ00
GM0489,6.0,2016JJ00
GM0489,5.8,2017JJ00
GM0489,3.8,2018JJ00
GM0489,3.5,2019JJ00
GM0489,4.6,2020JJ00
GM0489,3.5,2021JJ00
GM0489,3.1,2022JJ00
GM0489,2.8,2023JJ00
GM0203,5.4,2013JJ00
GM0203,5.9,2014JJ00
GM0203,5.0,2015JJ00
GM0203,5.1,2016JJ00
GM0203,4.4,2017JJ00
GM0203,2.9,2018JJ00
GM0203,3.1,2019JJ00
GM0203,3.4,2020JJ00
GM0203,2.6,2021JJ00
GM0203,2.4,2022JJ00
GM0203,2.2,2023JJ00
GM0888,6.6,2013JJ00
GM0888,7.2,2014JJ00
GM0888,6.1,2015JJ00
GM0888,5.8,2016JJ00
GM0888,4.7,2017JJ00
GM0888,4.0,2018JJ00
GM0888,3.7,2019JJ00
GM0888,3.8,2020JJ00
GM0888,3.2,2021JJ00
GM0888,2.9,2022JJ00
GM0888,3.3,2023JJ00
GM1954,6.4,2013JJ00
GM1954,6.7,2014JJ00
GM1954,6.2,2015JJ00
GM1954,5.8,2016JJ00
GM1954,4.8,2017JJ00
GM1954,3.8,2018JJ00
GM1954,3.7,2019JJ00
GM1954,3.8,2020JJ00
GM1954,3.0,2021JJ00
GM1954,2.7,2022JJ00
GM1954,2.6,2023JJ00
GM0889,6.4,2013JJ00
GM0889,6.7,2014JJ00
GM0889,7.3,2015JJ00
GM0889,6.6,2016JJ00
GM0889,4.5,2017JJ00
GM0889,3.4,2018JJ00
GM0889,3.2,2019JJ00
GM0889,4.1,2020JJ00
GM0889,3.4,2021JJ00
GM0889,2.6,2022JJ00
GM0889,2.5,2023JJ00
GM1945,7.2,2013JJ00
GM1945,7.9,2014JJ00
GM1945,7.2,2015JJ00
GM1945,6.5,2016JJ00
GM1945,5.1,2017JJ00
GM1945,3.9,2018JJ00
GM1945,3.5,2019JJ00
GM1945,4.1,2020JJ00
GM1945,3.2,2021JJ00
GM1945,3.1,2022JJ00
GM1945,2.7,2023JJ00
GM1724,5.4,2013JJ00
GM1724,6.0,2014JJ00
GM1724,5.8,2015JJ00
GM1724,5.1,2016JJ00
GM1724,4.0,2017JJ00
GM1724,3.1,2018JJ00
GM1724,2.6,2019JJ00
GM1724,3.1,2020JJ00
GM1724,2.2,2021JJ00
GM1724,2.4,2022JJ00
GM1724,2.3,2023JJ00
GM0893,6.0,2013JJ00
GM0893,6.5,2014JJ00
GM0893,5.8,2015JJ00
GM0893,5.4,2016JJ00
GM0893,4.2,2017JJ00
GM0893,3.4,2018JJ00
GM0893,3.0,2019JJ00
GM0893,3.3,2020JJ00
GM0893,3.1,2021JJ00
GM0893,2.8,2022JJ00
GM0893,2.4,2023JJ00
GM0373,7.0,2013JJ00
GM0373,7.4,2014JJ00
GM0373,5.8,2015JJ00
GM0373,5.0,2016JJ00
GM0373,4.3,2017JJ00
GM0373,3.4,2018JJ00
GM0373,3.7,2019JJ00
GM0373,4.2,2020JJ00
GM0373,2.9,2021JJ00
GM0373,2.9,2022JJ00
GM0373,3.0,2023JJ00
GM0748,7.2,2013JJ00
GM0748,7.5,2014JJ00
GM0748,7.4,2015JJ00
GM0748,7.7,2016JJ00
GM0748,6.9,2017JJ00
GM0748,4.5,2018JJ00
GM0748,4.0,2019JJ00
GM0748,4.6,2020JJ00
GM0748,3.6,2021JJ00
GM0748,3.2,2022JJ00
GM0748,3.5,2023JJ00
GM1859,6.1,2013JJ00
GM1859,6.2,2014JJ00
GM1859,6.3,2015JJ00
GM1859,4.7,2016JJ00
GM1859,4.1,2017JJ00
GM1859,3.1,2018JJ00
GM1859,2.9,2019JJ00
GM1859,3.1,2020JJ00
GM1859,2.8,2021JJ00
GM1859,2.1,2022JJ00
GM1859,2.4,2023JJ00
GM1721,6.3,2013JJ00
GM1721,6.1,2014JJ00
GM1721,5.6,2015JJ00
GM1721,4.5,2016JJ00
GM1721,4.5,2017JJ00
GM1721,3.3,2018JJ00
GM1721,3.3,2019JJ00
GM1721,3.7,2020JJ00
GM1721,2.4,2021JJ00
GM1721,2.3,2022JJ00
GM1721,2.1,2023JJ00
GM0753,7.0,2013JJ00
GM0753,7.1,2014JJ00
GM0753,6.9,2015JJ00
GM0753,6.4,2016JJ00
GM0753,4.6,2017JJ00
GM0753,3.6,2018JJ00
GM0753,3.3,2019JJ00
GM0753,3.9,2020JJ00
GM0753,3.1,2021JJ00
GM0753,3.0,2022JJ00
GM0753,2.7,2023JJ00
GM0209,6.9,2013JJ00
GM0209,7.4,2014JJ00
GM0209,6.4,2015JJ00
GM0209,5.1,2016JJ00
GM0209,4.9,2017JJ00
GM0209,3.4,2018JJ00
GM0209,3.2,2019JJ00
GM0209,3.6,2020JJ00
GM0209,2.9,2021JJ00
GM0209,2.4,2022JJ00
GM0209,2.8,2023JJ00
GM0375,6.5,2013JJ00
GM0375,7.2,2014JJ00
GM0375,7.3,2015JJ00
GM0375,6.8,2016JJ00
GM0375,5.1,2017JJ00
GM0375,3.8,2018JJ00
GM0375,3.5,2019JJ00
GM0375,4.1,2020JJ00
GM0375,3.8,2021JJ00
GM0375,2.9,2022JJ00
GM0375,3.1,2023JJ00
GM0310,8.2,2013JJ00
GM0310,8.0,2014JJ00
GM0310,7.5,2015JJ00
GM0310,6.5,2016JJ00
GM0310,5.5,2017JJ00
GM0310,4.9,2018JJ00
GM0310,4.5,2019JJ00
GM0310,5.5,2020JJ00
GM0310,4.6,2021JJ00
GM0310,4.2,2022JJ00
GM0310,3.5,2023JJ00
GM1728,5.3,2013JJ00
GM1728,6.0,2014JJ00
GM1728,5.1,2015JJ00
GM1728,4.9,2016JJ00
GM1728,3.8,2017JJ00
GM1728,3.1,2018JJ00
GM1728,2.7,2019JJ00
GM1728,3.2,2020JJ00
GM1728,2.4,2021JJ00
GM1728,2.3,2022JJ00
GM1728,2.3,2023JJ00
GM0376,7.7,2013JJ00
GM0376,8.0,2014JJ00
GM0376,8.8,2015JJ00
GM0376,7.0,2016JJ00
GM0376,5.4,2017JJ00
GM0376,4.1,2018JJ00
GM0376,3.7,2019JJ00
GM0376,3.9,2020JJ00
GM0376,3.2,2021JJ00
GM0376,2.8,2022JJ00
GM0376,2.9,2023JJ00
GM0377,9.4,2013JJ00
GM0377,8.5,2014JJ00
GM0377,7.9,2015JJ00
GM0377,6.5,2016JJ00
GM0377,5.5,2017JJ00
GM0377,4.7,2018JJ00
GM0377,4.0,2019JJ00
GM0377,5.6,2020JJ00
GM0377,4.0,2021JJ00
GM0377,3.5,2022JJ00
GM0377,3.5,2023JJ00
GM1901,6.1,2013JJ00
GM1901,5.9,2014JJ00
GM1901,5.9,2015JJ00
GM1901,5.4,2016JJ00
GM1901,4.2,2017JJ00
GM1901,3.5,2018JJ00
GM1901,3.3,2019JJ00
GM1901,3.6,2020JJ00
GM1901,2.8,2021JJ00
GM1901,2.4,2022JJ00
GM1901,2.3,2023JJ00
GM0755,5.6,2013JJ00
GM0755,5.2,2014JJ00
GM0755,4.9,2015JJ00
GM0755,4.0,2016JJ00
GM0755,3.3,2017JJ00
GM0755,2.9,2018JJ00
GM0755,2.6,2019JJ00
GM0755,3.1,2020JJ00
GM0755,2.4,2021JJ00
GM0755,2.3,2022JJ00
GM0755,2.3,2023JJ00
GM1681,6.7,2013JJ00
GM1681,7.0,2014JJ00
GM1681,7.0,2015JJ00
GM1681,5.8,2016JJ00
GM1681,5.0,2017JJ00
GM1681,3.9,2018JJ00
GM1681,3.2,2019JJ00
GM1681,3.6,2020JJ00
GM1681,3.2,2021JJ00
GM1681,2.6,2022JJ00
GM1681,2.5,2023JJ00
GM0147,7.0,2013JJ00
GM0147,6.7,2014JJ00
GM0147,6.4,2015JJ00
GM0147,6.7,2016JJ00
GM0147,4.7,2017JJ00
GM0147,3.9,2018JJ00
GM0147,3.4,2019JJ00
GM0147,4.1,2020JJ00
GM0147,2.9,2021JJ00
GM0147,2.9,2022JJ00
GM0147,2.6,2023JJ00
GM0654,5.2,2013JJ00
GM0654,5.4,2014JJ00
GM0654,5.6,2015JJ00
GM0654,4.0,2016JJ00
GM0654,3.5,2017JJ00
GM0654,2.6,2018JJ00
GM0654,2.7,2019JJ00
GM0654,2.9,2020JJ00
GM0654,2.3,2021JJ00
GM0654,2.4,2022JJ00
GM0654,2.0,2023JJ00
GM0757,6.5,2013JJ00
GM0757,6.9,2014JJ00
GM0757,6.6,2015JJ00
GM0757,5.7,2016JJ00
GM0757,4.8,2017JJ00
GM0757,3.6,2018JJ00
GM0757,3.7,2019JJ00
GM0757,3.6,2020JJ00
GM0757,3.3,2021JJ00
GM0757,3.3,2022JJ00
GM0757,2.8,2023JJ00
GM0758,8.6,2013JJ00
GM0758,9.2,2014JJ00
GM0758,8.1,2015JJ00
GM0758,7.3,2016JJ00
GM0758,6.1,2017JJ00
GM0758,5.6,2018JJ00
GM0758,4.5,2019JJ00
GM0758,4.8,2020JJ00
GM0758,4.3,2021JJ00
GM0758,4.1,2022JJ00
GM0758,3.6,2023JJ00
GM1876,6.2,2013JJ00
GM1876,5.8,2014JJ00
GM1876,4.9,2015JJ00
GM1876,4.6,2016JJ00
GM1876,3.7,2017JJ00
GM1876,3.1,2018JJ00
GM1876,2.7,2019JJ00
GM1876,2.9,2020JJ00
GM1876,2.2,2021JJ00
GM1876,2.3,2022JJ00
GM1876,2.0,2023JJ00
GM0213,6.2,2013JJ00
GM0213,7.6,2014JJ00
GM0213,6.1,2015JJ00
GM0213,5.2,2016JJ00
GM0213,5.0,2017JJ00
GM0213,3.6,2018JJ00
GM0213,3.3,2019JJ00
GM0213,3.7,2020JJ00
GM0213,2.7,2021JJ00
GM0213,2.5,2022JJ00
GM0213,2.2,2023JJ00
GM0899,7.5,2013JJ00
GM0899,7.1,2014JJ00
GM0899,7.2,2015JJ00
GM0899,5.7,2016JJ00
GM0899,4.8,2017JJ00
GM0899,3.7,2018JJ00
GM0899,3.8,2019JJ00
GM0899,4.0,2020JJ00
GM0899,3.4,2021JJ00
GM0899,3.1,2022JJ00
GM0899,2.9,2023JJ00
GM0312,6.5,2013JJ00
GM0312,5.9,2014JJ00
GM0312,6.4,2015JJ00
GM0312,6.0,2016JJ00
GM0312,4.9,2017JJ00
GM0312,4.1,2018JJ00
GM0312,3.6,2019JJ00
GM0312,4.3,2020JJ00
GM0312,3.0,2021JJ00
GM0312,3.3,2022JJ00
GM0312,3.2,2023JJ00
GM0313,5.1,2013JJ00
GM0313,5.1,2014JJ00
GM0313,5.7,2015JJ00
GM0313,4.7,2016JJ00
GM0313,3.8,2017JJ00
GM0313,3.2,2018JJ00
GM0313,2.8,2019JJ00
GM0313,2.7,2020JJ00
GM0313,2.3,2021JJ00
GM0313,2.1,2022JJ00
GM0313,2.0,2023JJ00
GM0214,6.3,2013JJ00
GM0214,6.3,2014JJ00
GM0214,6.2,2015JJ00
GM0214,5.7,2016JJ00
GM0214,4.9,2017JJ00
GM0214,3.4,2018JJ00
GM0214,3.0,2019JJ00
GM0214,3.3,2020JJ00
GM0214,2.8,2021JJ00
GM0214,2.7,2022JJ00
GM0214,2.3,2023JJ00
GM0502,8.9,2013JJ00
GM0502,9.1,2014JJ00
GM0502,9.6,2015JJ00
GM0502,7.6,2016JJ00
GM0502,6.4,2017JJ00
GM0502,4.9,2018JJ00
GM0502,5.0,2019JJ00
GM0502,5.0,2020JJ00
GM0502,4.5,2021JJ00
GM0502,3.7,2022JJ00
GM0502,4.0,2023JJ00
GM0383,6.0,2013JJ00
GM0383,6.6,2014JJ00
GM0383,6.2,2015JJ00
GM0383,5.4,2016JJ00
GM0383,4.7,2017JJ00
GM0383,3.8,2018JJ00
GM0383,3.4,2019JJ00
GM0383,3.8,2020JJ00
GM0383,2.9,2021JJ00
GM0383,2.8,2022JJ00
GM0383,2.7,2023JJ00
GM0109,6.7,2013JJ00
GM0109,7.1,2014JJ00
GM0109,7.7,2015JJ00
GM0109,6.4,2016JJ00
GM0109,5.3,2017JJ00
GM0109,3.7,2018JJ00
GM0109,3.0,2019JJ00
GM0109,3.8,2020JJ00
GM0109,3.7,2021JJ00
GM0109,2.5,2022JJ00
GM0109,2.3,2023JJ00
GM1706,6.2,2013JJ00
GM1706,6.6,2014JJ00
GM1706,6.5,2015JJ00
GM1706,5.3,2016JJ00
GM1706,4.3,2017JJ00
GM1706,3.2,2018JJ00
GM1706,3.1,2019JJ00
GM1706,3.9,2020JJ00
GM1706,3.3,2021JJ00
GM1706,2.6,2022JJ00
GM1706,2.6,2023JJ00
GM0216,8.6,2013JJ00
GM0216,9.1,2014JJ00
GM0216,8.1,2015JJ00
GM0216,8.1,2016JJ00
GM0216,5.7,2017JJ00
GM0216,4.9,2018JJ00
GM0216,4.4,2019JJ00
GM0216,5.0,2020JJ00
GM0216,3.8,2021JJ00
GM0216,3.4,2022JJ00
GM0216,3.4,2023JJ00
GM0148,5.6,2013JJ00
GM0148,5.5,2014JJ00
GM0148,4.7,2015JJ00
GM0148,4.7,2016JJ00
GM0148,3.7,2017JJ00
GM0148,3.2,2018JJ00
GM0148,2.5,2019JJ00
GM0148,3.1,2020JJ00
GM0148,2.7,2021JJ00
GM0148,2.2,2022JJ00
GM0148,2.2,2023JJ00
GM1891,7.7,2013JJ00
GM1891,7.8,2014JJ00
GM1891,6.8,2015JJ00
GM1891,6.1,2016JJ00
GM1891,5.1,2017JJ00
GM1891,3.7,2018JJ00
GM1891,3.2,2019JJ00
GM1891,3.6,2020JJ00
GM1891,3.0,2021JJ00
GM1891,2.9,2022JJ00
GM1891,2.7,2023JJ00
GM0503,9.6,2013JJ00
GM0503,10.5,2014JJ00
GM0503,10.7,2015JJ00
GM0503,9.7,2016JJ00
GM0503,7.5,2017JJ00
GM0503,6.2,2018JJ00
GM0503,6.3,2019JJ00
GM0503,7.9,2020JJ00
GM0503,6.6,2021JJ00
GM0503,4.8,2022JJ00
GM0503,4.9,2023JJ00
GM0762,6.2,2013JJ00
GM0762,7.2,2014JJ00
GM0762,6.1,2015JJ00
GM0762,5.7,2016JJ00
GM0762,4.6,2017JJ00
GM0762,3.4,2018JJ00
GM0762,3.0,2019JJ00
GM0762,3.7,2020JJ00
GM0762,3.0,2021JJ00
GM0762,2.5,2022JJ00
GM0762,2.5,2023JJ00
GM0150,9.2,2013JJ00
GM0150,9.2,2014JJ00
GM0150,8.0,2015JJ00
GM0150,8.9,2016JJ00
GM0150,6.3,2017JJ00
GM0150,5.1,2018JJ00
GM0150,3.9,2019JJ00
GM0150,4.8,2020JJ00
GM0150,3.9,2021JJ00
GM0150,3.6,2022JJ00
GM0150,3.3,2023JJ00
GM0384,9.1,2013JJ00
GM0384,9.0,2014JJ00
GM0384,8.5,2015JJ00
GM0384,8.2,2016JJ00
GM0384,7.0,2017JJ00
GM0384,4.9,2018JJ00
GM0384,4.9,2019JJ00
GM0384,5.6,2020JJ00
GM0384,5.6,2021JJ00
GM0384,4.4,2022JJ00
GM0384,4.8,2023JJ00
GM1980,6.1,2013JJ00
GM1980,7.0,2014JJ00
GM1980,5.8,2015JJ00
GM1980,4.8,2016JJ00
GM1980,4.2,2017JJ00
GM1980,3.5,2018JJ00
GM1980,3.2,2019JJ00
GM1980,3.7,2020JJ00
GM1980,2.9,2021JJ00
GM1980,2.7,2022JJ00
GM1980,2.6,2023JJ00
GM1774,5.2,2013JJ00
GM1774,5.3,2014JJ00
GM1774,5.6,2015JJ00
GM1774,4.9,2016JJ00
GM1774,3.8,2017JJ00
GM1774,3.0,2018JJ00
GM1774,2.7,2019JJ00
GM1774,3.4,2020JJ00
GM1774,2.6,2021JJ00
GM1774,2.3,2022JJ00
GM1774,2.0,2023JJ00
GM0221,7.4,2013JJ00
GM0221,8.1,2014JJ00
GM0221,8.3,2015JJ00
GM0221,7.3,2016JJ00
GM0221,6.0,2017JJ00
GM0221,4.2,2018JJ00
GM0221,3.8,2019JJ00
GM0221,4.4,2020JJ00
GM0221,4.0,2021JJ00
GM0221,3.2,2022JJ00
GM0221,3.1,2023JJ00
GM0222,6.9,2013JJ00
GM0222,7.9,2014JJ00
GM0222,7.4,2015JJ00
GM0222,6.6,2016JJ00
GM0222,5.6,2017JJ00
GM0222,4.0,2018JJ00
GM0222,3.6,2019JJ00
GM0222,4.2,2020JJ00
GM0222,3.8,2021JJ00
GM0222,2.5,2022JJ00
GM0222,2.6,2023JJ00
GM0766,6.8,2013JJ00
GM0766,6.7,2014JJ00
GM0766,6.6,2015JJ00
GM0766,5.5,2016JJ00
GM0766,4.4,2017JJ00
GM0766,3.7,2018JJ00
GM0766,2.7,2019JJ00
GM0766,3.3,2020JJ00
GM0766,2.7,2021JJ00
GM0766,2.5,2022JJ00
GM0766,2.3,2023JJ00
GM0505,8.0,2013JJ00
GM0505,8.6,2014JJ00
GM0505,7.6,2015JJ00
GM0505,7.7,2016JJ00
GM0505,5.2,2017JJ00
GM0505,4.6,2018JJ00
GM0505,4.7,2019JJ00
GM0505,5.4,2020JJ00
GM0505,4.9,2021JJ00
GM0505,3.3,2022JJ00
GM0505,3.2,2023JJ00
GM0498,5.3,2013JJ00
GM0498,5.6,2014JJ00
GM0498,5.7,2015JJ00
GM0498,5.1,2016JJ00
GM0498,3.8,2017JJ00
GM0498,3.3,2018JJ00
GM0498,3.2,2019JJ00
GM0498,3.3,2020JJ00
GM0498,2.4,2021JJ00
GM0498,2.3,2022JJ00
GM0498,2.5,2023JJ00
GM1719,6.0,2013JJ00
GM1719,6.2,2014JJ00
GM1719,5.8,2015JJ00
GM1719,4.6,2016JJ00
GM1719,3.9,2017JJ00
GM1719,3.4,2018JJ00
GM1719,3.0,2019JJ00
GM1719,3.5,2020JJ00
GM1719,2.8,2021JJ00
GM1719,2.3,2022JJ00
GM1719,2.4,2023JJ00
GM0303,7.4,2013JJ00
GM0303,7.2,2014JJ00
GM0303,6.2,2015JJ00
GM0303,5.2,2016JJ00
GM0303,4.4,2017JJ00
GM0303,3.8,2018JJ00
GM0303,3.2,2019JJ00
GM0303,3.3,2020JJ00
GM0303,2.8,2021JJ00
GM0303,2.5,2022JJ00
GM0303,2.4,2023JJ00
GM0225,6.5,2013JJ00
GM0225,7.1,2014JJ00
GM0225,6.0,2015JJ00
GM0225,6.1,2016JJ00
GM0225,5.0,2017JJ00
GM0225,3.6,2018JJ00
GM0225,3.6,2019JJ00
GM0225,3.7,2020JJ00
GM0225,3.2,2021JJ00
GM0225,2.4,2022JJ00
GM0225,2.3,2023JJ00
GM0226,7.0,2013JJ00
GM0226,6.9,2014JJ00
GM0226,6.0,2015JJ00
GM0226,5.6,2016JJ00
GM0226,5.2,2017JJ00
GM0226,4.3,2018JJ00
GM0226,3.7,2019JJ00
GM0226,4.0,2020JJ00
GM0226,3.2,2021JJ00
GM0226,2.6,2022JJ00
GM0226,2.3,2023JJ00
GM1711,7.2,2013JJ00
GM1711,7.7,2014JJ00
GM1711,7.5,2015JJ00
GM1711,6.0,2016JJ00
GM1711,5.0,2017JJ00
GM1711,3.7,2018JJ00
GM1711,3.6,2019JJ00
GM1711,4.0,2020JJ00
GM1711,3.3,2021JJ00
GM1711,3.1,2022JJ00
GM1711,2.8,2023JJ00
GM0385,5.3,2013JJ00
GM0385,6.5,2014JJ00
GM0385,5.5,2015JJ00
GM0385,4.6,2016JJ00
GM0385,3.7,2017JJ00
GM0385,3.4,2018JJ00
GM0385,3.0,2019JJ00
GM0385,3.2,2020JJ00
GM0385,2.4,2021JJ00
GM0385,2.5,2022JJ00
GM0385,2.3,2023JJ00
GM0228,6.8,2013JJ00
GM0228,8.3,2014JJ00
GM0228,7.9,2015JJ00
GM0228,6.3,2016JJ00
GM0228,5.1,2017JJ00
GM0228,3.4,2018JJ00
GM0228,3.3,2019JJ00
GM0228,4.1,2020JJ00
GM0228,3.8,2021JJ00
GM0228,2.9,2022JJ00
GM0228,3.2,2023JJ00
GM0317,6.4,2013JJ00
GM0317,6.9,2014JJ00
GM0317,6.2,2015JJ00
GM0317,5.3,2016JJ00
GM0317,4.1,2017JJ00
GM0317,4.0,2018JJ00
GM0317,3.6,2019JJ00
GM0317,3.9,2020JJ00
GM0317,2.9,2021JJ00
GM0317,2.8,2022JJ00
GM0317,2.5,2023JJ00
GM1979,8.0,2013JJ00
GM1979,7.6,2014JJ00
GM1979,7.8,2015JJ00
GM1979,6.1,2016JJ00
GM1979,5.6,2017JJ00
GM1979,4.3,2018JJ00
GM1979,3.8,2019JJ00
GM1979,4.1,2020JJ00
GM1979,3.2,2021JJ00
GM1979,2.6,2022JJ00
GM1979,2.7,2023JJ00
GM0770,6.5,2013JJ00
GM0770,5.9,2014JJ00
GM0770,5.3,2015JJ00
GM0770,4.7,2016JJ00
GM0770,4.4,2017JJ00
GM0770,3.5,2018JJ00
GM0770,2.9,2019JJ00
GM0770,3.5,2020JJ00
GM0770,2.5,2021JJ00
GM0770,2.8,2022JJ00
GM0770,2.8,2023JJ00
GM1903,6.1,2013JJ00
GM1903,6.4,2014JJ00
GM1903,6.5,2015JJ00
GM1903,5.4,2016JJ00
GM1903,4.2,2017JJ00
GM1903,2.9,2018JJ00
GM1903,2.6,2019JJ00
GM1903,3.4,2020JJ00
GM1903,2.9,2021JJ00
GM1903,2.6,2022JJ00
GM1903,2.6,2023JJ00
GM0772,9.5,2013JJ00
GM0772,10.8,2014JJ00
GM0772,9.9,2015JJ00
GM0772,9.6,2016JJ00
GM0772,6.9,2017JJ00
GM0772,5.7,2018JJ00
GM0772,5.7,2019JJ00
GM0772,5.8,2020JJ00
GM0772,5.6,2021JJ00
GM0772,4.1,2022JJ00
GM0772,5.0,2023JJ00
GM0230,5.7,2013JJ00
GM0230,6.3,2014JJ00
GM0230,5.2,2015JJ00
GM0230,5.0,2016JJ00
GM0230,4.1,2017JJ00
GM0230,3.2,2018JJ00
GM0230,2.9,2019JJ00
GM0230,3.7,2020JJ00
GM0230,2.8,2021JJ00
GM0230,2.4,2022JJ00
GM0230,2.2,2023JJ00
GM0114,7.8,2013JJ00
GM0114,7.2,2014JJ00
GM0114,8.0,2015JJ00
GM0114,7.3,2016JJ00
GM0114,6.9,2017JJ00
GM0114,4.6,2018JJ00
GM0114,3.7,2019JJ00
GM0114,4.3,2020JJ00
GM0114,4.1,2021JJ00
GM0114,2.7,2022JJ00
GM0114,2.6,2023JJ00
GM0388,7.0,2013JJ00
GM0388,7.0,2014JJ00
GM0388,6.9,2015JJ00
GM0388,6.4,2016JJ00
GM0388,5.3,2017JJ00
GM0388,3.6,2018JJ00
GM0388,4.1,2019JJ00
GM0388,3.9,2020JJ00
GM0388,2.9,2021JJ00
GM0388,2.5,2022JJ00
GM0388,2.5,2023JJ00
GM0153,11.1,2013JJ00
GM0153,9.7,2014JJ00
GM0153,9.0,2015JJ00
GM0153,9.1,2016JJ00
GM0153,8.1,2017JJ00
GM0153,6.3,2018JJ00
GM0153,4.8,2019JJ00
GM0153,5.2,2020JJ00
GM0153,5.4,2021JJ00
GM0153,4.4,2022JJ00
GM0153,3.8,2023JJ00
GM0232,6.2,2013JJ00
GM0232,6.4,2014JJ00
GM0232,5.7,2015JJ00
GM0232,5.9,2016JJ00
GM0232,4.0,2017JJ00
GM0232,3.6,2018JJ00
GM0232,3.1,2019JJ00
GM0232,3.8,2020JJ00
GM0232,3.1,2021JJ00
GM0232,2.4,2022JJ00
GM0232,2.4,2023JJ00
GM0233,6.6,2013JJ00
GM0233,6.1,2014JJ00
GM0233,6.2,2015JJ00
GM0233,6.3,2016JJ00
GM0233,5.4,2017JJ00
GM0233,3.7,2018JJ00
GM0233,3.1,2019JJ00
GM0233,3.4,2020JJ00
GM0233,3.1,2021JJ00
GM0233,2.7,2022JJ00
GM0233,2.3,2023JJ00
GM0777,7.5,2013JJ00
GM0777,7.3,2014JJ00
GM0777,6.8,2015JJ00
GM0777,5.4,2016JJ00
GM0777,5.0,2017JJ00
GM0777,3.8,2018JJ00
GM0777,3.6,2019JJ00
GM0777,4.0,2020JJ00
GM0777,3.5,2021JJ00
GM0777,3.2,2022JJ00
GM0777,2.6,2023JJ00
GM1940,6.2,2013JJ00
GM1940,6.3,2014JJ00
GM1940,5.8,2015JJ00
GM1940,5.3,2016JJ00
GM1940,4.6,2017JJ00
GM1940,3.3,2018JJ00
GM1940,2.7,2019JJ00
GM1940,4.0,2020JJ00
GM1940,3.5,2021JJ00
GM1940,2.8,2022JJ00
GM1940,2.5,2023JJ00
GM0779,6.3,2013JJ00
GM0779,6.5,2014JJ00
GM0779,6.2,2015JJ00
GM0779,5.7,2016JJ00
GM0779,4.5,2017JJ00
GM0779,3.2,2018JJ00
GM0779,3.3,2019JJ00
GM0779,3.7,2020JJ00
GM0779,2.5,2021JJ00
GM0779,2.3,2022JJ00
GM0779,2.2,2023JJ00
GM1771,6.7,2013JJ00
GM1771,7.4,2014JJ00
GM1771,7.3,2015JJ00
GM1771,6.7,2016JJ00
GM1771,5.2,2017JJ00
GM1771,3.6,2018JJ00
GM1771,3.6,2019JJ00
GM1771,4.5,2020JJ00
GM1771,3.4,2021JJ00
GM1771,3.2,2022JJ00
GM1771,3.0,2023JJ00
GM1652,6.0,2013JJ00
GM1652,6.7,2014JJ00
GM1652,5.4,2015JJ00
GM1652,4.5,2016JJ00
GM1652,4.1,2017JJ00
GM1652,3.0,2018JJ00
GM1652,2.8,2019JJ00
GM1652,3.2,2020JJ00
GM1652,2.4,2021JJ00
GM1652,2.4,2022JJ00
GM1652,2.5,2023JJ00
GM0907,6.9,2013JJ00
GM0907,7.5,2014JJ00
GM0907,6.1,2015JJ00
GM0907,5.1,2016JJ00
GM0907,4.6,2017JJ00
GM0907,3.8,2018JJ00
GM0907,3.0,2019JJ00
GM0907,3.8,2020JJ00
GM0907,3.1,2021JJ00
GM0907,2.6,2022JJ00
GM0907,2.7,2023JJ00
GM0784,6.8,2013JJ00
GM0784,6.8,2014JJ00
GM0784,6.3,2015JJ00
GM0784,6.4,2016JJ00
GM0784,4.7,2017JJ00
GM0784,3.7,2018JJ00
GM0784,3.2,2019JJ00
GM0784,3.5,2020JJ00
GM0784,2.4,2021JJ00
GM0784,2.5,2022JJ00
GM0784,2.4,2023JJ00
GM1924,5.7,2013JJ00
GM1924,5.6,2014JJ00
GM1924,5.3,2015JJ00
GM1924,4.2,2016JJ00
GM1924,3.8,2017JJ00
GM1924,3.0,2018JJ00
GM1924,2.7,2019JJ00
GM1924,3.1,2020JJ00
GM1924,2.3,2021JJ00
GM1924,2.3,2022JJ00
GM1924,2.2,2023JJ00
GM0664,6.3,2013JJ00
GM0664,6.4,2014JJ00
GM0664,6.8,2015JJ00
GM0664,5.5,2016JJ00
GM0664,4.6,2017JJ00
GM0664,3.3,2018JJ00
GM0664,3.1,2019JJ00
GM0664,3.4,2020JJ00
GM0664,3.0,2021JJ00
GM0664,2.5,2022JJ00
GM0664,2.5,2023JJ00
GM0785,6.9,2013JJ00
GM0785,6.9,2014JJ00
GM0785,7.1,2015JJ00
GM0785,6.1,2016JJ00
GM0785,4.4,2017JJ00
GM0785,3.7,2018JJ00
GM0785,3.6,2019JJ00
GM0785,4.0,2020JJ00
GM0785,2.8,2021JJ00
GM0785,2.9,2022JJ00
GM0785,2.4,2023JJ00
GM1942,8.5,2013JJ00
GM1942,9.8,2014JJ00
GM1942,8.0,2015JJ00
GM1942,7.3,2016JJ00
GM1942,5.6,2017JJ00
GM1942,5.3,2018JJ00
GM1942,4.8,2019JJ00
GM1942,5.3,2020JJ00
GM1942,4.0,2021JJ00
GM1942,3.7,2022JJ00
GM1942,3.6,2023JJ00
GM0512,7.2,2013JJ00
GM0512,7.2,2014JJ00
GM0512,7.0,2015JJ00
GM0512,5.9,2016JJ00
GM0512,5.6,2017JJ00
GM0512,4.4,2018JJ00
GM0512,3.8,2019JJ00
GM0512,4.2,2020JJ00
GM0512,3.9,2021JJ00
GM0512,3.1,2022JJ00
GM0512,2.7,2023JJ00
GM0513,9.0,2013JJ00
GM0513,9.7,2014JJ00
GM0513,9.7,2015JJ00
GM0513,7.7,2016JJ00
GM0513,6.0,2017JJ00
GM0513,4.3,2018JJ00
GM0513,4.7,2019JJ00
GM0513,4.8,2020JJ00
GM0513,4.5,2021JJ00
GM0513,3.8,2022JJ00
GM0513,3.0,2023JJ00
GM0518,12.2,2013JJ00
GM0518,13.1,2014JJ00
GM0518,12.7,2015JJ00
GM0518,11.1,2016JJ00
GM0518,9.5,2017JJ00
GM0518,6.7,2018JJ00
GM0518,6.9,2019JJ00
GM0518,7.5,2020JJ00
GM0518,6.5,2021JJ00
GM0518,4.7,2022JJ00
GM0518,4.9,2023JJ00
GM0014,11.2,2013JJ00
GM0014,11.3,2014JJ00
GM0014,12.7,2015JJ00
GM0014,11.3,2016JJ00
GM0014,10.1,2017JJ00
GM0014,9.0,2018JJ00
GM0014,7.5,2019JJ00
GM0014,7.9,2020JJ00
GM0014,6.5,2021JJ00
GM0014,5.3,2022JJ00
GM0014,5.5,2023JJ00
GM1729,6.4,2013JJ00
GM1729,7.2,2014JJ00
GM1729,6.4,2015JJ00
GM1729,5.3,2016JJ00
GM1729,4.9,2017JJ00
GM1729,3.8,2018JJ00
GM1729,3.3,2019JJ00
GM1729,3.8,2020JJ00
GM1729,3.2,2021JJ00
GM1729,2.5,2022JJ00
GM1729,2.5,2023JJ00
GM0158,7.0,2013JJ00
GM0158,6.6,2014JJ00
GM0158,5.7,2015JJ00
GM0158,6.3,2016JJ00
GM0158,4.4,2017JJ00
GM0158,3.6,2018JJ00
GM0158,3.2,2019JJ00
GM0158,3.4,2020JJ00
GM0158,2.7,2021JJ00
GM0158,2.4,2022JJ00
GM0158,2.4,2023JJ00
GM0392,8.1,2013JJ00
GM0392,8.3,2014JJ00
GM0392,8.6,2015JJ00
GM0392,7.0,2016JJ00
GM0392,7.1,2017JJ00
GM0392,5.1,2018JJ00
GM0392,5.5,2019JJ00
GM0392,5.9,2020JJ00
GM0392,4.3,2021JJ00
GM0392,3.8,2022JJ00
GM0392,4.5,2023JJ00
GM0394,6.7,2013JJ00
GM0394,6.9,2014JJ00
GM0394,6.1,2015JJ00
GM0394,5.2,2016JJ00
GM0394,4.6,2017JJ00
GM0394,3.5,2018JJ00
GM0394,3.8,2019JJ00
GM0394,4.0,2020JJ00
GM0394,4.0,2021JJ00
GM0394,2.9,2022JJ00
GM0394,3.0,2023JJ00
GM1655,6.6,2013JJ00
GM1655,7.1,2014JJ00
GM1655,6.8,2015JJ00
GM1655,6.3,2016JJ00
GM1655,4.4,2017JJ00
GM1655,3.5,2018JJ00
GM1655,3.5,2019JJ00
GM1655,3.8,2020JJ00
GM1655,3.1,2021JJ00
GM1655,2.5,2022JJ00
GM1655,2.3,2023JJ00
GM0160,7.1,2013JJ00
GM0160,5.6,2014JJ00
GM0160,5.2,2015JJ00
GM0160,4.7,2016JJ00
GM0160,3.8,2017JJ00
GM0160,3.2,2018JJ00
GM0160,2.8,2019JJ00
GM0160,3.3,2020JJ00
GM0160,2.6,2021JJ00
GM0160,2.1,2022JJ00
GM0160,2.3,2023JJ00
GM0243,6.6,2013JJ00
GM0243,7.2,2014JJ00
GM0243,6.4,2015JJ00
GM0243,5.7,2016JJ00
GM0243,4.8,2017JJ00
GM0243,3.5,2018JJ00
GM0243,3.3,2019JJ00
GM0243,3.9,2020JJ00
GM0243,3.6,2021JJ00
GM0243,2.8,2022JJ00
GM0243,2.7,2023JJ00
GM0523,5.1,2013JJ00
GM0523,5.4,2014JJ00
GM0523,4.6,2015JJ00
GM0523,4.2,2016JJ00
GM0523,3.5,2017JJ00
GM0523,3.2,2018JJ00
GM0523,2.8,2019JJ00
GM0523,3.2,2020JJ00
GM0523,2.3,2021JJ00
GM0523,2.4,2022JJ00
GM0523,2.3,2023JJ00
GM0072,8.0,2013JJ00
GM0072,8.5,2014JJ00
GM0072,7.4,2015JJ00
GM0072,7.4,2016JJ00
GM0072,6.1,2017JJ00
GM0072,4.2,2018JJ00
GM0072,3.6,2019JJ00
GM0072,4.5,2020JJ00
GM0072,3.8,2021JJ00
GM0072,2.9,2022JJ00
GM0072,2.8,2023JJ00
GM0244,6.5,2013JJ00
GM0244,7.0,2014JJ00
GM0244,5.7,2015JJ00
GM0244,5.7,2016JJ00
GM0244,4.3,2017JJ00
GM0244,3.4,2018JJ00
GM0244,2.9,2019JJ00
GM0244,3.5,2020JJ00
GM0244,2.9,2021JJ00
GM0244,2.8,2022JJ00
GM0244,2.8,2023JJ00
GM0396,6.3,2013JJ00
GM0396,7.3,2014JJ00
GM0396,7.0,2015JJ00
GM0396,5.5,2016JJ00
GM0396,4.8,2017JJ00
GM0396,3.5,2018JJ00
GM0396,3.1,2019JJ00
GM0396,3.4,2020JJ00
GM0396,3.0,2021JJ00
GM0396,3.1,2022JJ00
GM0396,2.8,2023JJ00
GM0397,8.2,2013JJ00
GM0397,8.5,2014JJ00
GM0397,7.9,2015JJ00
GM0397,7.3,2016JJ00
GM0397,6.4,2017JJ00
GM0397,4.6,2018JJ00
GM0397,4.8,2019JJ00
GM0397,5.6,2020JJ00
GM0397,4.0,2021JJ00
GM0397,3.7,2022JJ00
GM0397,4.0,2023JJ00
GM0246,6.1,2013JJ00
GM0246,6.5,2014JJ00
GM0246,6.7,2015JJ00
GM0246,5.7,2016JJ00
GM0246,4.5,2017JJ00
GM0246,3.2,2018JJ00
GM0246,2.9,2019JJ00
GM0246,3.2,2020JJ00
GM0246,2.6,2021JJ00
GM0246,2.5,2022JJ00
GM0246,2.0,2023JJ00
GM0074,7.7,2013JJ00
GM0074,8.5,2014JJ00
GM0074,6.9,2015JJ00
GM0074,6.0,2016JJ00
GM0074,5.8,2017JJ00
GM0074,4.3,2018JJ00
GM0074,3.4,2019JJ00
GM0074,4.3,2020JJ00
GM0074,3.8,2021JJ00
GM0074,2.9,2022JJ00
GM0074,3.4,2023JJ00
GM0917,9.0,2013JJ00
GM0917,9.7,2014JJ00
GM0917,9.3,2015JJ00
GM0917,6.7,2016JJ00
GM0917,6.0,2017JJ00
GM0917,5.5,2018JJ00
GM0917,4.8,2019JJ00
GM0917,5.1,2020JJ00
GM0917,4.7,2021JJ00
GM0917,3.5,2022JJ00
GM0917,3.6,2023JJ00
GM1658,5.5,2013JJ00
GM1658,6.9,2014JJ00
GM1658,5.9,2015JJ00
GM1658,5.2,2016JJ00
GM1658,4.4,2017JJ00
GM1658,3.6,2018JJ00
GM1658,3.2,2019JJ00
GM1658,3.7,2020JJ00
GM1658,2.5,2021JJ00
GM1658,2.8,2022JJ00
GM1658,2.4,2023JJ00
GM0399,6.9,2013JJ00
GM0399,7.2,2014JJ00
GM0399,6.4,2015JJ00
GM0399,5.1,2016JJ00
GM0399,4.9,2017JJ00
GM0399,4.0,2018JJ00
GM0399,3.4,2019JJ00
GM0399,4.3,2020JJ00
GM0399,3.3,2021JJ00
GM0399,2.9,2022JJ00
GM0399,3.5,2023JJ00
GM0400,7.5,2013JJ00
GM0400,7.7,2014JJ00
GM0400,6.6,2015JJ00
GM0400,5.5,2016JJ00
GM0400,4.9,2017JJ00
GM0400,3.6,2018JJ00
GM0400,3.7,2019JJ00
GM0400,3.9,2020JJ00
GM0400,2.8,2021JJ00
GM0400,2.5,2022JJ00
GM0400,2.6,2023JJ00
GM0163,5.8,2013JJ00
GM0163,6.3,2014JJ00
GM0163,5.7,2015JJ00
GM0163,5.1,2016JJ00
GM0163,3.9,2017JJ00
GM0163,3.2,2018JJ00
GM0163,2.9,2019JJ00
GM0163,3.6,2020JJ00
GM0163,2.5,2021JJ00
GM0163,2.1,2022JJ00
GM0163,1.9,2023JJ00
GM0794,8.9,2013JJ00
GM0794,9.3,2014JJ00
GM0794,8.9,2015JJ00
GM0794,6.8,2016JJ00
GM0794,5.5,2017JJ00
GM0794,5.0,2018JJ00
GM0794,4.3,2019JJ00
GM0794,5.2,2020JJ00
GM0794,3.5,2021JJ00
GM0794,3.3,2022JJ00
GM0794,3.4,2023JJ00
GM0531,5.4,2013JJ00
GM0531,5.7,2014JJ00
GM0531,5.6,2015JJ00
GM0531,4.8,2016JJ00
GM0531,3.7,2017JJ00
GM0531,3.3,2018JJ00
GM0531,3.2,2019JJ00
GM0531,3.5,2020JJ00
GM0531,2.8,2021JJ00
GM0531,2.6,2022JJ00
GM0531,2.3,2023JJ00
GM0164,7.7,2013JJ00
GM0164,8.0,2014JJ00
GM0164,8.1,2015JJ00
GM0164,7.1,2016JJ00
GM0164,5.5,2017JJ00
GM0164,4.0,2018JJ00
GM0164,4.1,2019JJ00
GM0164,4.8,2020JJ00
GM0164,3.4,2021JJ00
GM0164,3.2,2022JJ00
GM0164,3.3,2023JJ00
GM0796,8.6,2013JJ00
GM0796,9.1,2014JJ00
GM0796,6.8,2015JJ00
GM0796,6.5,2016JJ00
GM0796,6.1,2017JJ00
GM0796,5.0,2018JJ00
GM0796,4.2,2019JJ00
GM0796,4.2,2020JJ00
GM0796,3.6,2021JJ00
GM0796,4.4,2022JJ00
GM0796,3.4,2023JJ00
GM0252,7.1,2013JJ00
GM0252,6.8,2014JJ00
GM0252,6.0,2015JJ00
GM0252,6.5,2016JJ00
GM0252,4.9,2017JJ00
GM0252,4.5,2018JJ00
GM0252,4.2,2019JJ00
GM0252,4.6,2020JJ00
GM0252,3.1,2021JJ00
GM0252,3.0,2022JJ00
GM0252,2.9,2023JJ00
GM0797,6.0,2013JJ00
GM0797,6.7,2014JJ00
GM0797,7.1,2015JJ00
GM0797,5.5,2016JJ00
GM0797,4.5,2017JJ00
GM0797,3.5,2018JJ00
GM0797,3.2,2019JJ00
GM0797,3.8,2020JJ00
GM0797,2.9,2021JJ00
GM0797,2.7,2022JJ00
GM0797,2.4,2023JJ00
GM0534,6.8,2013JJ00
GM0534,7.8,2014JJ00
GM0534,6.9,2015JJ00
GM0534,5.3,2016JJ00
GM0534,4.4,2017JJ00
GM0534,2.8,2018JJ00
GM0534,3.0,2019JJ00
GM0534,3.8,2020JJ00
GM0534,3.2,2021JJ00
GM0534,2.7,2022JJ00
GM0534,2.8,2023JJ00
GM0798,5.8,2013JJ00
GM0798,5.7,2014JJ00
GM0798,5.1,2015JJ00
GM0798,5.1,2016JJ00
GM0798,3.9,2017JJ00
GM0798,3.3,2018JJ00
GM0798,2.9,2019JJ00
GM0798,3.2,2020JJ00
GM0798,2.2,2021JJ00
GM0798,2.2,2022JJ00
GM0798,2.2,2023JJ00
GM0402,8.9,2013JJ00
GM0402,9.0,2014JJ00
GM0402,8.2,2015JJ00
GM0402,7.0,2016JJ00
GM0402,6.5,2017JJ00
GM0402,4.8,2018JJ00
GM0402,4.5,2019JJ00
GM0402,5.5,2020JJ00
GM0402,4.0,2021JJ00
GM0402,4.2,2022JJ00
GM0402,4.3,2023JJ00
GM1963,6.1,2013JJ00
GM1963,6.2,2014JJ00
GM1963,5.8,2015JJ00
GM1963,4.9,2016JJ00
GM1963,3.9,2017JJ00
GM1963,3.3,2018JJ00
GM1963,3.0,2019JJ00
GM1963,3.5,2020JJ00
GM1963,2.8,2021JJ00
GM1963,2.3,2022JJ00
GM1963,2.1,2023JJ00
GM1735,6.2,2013JJ00
GM1735,7.2,2014JJ00
GM1735,6.1,2015JJ00
GM1735,6.0,2016JJ00
GM1735,4.6,2017JJ00
GM1735,3.3,2018JJ00
GM1735,2.7,2019JJ00
GM1735,3.2,2020JJ00
GM1735,2.7,2021JJ00
GM1735,2.9,2022JJ00
GM1735,2.4,2023JJ00
GM1966,7.2,2013JJ00
GM1966,7.0,2014JJ00
GM1966,6.9,2015JJ00
GM1966,5.9,2016JJ00
GM1966,5.2,2017JJ00
GM1966,4.1,2018JJ00
GM1966,3.4,2019JJ00
GM1966,3.3,2020JJ00
GM1966,2.9,2021JJ00
GM1966,2.5,2022JJ00
GM1966,2.2,2023JJ00
GM1911,4.8,2013JJ00
GM1911,5.2,2014JJ00
GM1911,4.7,2015JJ00
GM1911,5.2,2016JJ00
GM1911,4.0,2017JJ00
GM1911,2.9,2018JJ00
GM1911,2.6,2019JJ00
GM1911,2.9,2020JJ00
GM1911,2.5,2021JJ00
GM1911,2.5,2022JJ00
GM1911,2.5,2023JJ00
GM0118,8.1,2013JJ00
GM0118,7.5,2014JJ00
GM0118,7.3,2015JJ00
GM0118,5.4,2016JJ00
GM0118,4.9,2017JJ00
GM0118,3.8,2018JJ00
GM0118,3.0,2019JJ00
GM0118,3.9,2020JJ00
GM0118,3.5,2021JJ00
GM0118,2.6,2022JJ00
GM0118,2.7,2023JJ00
GM0405,7.0,2013JJ00
GM0405,7.7,2014JJ00
GM0405,7.0,2015JJ00
GM0405,7.4,2016JJ00
GM0405,5.5,2017JJ00
GM0405,4.4,2018JJ00
GM0405,4.3,2019JJ00
GM0405,4.5,2020JJ00
GM0405,3.9,2021JJ00
GM0405,3.3,2022JJ00
GM0405,3.4,2023JJ00
GM1507,5.5,2013JJ00
GM1507,6.3,2014JJ00
GM1507,5.8,2015JJ00
GM1507,4.1,2016JJ00
GM1507,3.9,2017JJ00
GM1507,3.1,2018JJ00
GM1507,2.7,2019JJ00
GM1507,3.5,2020JJ00
GM1507,2.7,2021JJ00
GM1507,2.4,2022JJ00
GM1507,2.4,2023JJ00
GM0321,6.6,2013JJ00
GM0321,7.1,2014JJ00
GM0321,6.9,2015JJ00
GM0321,5.7,2016JJ00
GM0321,5.0,2017JJ00
GM0321,4.8,2018JJ00
GM0321,4.8,2019JJ00
GM0321,4.7,2020JJ00
GM0321,3.4,2021JJ00
GM0321,3.0,2022JJ00
GM0321,3.4,2023JJ00
GM0406,6.5,2013JJ00
GM0406,7.3,2014JJ00
GM0406,7.1,2015JJ00
GM0406,5.6,2016JJ00
GM0406,5.6,2017JJ00
GM0406,3.6,2018JJ00
GM0406,4.1,2019JJ00
GM0406,4.5,2020JJ00
GM0406,3.3,2021JJ00
GM0406,2.7,2022JJ00
GM0406,2.8,2023JJ00
GM0677,5.9,2013JJ00
GM0677,5.6,2014JJ00
GM0677,6.0,2015JJ00
GM0677,5.4,2016JJ00
GM0677,3.8,2017JJ00
GM0677,3.3,2018JJ00
GM0677,3.3,2019JJ00
GM0677,3.8,2020JJ00
GM0677,3.0,2021JJ00
GM0677,2.3,2022JJ00
GM0677,2.3,2023JJ00
GM0353,6.4,2013JJ00
GM0353,7.0,2014JJ00
GM0353,6.6,2015JJ00
GM0353,6.6,2016JJ00
GM0353,4.3,2017JJ00
GM0353,3.4,2018JJ00
GM0353,4.0,2019JJ00
GM0353,4.4,2020JJ00
GM0353,3.1,2021JJ00
GM0353,2.7,2022JJ00
GM0353,2.8,2023JJ00
GM1884,6.4,2013JJ00
GM1884,5.7,2014JJ00
GM1884,5.0,2015JJ00
GM1884,5.0,2016JJ00
GM1884,3.7,2017JJ00
GM1884,3.0,2018JJ00
GM1884,2.8,2019JJ00
GM1884,3.2,2020JJ00
GM1884,2.8,2021JJ00
GM1884,2.5,2022JJ00
GM1884,2.3,2023JJ00
GM0166,7.5,2013JJ00
GM0166,6.7,2014JJ00
GM0166,5.7,2015JJ00
GM0166,5.2,2016JJ00
GM0166,4.3,2017JJ00
GM0166,3.6,2018JJ00
GM0166,3.3,2019JJ00
GM0166,4.0,2020JJ00
GM0166,2.6,2021JJ00
GM0166,2.6,2022JJ00
GM0166,2.6,2023JJ00
GM0678,5.2,2013JJ00
GM0678,5.3,2014JJ00
GM0678,5.4,2015JJ00
GM0678,4.1,2016JJ00
GM0678,3.2,2017JJ00
GM0678,3.0,2018JJ00
GM0678,2.9,2019JJ00
GM0678,2.8,2020JJ00
GM0678,2.4,2021JJ00
GM0678,2.3,2022JJ00
GM0678,2.2,2023JJ00
GM0537,5.5,2013JJ00
GM0537,4.7,2014JJ00
GM0537,4.9,2015JJ00
GM0537,4.6,2016JJ00
GM0537,4.0,2017JJ00
GM0537,2.7,2018JJ00
GM0537,3.2,2019JJ00
GM0537,3.1,2020JJ00
GM0537,2.9,2021JJ00
GM0537,2.7,2022JJ00
GM0537,2.5,2023JJ00
GM0928,8.6,2013JJ00
GM0928,9.4,2014JJ00
GM0928,9.1,2015JJ00
GM0928,7.5,2016JJ00
GM0928,5.6,2017JJ00
GM0928,4.6,2018JJ00
GM0928,4.4,2019JJ00
GM0928,5.0,2020JJ00
GM0928,3.8,2021JJ00
GM0928,3.1,2022JJ00
GM0928,3.2,2023JJ00
GM1598,5.4,2013JJ00
GM1598,5.9,2014JJ00
GM1598,4.6,2015JJ00
GM1598,3.9,2016JJ00
GM1598,3.8,2017JJ00
GM1598,3.0,2018JJ00
GM1598,2.6,2019JJ00
GM1598,2.9,2020JJ00
GM1598,2.4,2021JJ00
GM1598,2.2,2022JJ00
GM1598,2.2,2023JJ00
GM0542,7.3,2013JJ00
GM0542,7.0,2014JJ00
GM0542,6.7,2015JJ00
GM0542,6.0,2016JJ00
GM0542,4.8,2017JJ00
GM0542,4.3,2018JJ00
GM0542,3.6,2019JJ00
GM0542,4.1,2020JJ00
GM0542,2.8,2021JJ00
GM0542,2.5,2022JJ00
GM0542,2.8,2023JJ00
GM1931,6.1,2013JJ00
GM1931,6.2,2014JJ00
GM1931,5.3,2015JJ00
GM1931,4.6,2016JJ00
GM1931,4.1,2017JJ00
GM1931,3.2,2018JJ00
GM1931,3.0,2019JJ00
GM1931,3.6,2020JJ00
GM1931,2.5,2021JJ00
GM1931,2.3,2022JJ00
GM1931,2.6,2023JJ00
GM1659,6.1,2013JJ00
GM1659,6.5,2014JJ00
GM1659,5.9,2015JJ00
GM1659,5.1,2016JJ00
GM1659,4.1,2017JJ00
GM1659,3.9,2018JJ00
GM1659,3.2,2019JJ00
GM1659,3.3,2020JJ00
GM1659,2.9,2021JJ00
GM1659,2.5,2022JJ00
GM1659,2.3,2023JJ00
GM1982,6.2,2013JJ00
GM1982,6.8,2014JJ00
GM1982,6.4,2015JJ00
GM1982,6.0,2016JJ00
GM1982,4.5,2017JJ00
GM1982,3.5,2018JJ00
GM1982,3.3,2019JJ00
GM1982,3.5,2020JJ00
GM1982,2.9,2021JJ00
GM1982,2.3,2022JJ00
GM1982,2.2,2023JJ00
GM0882,7.5,2013JJ00
GM0882,7.5,2014JJ00
GM0882,7.7,2015JJ00
GM0882,6.0,2016JJ00
GM0882,5.0,2017JJ00
GM0882,4.0,2018JJ00
GM0882,3.8,2019JJ00
GM0882,4.0,2020JJ00
GM0882,3.6,2021JJ00
GM0882,2.7,2022JJ00
GM0882,2.7,2023JJ00
GM0415,5.9,2013JJ00
GM0415,6.8,2014JJ00
GM0415,6.3,2015JJ00
GM0415,5.0,2016JJ00
GM0415,4.7,2017JJ00
GM0415,3.8,2018JJ00
GM0415,3.8,2019JJ00
GM0415,4.1,2020JJ00
GM0415,3.1,2021JJ00
GM0415,2.8,2022JJ00
GM0415,2.7,2023JJ00
GM1621,7.2,2013JJ00
GM1621,6.9,2014JJ00
GM1621,6.1,2015JJ00
GM1621,5.7,2016JJ00
GM1621,5.0,2017JJ00
GM1621,3.8,2018JJ00
GM1621,3.3,2019JJ00
GM1621,3.8,2020JJ00
GM1621,2.6,2021JJ00
GM1621,2.7,2022JJ00
GM1621,2.8,2023JJ00
GM0417,7.4,2013JJ00
GM0417,8.6,2014JJ00
GM0417,7.2,2015JJ00
GM0417,6.2,2016JJ00
GM0417,4.9,2017JJ00
GM0417,4.9,2018JJ00
GM0417,4.0,2019JJ00
GM0417,4.8,2020JJ00
GM0417,3.3,2021JJ00
GM0417,3.5,2022JJ00
GM0417,3.1,2023JJ00
GM0080,11.2,2013JJ00
GM0080,9.3,2014JJ00
GM0080,10.1,2015JJ00
GM0080,9.1,2016JJ00
GM0080,7.5,2017JJ00
GM0080,6.5,2018JJ00
GM0080,4.9,2019JJ00
GM0080,5.7,2020JJ00
GM0080,5.9,2021JJ00
GM0080,4.3,2022JJ00
GM0080,4.3,2023JJ00
GM0546,10.9,2013JJ00
GM0546,9.7,2014JJ00
GM0546,9.7,2015JJ00
GM0546,8.8,2016JJ00
GM0546,7.3,2017JJ00
GM0546,5.7,2018JJ00
GM0546,6.4,2019JJ00
GM0546,7.5,2020JJ00
GM0546,5.7,2021JJ00
GM0546,4.2,2022JJ00
GM0546,5.0,2023JJ00
GM0547,8.1,2013JJ00
GM0547,9.3,2014JJ00
GM0547,7.9,2015JJ00
GM0547,6.5,2016JJ00
GM0547,4.7,2017JJ00
GM0547,4.1,2018JJ00
GM0547,3.9,2019JJ00
GM0547,5.0,2020JJ00
GM0547,3.7,2021JJ00
GM0547,3.2,2022JJ00
GM0547,3.1,2023JJ00
GM1916,10.0,2013JJ00
GM1916,9.2,2014JJ00
GM1916,9.7,2015JJ00
GM1916,8.4,2016JJ00
GM1916,6.2,2017JJ00
GM1916,5.8,2018JJ00
GM1916,5.1,2019JJ00
GM1916,5.3,2020JJ00
GM1916,4.8,2021JJ00
GM1916,4.2,2022JJ00
GM1916,4.1,2023JJ00
GM0995,9.4,2013JJ00
GM0995,10.1,2014JJ00
GM0995,8.9,2015JJ00
GM0995,7.8,2016JJ00
GM0995,6.9,2017JJ00
GM0995,4.5,2018JJ00
GM0995,4.5,2019JJ00
GM0995,4.9,2020JJ00
GM0995,4.2,2021JJ00
GM0995,3.0,2022JJ00
GM0995,3.3,2023JJ00
GM1640,5.9,2013JJ00
GM1640,6.0,2014JJ00
GM1640,6.0,2015JJ00
GM1640,4.7,2016JJ00
GM1640,4.0,2017JJ00
GM1640,3.0,2018JJ00
GM1640,3.0,2019JJ00
GM1640,3.2,2020JJ00
GM1640,2.8,2021JJ00
GM1640,2.5,2022JJ00
GM1640,2.2,2023JJ00
GM0327,7.4,2013JJ00
GM0327,6.3,2014JJ00
GM0327,6.3,2015JJ00
GM0327,5.1,2016JJ00
GM0327,4.2,2017JJ00
GM0327,3.9,2018JJ00
GM0327,3.3,2019JJ00
GM0327,3.8,2020JJ00
GM0327,4.0,2021JJ00
GM0327,2.8,2022JJ00
GM0327,2.6,2023JJ00
GM1705,7.4,2013JJ00
GM1705,6.7,2014JJ00
GM1705,6.0,2015JJ00
GM1705,5.3,2016JJ00
GM1705,5.0,2017JJ00
GM1705,3.6,2018JJ00
GM1705,3.0,2019JJ00
GM1705,3.4,2020JJ00
GM1705,2.9,2021JJ00
GM1705,2.2,2022JJ00
GM1705,2.5,2023JJ00
GM0553,6.1,2013JJ00
GM0553,6.5,2014JJ00
GM0553,6.4,2015JJ00
GM0553,5.6,2016JJ00
GM0553,4.1,2017JJ00
GM0553,3.3,2018JJ00
GM0553,3.4,2019JJ00
GM0553,3.8,2020JJ00
GM0553,2.6,2021JJ00
GM0553,2.3,2022JJ00
GM0553,2.8,2023JJ00
GM0262,7.3,2013JJ00
GM0262,8.5,2014JJ00
GM0262,7.7,2015JJ00
GM0262,6.7,2016JJ00
GM0262,5.3,2017JJ00
GM0262,4.0,2018JJ00
GM0262,3.3,2019JJ00
GM0262,3.6,2020JJ00
GM0262,3.5,2021JJ00
GM0262,2.7,2022JJ00
GM0262,2.3,2023JJ00
GM0809,6.3,2013JJ00
GM0809,6.4,2014JJ00
GM0809,6.1,2015JJ00
GM0809,5.2,2016JJ00
GM0809,4.4,2017JJ00
GM0809,3.8,2018JJ00
GM0809,3.0,2019JJ00
GM0809,3.1,2020JJ00
GM0809,2.6,2021JJ00
GM0809,2.5,2022JJ00
GM0809,2.4,2023JJ00
GM0331,5.3,2013JJ00
GM0331,5.3,2014JJ00
GM0331,5.3,2015JJ00
GM0331,4.5,2016JJ00
GM0331,3.3,2017JJ00
GM0331,3.1,2018JJ00
GM0331,2.9,2019JJ00
GM0331,3.4,2020JJ00
GM0331,2.5,2021JJ00
GM0331,2.3,2022JJ00
GM0331,2.3,2023JJ00
GM0168,5.8,2013JJ00
GM0168,6.8,2014JJ00
GM0168,6.7,2015JJ00
GM0168,6.1,2016JJ00
GM0168,5.2,2017JJ00
GM0168,4.1,2018JJ00
GM0168,3.3,2019JJ00
GM0168,3.2,2020JJ00
GM0168,2.9,2021JJ00
GM0168,2.5,2022JJ00
GM0168,2.5,2023JJ00
GM0263,6.4,2013JJ00
GM0263,7.0,2014JJ00
GM0263,5.7,2015JJ00
GM0263,4.8,2016JJ00
GM0263,4.3,2017JJ00
GM0263,2.9,2018JJ00
GM0263,2.8,2019JJ00
GM0263,3.2,2020JJ00
GM0263,2.9,2021JJ00
GM0263,2.4,2022JJ00
GM0263,2.2,2023JJ00
GM1641,5.7,2013JJ00
GM1641,6.4,2014JJ00
GM1641,5.9,2015JJ00
GM1641,4.9,2016JJ00
GM1641,4.2,2017JJ00
GM1641,3.5,2018JJ00
GM1641,3.3,2019JJ00
GM1641,4.5,2020JJ00
GM1641,3.1,2021JJ00
GM1641,2.5,2022JJ00
GM1641,2.6,2023JJ00
GM1991,6.9,2013JJ00
GM1991,7.0,2014JJ00
GM1991,6.3,2015JJ00
GM1991,5.4,2016JJ00
GM1991,4.5,2017JJ00
GM1991,3.5,2018JJ00
GM1991,3.3,2019JJ00
GM1991,3.5,2020JJ00
GM1991,3.1,2021JJ00
GM1991,2.5,2022JJ00
GM1991,2.5,2023JJ00
GM0556,7.9,2013JJ00
GM0556,8.4,2014JJ00
GM0556,7.4,2015JJ00
GM0556,7.0,2016JJ00
GM0556,5.6,2017JJ00
GM0556,4.2,2018JJ00
GM0556,4.2,2019JJ00
GM0556,4.6,2020JJ00
GM0556,3.6,2021JJ00
GM0556,3.2,2022JJ00
GM0556,2.8,2023JJ00
GM0935,9.0,2013JJ00
GM0935,8.8,2014JJ00
GM0935,9.1,2015JJ00
GM0935,8.2,2016JJ00
GM0935,7.0,2017JJ00
GM0935,5.4,2018JJ00
GM0935,5.4,2019JJ00
GM0935,5.9,2020JJ00
GM0935,6.6,2021JJ00
GM0935,4.9,2022JJ00
GM0935,4.8,2023JJ00
GM0420,5.8,2013JJ00
GM0420,5.9,2014JJ00
GM0420,5.0,2015JJ00
GM0420,5.2,2016JJ00
GM0420,4.5,2017JJ00
GM0420,3.3,2018JJ00
GM0420,3.1,2019JJ00
GM0420,3.5,2020JJ00
GM0420,2.7,2021JJ00
GM0420,2.6,2022JJ00
GM0420,2.2,2023JJ00
GM0938,7.3,2013JJ00
GM0938,7.9,2014JJ00
GM0938,7.0,2015JJ00
GM0938,5.4,2016JJ00
GM0938,4.4,2017JJ00
GM0938,3.5,2018JJ00
GM0938,3.4,2019JJ00
GM0938,3.9,2020JJ00
GM0938,3.5,2021JJ00
GM0938,3.0,2022JJ00
GM0938,2.7,2023JJ00
GM1948,6.1,2013JJ00
GM1948,6.6,2014JJ00
GM1948,6.0,2015JJ00
GM1948,5.2,2016JJ00
GM1948,4.3,2017JJ00
GM1948,3.0,2018JJ00
GM1948,2.9,2019JJ00
GM1948,3.4,2020JJ00
GM1948,2.6,2021JJ00
GM1948,2.2,2022JJ00
GM1948,2.1,2023JJ00
GM0119,7.6,2013JJ00
GM0119,7.5,2014JJ00
GM0119,6.9,2015JJ00
GM0119,6.6,2016JJ00
GM0119,6.4,2017JJ00
GM0119,5.0,2018JJ00
GM0119,3.9,2019JJ00
GM0119,4.4,2020JJ00
GM0119,3.3,2021JJ00
GM0119,2.6,2022JJ00
GM0119,2.6,2023JJ00
GM0687,6.4,2013JJ00
GM0687,6.2,2014JJ00
GM0687,5.8,2015JJ00
GM0687,4.6,2016JJ00
GM0687,4.7,2017JJ00
GM0687,3.5,2018JJ00
GM0687,3.9,2019JJ00
GM0687,4.3,2020JJ00
GM0687,3.2,2021JJ00
GM0687,2.5,2022JJ00
GM0687,2.7,2023JJ00
GM1842,5.9,2013JJ00
GM1842,6.7,2014JJ00
GM1842,5.8,2015JJ00
GM1842,4.4,2016JJ00
GM1842,3.5,2017JJ00
GM1842,2.9,2018JJ00
GM1842,3.1,2019JJ00
GM1842,3.4,2020JJ00
GM1842,2.6,2021JJ00
GM1842,2.6,2022JJ00
GM1842,2.4,2023JJ00
GM1731,5.9,2013JJ00
GM1731,6.6,2014JJ00
GM1731,6.7,2015JJ00
GM1731,5.2,2016JJ00
GM1731,4.6,2017JJ00
GM1731,3.0,2018JJ00
GM1731,2.9,2019JJ00
GM1731,2.9,2020JJ00
GM1731,2.9,2021JJ00
GM1731,2.1,2022JJ00
GM1731,2.1,2023JJ00
GM1952,7.7,2013JJ00
GM1952,8.4,2014JJ00
GM1952,7.7,2015JJ00
GM1952,6.9,2016JJ00
GM1952,5.6,2017JJ00
GM1952,5.2,2018JJ00
GM1952,3.7,2019JJ00
GM1952,4.5,2020JJ00
GM1952,3.6,2021JJ00
GM1952,2.6,2022JJ00
GM1952,3.1,2023JJ00
GM1709,5.4,2013JJ00
GM1709,6.6,2014JJ00
GM1709,5.8,2015JJ00
GM1709,5.5,2016JJ00
GM1709,4.4,2017JJ00
GM1709,3.4,2018JJ00
GM1709,3.0,2019JJ00
GM1709,3.2,2020JJ00
GM1709,3.2,2021JJ00
GM1709,2.8,2022JJ00
GM1709,2.5,2023JJ00
GM1978,4.7,2013JJ00
GM1978,5.1,2014JJ00
GM1978,4.9,2015JJ00
GM1978,4.0,2016JJ00
GM1978,3.5,2017JJ00
GM1978,2.8,2018JJ00
GM1978,2.7,2019JJ00
GM1978,3.1,2020JJ00
GM1978,2.4,2021JJ00
GM1978,2.0,2022JJ00
GM1978,1.7,2023JJ00
GM1955,6.6,2013JJ00
GM1955,7.4,2014JJ00
GM1955,6.5,2015JJ00
GM1955,5.4,2016JJ00
GM1955,4.0,2017JJ00
GM1955,3.1,2018JJ00
GM1955,3.5,2019JJ00
GM1955,3.7,2020JJ00
GM1955,2.8,2021JJ00
GM1955,2.3,2022JJ00
GM1955,2.4,2023JJ00
GM0335,5.6,2013JJ00
GM0335,5.7,2014JJ00
GM0335,5.2,2015JJ00
GM0335,5.2,2016JJ00
GM0335,3.8,2017JJ00
GM0335,3.7,2018JJ00
GM0335,3.2,2019JJ00
GM0335,3.3,2020JJ00
GM0335,2.9,2021JJ00
GM0335,2.3,2022JJ00
GM0335,2.4,2023JJ00
GM0944,7.3,2013JJ00
GM0944,7.6,2014JJ00
GM0944,7.2,2015JJ00
GM0944,5.7,2016JJ00
GM0944,4.6,2017JJ00
GM0944,4.5,2018JJ00
GM0944,3.7,2019JJ00
GM0944,4.0,2020JJ00
GM0944,2.9,2021JJ00
GM0944,2.8,2022JJ00
GM0944,2.7,2023JJ00
GM1740,6.0,2013JJ00
GM1740,5.8,2014JJ00
GM1740,5.3,2015JJ00
GM1740,5.0,2016JJ00
GM1740,4.1,2017JJ00
GM1740,3.0,2018JJ00
GM1740,2.6,2019JJ00
GM1740,3.2,2020JJ00
GM1740,2.5,2021JJ00
GM1740,2.2,2022JJ00
GM1740,2.2,2023JJ00
GM0946,6.0,2013JJ00
GM0946,6.1,2014JJ00
GM0946,5.6,2015JJ00
GM0946,4.7,2016JJ00
GM0946,4.1,2017JJ00
GM0946,3.3,2018JJ00
GM0946,2.8,2019JJ00
GM0946,3.4,2020JJ00
GM0946,2.5,2021JJ00
GM0946,2.6,2022JJ00
GM0946,2.7,2023JJ00
GM0356,8.4,2013JJ00
GM0356,7.9,2014JJ00
GM0356,7.7,2015JJ00
GM0356,6.2,2016JJ00
GM0356,4.8,2017JJ00
GM0356,3.9,2018JJ00
GM0356,4.0,2019JJ00
GM0356,4.3,2020JJ00
GM0356,4.0,2021JJ00
GM0356,3.0,2022JJ00
GM0356,3.0,2023JJ00
GM0569,5.6,2013JJ00
GM0569,5.7,2014JJ00
GM0569,5.4,2015JJ00
GM0569,4.4,2016JJ00
GM0569,3.5,2017JJ00
GM0569,2.8,2018JJ00
GM0569,2.7,2019JJ00
GM0569,3.2,2020JJ00
GM0569,2.4,2021JJ00
GM0569,2.1,2022JJ00
GM0569,2.0,2023JJ00
GM0267,6.2,2013JJ00
GM0267,6.1,2014JJ00
GM0267,4.9,2015JJ00
GM0267,4.5,2016JJ00
GM0267,3.9,2017JJ00
GM0267,2.8,2018JJ00
GM0267,3.0,2019JJ00
GM0267,3.5,2020JJ00
GM0267,2.9,2021JJ00
GM0267,2.4,2022JJ00
GM0267,2.4,2023JJ00
GM0268,12.2,2013JJ00
GM0268,12.6,2014JJ00
GM0268,10.7,2015JJ00
GM0268,10.1,2016JJ00
GM0268,8.9,2017JJ00
GM0268,5.7,2018JJ00
GM0268,5.3,2019JJ00
GM0268,7.3,2020JJ00
GM0268,6.9,2021JJ00
GM0268,5.4,2022JJ00
GM0268,4.5,2023JJ00
GM1930,7.0,2013JJ00
GM1930,7.4,2014JJ00
GM1930,6.9,2015JJ00
GM1930,6.4,2016JJ00
GM1930,5.0,2017JJ00
GM1930,3.7,2018JJ00
GM1930,4.3,2019JJ00
GM1930,4.0,2020JJ00
GM1930,4.1,2021JJ00
GM1930,2.9,2022JJ00
GM1930,3.0,2023JJ00
GM1970,7.1,2013JJ00
GM1970,7.1,2014JJ00
GM1970,6.7,2015JJ00
GM1970,5.7,2016JJ00
GM1970,4.6,2017JJ00
GM1970,3.9,2018JJ00
GM1970,3.3,2019JJ00
GM1970,3.9,2020JJ00
GM1970,2.7,2021JJ00
GM1970,2.4,2022JJ00
GM1970,2.4,2023JJ00
GM1695,6.2,2013JJ00
GM1695,6.8,2014JJ00
GM1695,6.9,2015JJ00
GM1695,5.3,2016JJ00
GM1695,4.3,2017JJ00
GM1695,3.9,2018JJ00
GM1695,3.3,2019JJ00
GM1695,3.5,2020JJ00
GM1695,2.8,2021JJ00
GM1695,2.2,2022JJ00
GM1695,2.2,2023JJ00
GM1699,6.8,2013JJ00
GM1699,7.5,2014JJ00
GM1699,6.8,2015JJ00
GM1699,6.4,2016JJ00
GM1699,5.2,2017JJ00
GM1699,4.0,2018JJ00
GM1699,3.5,2019JJ00
GM1699,4.1,2020JJ00
GM1699,3.1,2021JJ00
GM1699,2.8,2022JJ00
GM1699,3.0,2023JJ00
GM0171,6.7,2013JJ00
GM0171,7.1,2014JJ00
GM0171,7.2,2015JJ00
GM0171,5.2,2016JJ00
GM0171,4.4,2017JJ00
GM0171,3.8,2018JJ00
GM0171,3.4,2019JJ00
GM0171,3.6,2020JJ00
GM0171,2.9,2021JJ00
GM0171,2.3,2022JJ00
GM0171,2.5,2023JJ00
GM0575,5.8,2013JJ00
GM0575,6.7,2014JJ00
GM0575,6.1,2015JJ00
GM0575,5.2,2016JJ00
GM0575,4.4,2017JJ00
GM0575,4.1,2018JJ00
GM0575,3.8,2019JJ00
GM0575,3.4,2020JJ00
GM0575,2.9,2021JJ00
GM0575,2.4,2022JJ00
GM0575,2.4,2023JJ00
GM0820,7.1,2013JJ00
GM0820,7.9,2014JJ00
GM0820,8.5,2015JJ00
GM0820,6.4,2016JJ00
GM0820,5.1,2017JJ00
GM0820,4.0,2018JJ00
GM0820,3.4,2019JJ00
GM0820,4.0,2020JJ00
GM0820,3.7,2021JJ00
GM0820,3.5,2022JJ00
GM0820,3.1,2023JJ00
GM0302,5.7,2013JJ00
GM0302,5.8,2014JJ00
GM0302,5.1,2015JJ00
GM0302,5.1,2016JJ00
GM0302,4.0,2017JJ00
GM0302,2.9,2018JJ00
GM0302,2.8,2019JJ00
GM0302,3.1,2020JJ00
GM0302,2.5,2021JJ00
GM0302,2.3,2022JJ00
GM0302,2.2,2023JJ00
GM0579,7.7,2013JJ00
GM0579,9.1,2014JJ00
GM0579,8.5,2015JJ00
GM0579,6.9,2016JJ00
GM0579,5.9,2017JJ00
GM0579,4.6,2018JJ00
GM0579,4.2,2019JJ00
GM0579,5.7,2020JJ00
GM0579,4.6,2021JJ00
GM0579,4.0,2022JJ00
GM0579,3.5,2023JJ00
GM0823,5.9,2013JJ00
GM0823,6.0,2014JJ00
GM0823,5.4,2015JJ00
GM0823,5.2,2016JJ00
GM0823,4.1,2017JJ00
GM0823,3.5,2018JJ00
GM0823,3.3,2019JJ00
GM0823,3.4,2020JJ00
GM0823,2.3,2021JJ00
GM0823,2.6,2022JJ00
GM0823,2.4,2023JJ00
GM0824,6.6,2013JJ00
GM0824,7.1,2014JJ00
GM0824,6.8,2015JJ00
GM0824,5.6,2016JJ00
GM0824,4.5,2017JJ00
GM0824,3.8,2018JJ00
GM0824,3.4,2019JJ00
GM0824,3.7,2020JJ00
GM0824,3.1,2021JJ00
GM0824,3.0,2022JJ00
GM0824,2.5,2023JJ00
GM1895,8.2,2013JJ00
GM1895,8.4,2014JJ00
GM1895,8.3,2015JJ00
GM1895,7.4,2016JJ00
GM1895,5.7,2017JJ00
GM1895,5.1,2018JJ00
GM1895,4.1,2019JJ00
GM1895,4.3,2020JJ00
GM1895,3.7,2021JJ00
GM1895,2.9,2022JJ00
GM1895,2.9,2023JJ00
GM0269,5.4,2013JJ00
GM0269,5.6,2014JJ00
GM0269,5.4,2015JJ00
GM0269,4.9,2016JJ00
GM0269,4.4,2017JJ00
GM0269,3.3,2018JJ00
GM0269,2.9,2019JJ00
GM0269,3.1,2020JJ00
GM0269,3.1,2021JJ00
GM0269,2.5,2022JJ00
GM0269,2.1,2023JJ00
GM0173,8.0,2013JJ00
GM0173,7.3,2014JJ00
GM0173,6.6,2015JJ00
GM0173,5.8,2016JJ00
GM0173,4.7,2017JJ00
GM0173,3.8,2018JJ00
GM0173,3.5,2019JJ00
GM0173,4.3,2020JJ00
GM0173,4.0,2021JJ00
GM0173,2.7,2022JJ00
GM0173,2.6,2023JJ00
GM1773,5.8,2013JJ00
GM1773,5.9,2014JJ00
GM1773,6.1,2015JJ00
GM1773,5.3,2016JJ00
GM1773,4.3,2017JJ00
GM1773,3.3,2018JJ00
GM1773,3.3,2019JJ00
GM1773,3.5,2020JJ00
GM1773,2.7,2021JJ00
GM1773,2.5,2022JJ00
GM1773,2.3,2023JJ00
GM0175,6.5,2013JJ00
GM0175,6.4,2014JJ00
GM0175,5.3,2015JJ00
GM0175,5.4,2016JJ00
GM0175,5.0,2017JJ00
GM0175,3.2,2018JJ00
GM0175,2.8,2019JJ00
GM0175,3.8,2020JJ00
GM0175,3.1,2021JJ00
GM0175,2.4,2022JJ00
GM0175,2.2,2023JJ00
GM1586,5.9,2013JJ00
GM1586,5.7,2014JJ00
GM1586,5.7,2015JJ00
GM1586,4.8,2016JJ00
GM1586,4.2,2017JJ00
GM1586,2.9,2018JJ00
GM1586,2.7,2019JJ00
GM1586,3.1,2020JJ00
GM1586,2.5,2021JJ00
GM1586,2.5,2022JJ00
GM1586,2.0,2023JJ00
GM0826,7.5,2013JJ00
GM0826,8.1,2014JJ00
GM0826,7.8,2015JJ00
GM0826,7.1,2016JJ00
GM0826,5.2,2017JJ00
GM0826,4.3,2018JJ00
GM0826,4.0,2019JJ00
GM0826,4.2,2020JJ00
GM0826,3.1,2021JJ00
GM0826,2.9,2022JJ00
GM0826,2.8,2023JJ00
GM0085,6.9,2013JJ00
GM0085,7.1,2014JJ00
GM0085,6.7,2015JJ00
GM0085,6.5,2016JJ00
GM0085,5.4,2017JJ00
GM0085,4.0,2018JJ00
GM0085,3.2,2019JJ00
GM0085,4.2,2020JJ00
GM0085,3.1,2021JJ00
GM0085,2.9,2022JJ00
GM0085,2.8,2023JJ00
GM0431,5.9,2013JJ00
GM0431,6.0,2014JJ00
GM0431,5.8,2015JJ00
GM0431,6.2,2016JJ00
GM0431,4.3,2017JJ00
GM0431,3.7,2018JJ00
GM0431,3.4,2019JJ00
GM0431,3.9,2020JJ00
GM0431,2.6,2021JJ00
GM0431,2.6,2022JJ00
GM0431,2.4,2023JJ00
GM0432,5.9,2013JJ00
GM0432,5.6,2014JJ00
GM0432,4.9,2015JJ00
GM0432,5.1,2016JJ00
GM0432,4.4,2017JJ00
GM0432,3.0,2018JJ00
GM0432,2.9,2019JJ00
GM0432,3.1,2020JJ00
GM0432,2.5,2021JJ00
GM0432,2.1,2022JJ00
GM0432,2.3,2023JJ00
GM0086,6.9,2013JJ00
GM0086,7.1,2014JJ00
GM0086,6.4,2015JJ00
GM0086,5.6,2016JJ00
GM0086,4.5,2017JJ00
GM0086,3.7,2018JJ00
GM0086,2.7,2019JJ00
GM0086,3.6,2020JJ00
GM0086,3.1,2021JJ00
GM0086,2.7,2022JJ00
GM0086,2.4,2023JJ00
GM0828,7.0,2013JJ00
GM0828,7.7,2014JJ00
GM0828,7.1,2015JJ00
GM0828,6.4,2016JJ00
GM0828,5.0,2017JJ00
GM0828,4.3,2018JJ00
GM0828,3.7,2019JJ00
GM0828,3.7,2020JJ00
GM0828,3.3,2021JJ00
GM0828,3.0,2022JJ00
GM0828,2.7,2023JJ00
GM1509,6.1,2013JJ00
GM1509,7.2,2014JJ00
GM1509,7.2,2015JJ00
GM1509,7.6,2016JJ00
GM1509,5.3,2017JJ00
GM1509,3.2,2018JJ00
GM1509,2.9,2019JJ00
GM1509,3.0,2020JJ00
GM1509,2.6,2021JJ00
GM1509,2.4,2022JJ00
GM1509,2.6,2023JJ00
GM0437,6.6,2013JJ00
GM0437,7.4,2014JJ00
GM0437,7.6,2015JJ00
GM0437,6.9,2016JJ00
GM0437,5.5,2017JJ00
GM0437,5.1,2018JJ00
GM0437,4.4,2019JJ00
GM0437,5.7,2020JJ00
GM0437,3.8,2021JJ00
GM0437,3.0,2022JJ00
GM0437,3.6,2023JJ00
GM0589,5.4,2013JJ00
GM0589,5.4,2014JJ00
GM0589,5.4,2015JJ00
GM0589,4.7,2016JJ00
GM0589,3.9,2017JJ00
GM0589,3.0,2018JJ00
GM0589,2.9,2019JJ00
GM0589,3.1,2020JJ00
GM0589,2.2,2021JJ00
GM0589,2.1,2022JJ00
GM0589,2.0,2023JJ00
GM1734,6.5,2013JJ00
GM1734,7.5,2014JJ00
GM1734,6.1,2015JJ00
GM1734,5.8,2016JJ00
GM1734,5.5,2017JJ00
GM1734,3.1,2018JJ00
GM1734,3.1,2019JJ00
GM1734,3.9,2020JJ00
GM1734,2.8,2021JJ00
GM1734,2.4,2022JJ00
GM1734,2.4,2023JJ00
GM0590,5.8,2013JJ00
GM0590,6.2,2014JJ00
GM0590,5.6,2015JJ00
GM0590,5.0,2016JJ00
GM0590,4.1,2017JJ00
GM0590,3.7,2018JJ00
GM0590,3.1,2019JJ00
GM0590,3.4,2020JJ00
GM0590,3.1,2021JJ00
GM0590,2.6,2022JJ00
GM0590,2.8,2023JJ00
GM1894,5.9,2013JJ00
GM1894,5.7,2014JJ00
GM1894,5.6,2015JJ00
GM1894,5.0,2016JJ00
GM1894,3.7,2017JJ00
GM1894,2.9,2018JJ00
GM1894,2.6,2019JJ00
GM1894,3.3,2020JJ00
GM1894,2.5,2021JJ00
GM1894,2.5,2022JJ00
GM1894,2.8,2023JJ00
GM0765,7.9,2013JJ00
GM0765,8.1,2014JJ00
GM0765,8.9,2015JJ00
GM0765,7.6,2016JJ00
GM0765,5.4,2017JJ00
GM0765,4.4,2018JJ00
GM0765,3.9,2019JJ00
GM0765,4.3,2020JJ00
GM0765,3.7,2021JJ00
GM0765,2.7,2022JJ00
GM0765,2.7,2023JJ00
GM1926,6.8,2013JJ00
GM1926,6.9,2014JJ00
GM1926,6.8,2015JJ00
GM1926,6.3,2016JJ00
GM1926,5.1,2017JJ00
GM1926,4.0,2018JJ00
GM1926,4.1,2019JJ00
GM1926,4.1,2020JJ00
GM1926,3.3,2021JJ00
GM1926,3.0,2022JJ00
GM1926,2.8,2023JJ00
GM0439,7.0,2013JJ00
GM0439,7.6,2014JJ00
GM0439,6.3,2015JJ00
GM0439,6.6,2016JJ00
GM0439,5.2,2017JJ00
GM0439,4.0,2018JJ00
GM0439,4.0,2019JJ00
GM0439,4.5,2020JJ00
GM0439,3.3,2021JJ00
GM0439,2.8,2022JJ00
GM0439,2.8,2023JJ00
GM0273,6.6,2013JJ00
GM0273,6.4,2014JJ00
GM0273,5.3,2015JJ00
GM0273,5.5,2016JJ00
GM0273,4.8,2017JJ00
GM0273,3.0,2018JJ00
GM0273,2.8,2019JJ00
GM0273,3.3,2020JJ00
GM0273,2.7,2021JJ00
GM0273,2.3,2022JJ00
GM0273,2.0,2023JJ00
GM0177,5.6,2013JJ00
GM0177,5.4,2014JJ00
GM0177,5.5,2015JJ00
GM0177,5.0,2016JJ00
GM0177,4.0,2017JJ00
GM0177,3.1,2018JJ00
GM0177,2.7,2019JJ00
GM0177,3.2,2020JJ00
GM0177,2.4,2021JJ00
GM0177,2.3,2022JJ00
GM0177,2.5,2023JJ00
GM0703,4.7,2013JJ00
GM0703,5.7,2014JJ00
GM0703,5.5,2015JJ00
GM0703,4.4,2016JJ00
GM0703,3.5,2017JJ00
GM0703,2.8,2018JJ00
GM0703,3.2,2019JJ00
GM0703,3.0,2020JJ00
GM0703,2.4,2021JJ00
GM0703,2.1,2022JJ00
GM0703,2.0,2023JJ00
GM0274,8.0,2013JJ00
GM0274,8.9,2014JJ00
GM0274,8.2,2015JJ00
GM0274,7.1,2016JJ00
GM0274,6.3,2017JJ00
GM0274,5.8,2018JJ00
GM0274,4.9,2019JJ00
GM0274,4.6,2020JJ00
GM0274,4.3,2021JJ00
GM0274,3.4,2022JJ00
GM0274,3.8,2023JJ00
GM0339,5.4,2013JJ00
GM0339,4.9,2014JJ00
GM0339,5.2,2015JJ00
GM0339,4.5,2016JJ00
GM0339,3.6,2017JJ00
GM0339,3.0,2018JJ00
GM0339,2.6,2019JJ00
GM0339,2.7,2020JJ00
GM0339,2.4,2021JJ00
GM0339,2.2,2022JJ00
GM0339,2.1,2023JJ00
GM1667,6.1,2013JJ00
GM1667,5.9,2014JJ00
GM1667,5.6,2015JJ00
GM1667,4.8,2016JJ00
GM1667,4.4,2017JJ00
GM1667,3.0,2018JJ00
GM1667,2.4,2019JJ00
GM1667,3.1,2020JJ00
GM1667,2.3,2021JJ00
GM1667,2.1,2022JJ00
GM1667,2.2,2023JJ00
GM0275,7.9,2013JJ00
GM0275,8.5,2014JJ00
GM0275,8.0,2015JJ00
GM0275,7.9,2016JJ00
GM0275,6.5,2017JJ00
GM0275,4.7,2018JJ00
GM0275,4.6,2019JJ00
GM0275,5.1,2020JJ00
GM0275,4.0,2021JJ00
GM0275,3.6,2022JJ00
GM0275,3.4,2023JJ00
GM0340,6.3,2013JJ00
GM0340,6.3,2014JJ00
GM0340,6.0,2015JJ00
GM0340,5.6,2016JJ00
GM0340,4.2,2017JJ00
GM0340,3.5,2018JJ00
GM0340,3.5,2019JJ00
GM0340,3.6,2020JJ00
GM0340,2.7,2021JJ00
GM0340,2.9,2022JJ00
GM0340,2.4,2023JJ00
GM0597,7.6,2013JJ00
GM0597,7.8,2014JJ00
GM0597,6.9,2015JJ00
GM0597,6.0,2016JJ00
GM0597,4.8,2017JJ00
GM0597,3.8,2018JJ00
GM0597,3.6,2019JJ00
GM0597,4.1,2020JJ00
GM0597,3.2,2021JJ00
GM0597,2.6,2022JJ00
GM0597,2.6,2023JJ00
GM1742,6.0,2013JJ00
GM1742,6.0,2014JJ00
GM1742,5.3,2015JJ00
GM1742,5.3,2016JJ00
GM1742,4.1,2017JJ00
GM1742,3.2,2018JJ00
GM1742,2.7,2019JJ00
GM1742,3.1,2020JJ00
GM1742,2.4,2021JJ00
GM1742,2.2,2022JJ00
GM1742,2.1,2023JJ00
GM0603,8.9,2013JJ00
GM0603,9.7,2014JJ00
GM0603,9.5,2015JJ00
GM0603,9.7,2016JJ00
GM0603,6.7,2017JJ00
GM0603,4.9,2018JJ00
GM0603,4.9,2019JJ00
GM0603,5.9,2020JJ00
GM0603,5.8,2021JJ00
GM0603,4.0,2022JJ00
GM0603,3.7,2023JJ00
GM1669,6.4,2013JJ00
GM1669,6.6,2014JJ00
GM1669,6.3,2015JJ00
GM1669,6.0,2016JJ00
GM1669,4.6,2017JJ00
GM1669,3.6,2018JJ00
GM1669,3.1,2019JJ00
GM1669,3.8,2020JJ00
GM1669,3.2,2021JJ00
GM1669,2.9,2022JJ00
GM1669,2.8,2023JJ00
GM0957,7.3,2013JJ00
GM0957,8.0,2014JJ00
GM0957,7.8,2015JJ00
GM0957,6.7,2016JJ00
GM0957,5.7,2017JJ00
GM0957,4.9,2018JJ00
GM0957,4.6,2019JJ00
GM0957,5.3,2020JJ00
GM0957,4.3,2021JJ00
GM0957,3.4,2022JJ00
GM0957,3.8,2023JJ00
GM0736,5.8,2013JJ00
GM0736,5.9,2014JJ00
GM0736,6.3,2015JJ00
GM0736,5.3,2016JJ00
GM0736,4.1,2017JJ00
GM0736,3.8,2018JJ00
GM0736,3.7,2019JJ00
GM0736,4.0,2020JJ00
GM0736,3.4,2021JJ00
GM0736,3.3,2022JJ00
GM0736,2.6,2023JJ00
GM1674,7.4,2013JJ00
GM1674,9.2,2014JJ00
GM1674,8.0,2015JJ00
GM1674,6.3,2016JJ00
GM1674,5.8,2017JJ00
GM1674,4.3,2018JJ00
GM1674,3.6,2019JJ00
GM1674,4.1,2020JJ00
GM1674,3.5,2021JJ00
GM1674,2.8,2022JJ00
GM1674,3.0,2023JJ00
GM0599,14.1,2013JJ00
GM0599,13.9,2014JJ00
GM0599,13.5,2015JJ00
GM0599,12.8,2016JJ00
GM0599,9.1,2017JJ00
GM0599,7.1,2018JJ00
GM0599,7.3,2019JJ00
GM0599,8.0,2020JJ00
GM0599,8.8,2021JJ00
GM0599,5.6,2022JJ00
GM0599,5.7,2023JJ00
GM0277,6.5,2013JJ00
GM0277,7.1,2014JJ00
GM0277,6.9,2015JJ00
GM0277,6.2,2016JJ00
GM0277,4.1,2017JJ00
GM0277,3.3,2018JJ00
GM0277,3.3,2019JJ00
GM0277,4.1,2020JJ00
GM0277,2.9,2021JJ00
GM0277,2.5,2022JJ00
GM0277,2.2,2023JJ00
GM0840,6.1,2013JJ00
GM0840,7.0,2014JJ00
GM0840,6.5,2015JJ00
GM0840,6.2,2016JJ00
GM0840,5.0,2017JJ00
GM0840,3.3,2018JJ00
GM0840,3.0,2019JJ00
GM0840,3.3,2020JJ00
GM0840,2.6,2021JJ00
GM0840,2.6,2022JJ00
GM0840,2.6,2023JJ00
GM0441,5.7,2013JJ00
GM0441,5.7,2014JJ00
GM0441,5.2,2015JJ00
GM0441,4.7,2016JJ00
GM0441,4.5,2017JJ00
GM0441,3.0,2018JJ00
GM0441,2.7,2019JJ00
GM0441,3.4,2020JJ00
GM0441,2.6,2021JJ00
GM0441,2.2,2022JJ00
GM0441,2.3,2023JJ00
GM0279,5.9,2013JJ00
GM0279,5.5,2014JJ00
GM0279,5.2,2015JJ00
GM0279,4.6,2016JJ00
GM0279,4.1,2017JJ00
GM0279,3.0,2018JJ00
GM0279,2.8,2019JJ00
GM0279,3.4,2020JJ00
GM0279,2.5,2021JJ00
GM0279,2.4,2022JJ00
GM0279,2.1,2023JJ00
GM0606,9.0,2013JJ00
GM0606,10.0,2014JJ00
GM0606,10.1,2015JJ00
GM0606,7.4,2016JJ00
GM0606,6.6,2017JJ00
GM0606,5.4,2018JJ00
GM0606,5.0,2019JJ00
GM0606,4.5,2020JJ00
GM0606,4.6,2021JJ00
GM0606,3.9,2022JJ00
GM0606,3.3,2023JJ00
GM0088,6.3,2013JJ00
GM0088,5.7,2014JJ00
GM0088,4.9,2015JJ00
GM0088,4.9,2016JJ00
GM0088,4.3,2017JJ00
GM0088,3.5,2018JJ00
GM0088,3.5,2019JJ00
GM0088,4.4,2020JJ00
GM0088,3.2,2021JJ00
GM0088,2.6,2022JJ00
GM0088,2.6,2023JJ00
GM1676,5.2,2013JJ00
GM1676,5.4,2014JJ00
GM1676,5.3,2015JJ00
GM1676,4.2,2016JJ00
GM1676,4.0,2017JJ00
GM1676,3.2,2018JJ00
GM1676,3.1,2019JJ00
GM1676,3.2,2020JJ00
GM1676,2.5,2021JJ00
GM1676,2.4,2022JJ00
GM1676,1.8,2023JJ00
GM0965,7.3,2013JJ00
GM0965,7.1,2014JJ00
GM0965,7.1,2015JJ00
GM0965,6.4,2016JJ00
GM0965,4.7,2017JJ00
GM0965,3.9,2018JJ00
GM0965,3.5,2019JJ00
GM0965,3.6,2020JJ00
GM0965,3.0,2021JJ00
GM0965,2.4,2022JJ00
GM0965,2.4,2023JJ00
GM0845,6.3,2013JJ00
GM0845,6.5,2014JJ00
GM0845,6.0,2015JJ00
GM0845,5.3,2016JJ00
GM0845,4.8,2017JJ00
GM0845,3.7,2018JJ00
GM0845,3.5,2019JJ00
GM0845,3.3,2020JJ00
GM0845,3.0,2021JJ00
GM0845,2.4,2022JJ00
GM0845,2.2,2023JJ00
GM1883,8.1,2013JJ00
GM1883,8.1,2014JJ00
GM1883,7.0,2015JJ00
GM1883,6.9,2016JJ00
GM1883,5.7,2017JJ00
GM1883,4.8,2018JJ00
GM1883,4.0,2019JJ00
GM1883,4.8,2020JJ00
GM1883,3.8,2021JJ00
GM1883,3.2,2022JJ00
GM1883,3.4,2023JJ00
GM0610,5.6,2013JJ00
GM0610,6.1,2014JJ00
GM0610,5.6,2015JJ00
GM0610,4.5,2016JJ00
GM0610,4.2,2017JJ00
GM0610,3.8,2018JJ00
GM0610,3.2,2019JJ00
GM0610,3.6,2020JJ00
GM0610,3.2,2021JJ00
GM0610,2.6,2022JJ00
GM0610,2.5,2023JJ00
GM1714,5.5,2013JJ00
GM1714,5.2,2014JJ00
GM1714,5.2,2015JJ00
GM1714,4.2,2016JJ00
GM1714,4.5,2017JJ00
GM1714,3.6,2018JJ00
GM1714,3.3,2019JJ00
GM1714,3.5,2020JJ00
GM1714,2.6,2021JJ00
GM1714,2.1,2022JJ00
GM1714,2.3,2023JJ00
GM0090,8.6,2013JJ00
GM0090,8.2,2014JJ00
GM0090,7.7,2015JJ00
GM0090,7.8,2016JJ00
GM0090,5.2,2017JJ00
GM0090,4.5,2018JJ00
GM0090,3.6,2019JJ00
GM0090,4.7,2020JJ00
GM0090,4.0,2021JJ00
GM0090,2.8,2022JJ00
GM0090,3.1,2023JJ00
GM0342,7.6,2013JJ00
GM0342,8.5,2014JJ00
GM0342,7.2,2015JJ00
GM0342,6.2,2016JJ00
GM0342,5.5,2017JJ00
GM0342,4.4,2018JJ00
GM0342,4.2,2019JJ00
GM0342,4.1,2020JJ00
GM0342,3.4,2021JJ00
GM0342,3.3,2022JJ00
GM0342,3.5,2023JJ00
GM0847,6.2,2013JJ00
GM0847,6.6,2014JJ00
GM0847,5.7,2015JJ00
GM0847,4.4,2016JJ00
GM0847,3.4,2017JJ00
GM0847,3.0,2018JJ00
GM0847,2.8,2019JJ00
GM0847,3.5,2020JJ00
GM0847,2.8,2021JJ00
GM0847,2.6,2022JJ00
GM0847,2.3,2023JJ00
GM0848,7.1,2013JJ00
GM0848,7.6,2014JJ00
GM0848,7.4,2015JJ00
GM0848,5.5,2016JJ00
GM0848,4.4,2017JJ00
GM0848,3.5,2018JJ00
GM0848,3.3,2019JJ00
GM0848,4.3,2020JJ00
GM0848,3.7,2021JJ00
GM0848,3.2,2022JJ00
GM0848,2.4,2023JJ00
GM0037,7.1,2013JJ00
GM0037,6.9,2014JJ00
GM0037,7.5,2015JJ00
GM0037,5.6,2016JJ00
GM0037,5.0,2017JJ00
GM0037,4.6,2018JJ00
GM0037,3.6,2019JJ00
GM0037,4.4,2020JJ00
GM0037,2.9,2021JJ00
GM0037,2.7,2022JJ00
GM0037,2.6,2023JJ00
GM0180,5.4,2013JJ00
GM0180,5.3,2014JJ00
GM0180,5.3,2015JJ00
GM0180,5.3,2016JJ00
GM0180,4.0,2017JJ00
GM0180,2.8,2018JJ00
GM0180,2.5,2019JJ00
GM0180,2.8,2020JJ00
GM0180,2.4,2021JJ00
GM0180,1.9,2022JJ00
GM0180,2.0,2023JJ00
GM0532,6.1,2013JJ00
GM0532,6.9,2014JJ00
GM0532,6.3,2015JJ00
GM0532,5.8,2016JJ00
GM0532,4.4,2017JJ00
GM0532,3.9,2018JJ00
GM0532,3.4,2019JJ00
GM0532,3.6,2020JJ00
GM0532,2.7,2021JJ00
GM0532,2.4,2022JJ00
GM0532,2.8,2023JJ00
GM0851,6.3,2013JJ00
GM0851,6.8,2014JJ00
GM0851,6.1,2015JJ00
GM0851,6.2,2016JJ00
GM0851,4.7,2017JJ00
GM0851,3.7,2018JJ00
GM0851,3.2,2019JJ00
GM0851,3.5,2020JJ00
GM0851,3.1,2021JJ00
GM0851,3.0,2022JJ00
GM0851,2.5,2023JJ00
GM1708,7.7,2013JJ00
GM1708,7.1,2014JJ00
GM1708,6.1,2015JJ00
GM1708,6.8,2016JJ00
GM1708,4.6,2017JJ00
GM1708,3.7,2018JJ00
GM1708,3.2,2019JJ00
GM1708,3.9,2020JJ00
GM1708,2.6,2021JJ00
GM1708,2.9,2022JJ00
GM1708,2.3,2023JJ00
GM0971,6.5,2013JJ00
GM0971,7.1,2014JJ00
GM0971,6.0,2015JJ00
GM0971,5.5,2016JJ00
GM0971,4.2,2017JJ00
GM0971,3.2,2018JJ00
GM0971,2.9,2019JJ00
GM0971,3.6,2020JJ00
GM0971,2.7,2021JJ00
GM0971,2.7,2022JJ00
GM0971,2.5,2023JJ00
GM1904,6.6,2013JJ00
GM1904,7.0,2014JJ00
GM1904,8.6,2015JJ00
GM1904,5.7,2016JJ00
GM1904,4.7,2017JJ00
GM1904,4.3,2018JJ00
GM1904,3.9,2019JJ00
GM1904,4.6,2020JJ00
GM1904,2.8,2021JJ00
GM1904,2.9,2022JJ00
GM1904,3.1,2023JJ00
GM1900,7.3,2013JJ00
GM1900,7.8,2014JJ00
GM1900,6.1,2015JJ00
GM1900,5.6,2016JJ00
GM1900,5.2,2017JJ00
GM1900,4.0,2018JJ00
GM1900,3.2,2019JJ00
GM1900,3.9,2020JJ00
GM1900,2.9,2021JJ00
GM1900,2.8,2022JJ00
GM1900,2.7,2023JJ00
GM0715,6.6,2013JJ00
GM0715,5.8,2014JJ00
GM0715,6.4,2015JJ00
GM0715,4.1,2016JJ00
GM0715,3.8,2017JJ00
GM0715,3.1,2018JJ00
GM0715,3.1,2019JJ00
GM0715,3.3,2020JJ00
GM0715,2.9,2021JJ00
GM0715,2.6,2022JJ00
GM0715,2.1,2023JJ00
GM0093,5.6,2013JJ00
GM0093,6.2,2014JJ00
GM0093,5.3,2015JJ00
GM0093,5.0,2016JJ00
GM0093,4.0,2017JJ00
GM0093,3.1,2018JJ00
GM0093,3.0,2019JJ00
GM0093,3.6,2020JJ00
GM0093,2.8,2021JJ00
GM0093,2.2,2022JJ00
GM0093,2.4,2023JJ00
GM0448,5.4,2013JJ00
GM0448,6.2,2014JJ00
GM0448,5.1,2015JJ00
GM0448,4.7,2016JJ00
GM0448,4.5,2017JJ00
GM0448,3.7,2018JJ00
GM0448,3.1,2019JJ00
GM0448,3.4,2020JJ00
GM0448,2.8,2021JJ00
GM0448,2.3,2022JJ00
GM0448,2.5,2023JJ00
GM1525,6.2,2013JJ00
GM1525,6.0,2014JJ00
GM1525,5.5,2015JJ00
GM1525,5.3,2016JJ00
GM1525,4.2,2017JJ00
GM1525,3.5,2018JJ00
GM1525,3.1,2019JJ00
GM1525,3.6,2020JJ00
GM1525,3.5,2021JJ00
GM1525,2.9,2022JJ00
GM1525,2.5,2023JJ00
GM0716,5.8,2013JJ00
GM0716,5.1,2014JJ00
GM0716,5.4,2015JJ00
GM0716,4.0,2016JJ00
GM0716,3.3,2017JJ00
GM0716,2.8,2018JJ00
GM0716,2.8,2019JJ00
GM0716,3.1,2020JJ00
GM0716,2.9,2021JJ00
GM0716,2.4,2022JJ00
GM0716,2.2,2023JJ00
GM0281,7.9,2013JJ00
GM0281,7.8,2014JJ00
GM0281,7.6,2015JJ00
GM0281,6.6,2016JJ00
GM0281,5.1,2017JJ00
GM0281,4.0,2018JJ00
GM0281,4.0,2019JJ00
GM0281,4.9,2020JJ00
GM0281,4.4,2021JJ00
GM0281,3.5,2022JJ00
GM0281,3.1,2023JJ00
GM0855,8.5,2013JJ00
GM0855,9.5,2014JJ00
GM0855,8.5,2015JJ00
GM0855,7.7,2016JJ00
GM0855,5.6,2017JJ00
GM0855,4.4,2018JJ00
GM0855,4.7,2019JJ00
GM0855,4.5,2020JJ00
GM0855,4.1,2021JJ00
GM0855,3.5,2022JJ00
GM0855,3.4,2023JJ00
GM0183,5.9,2013JJ00
GM0183,6.4,2014JJ00
GM0183,4.8,2015JJ00
GM0183,4.8,2016JJ00
GM0183,3.8,2017JJ00
GM0183,2.8,2018JJ00
GM0183,2.6,2019JJ00
GM0183,2.9,2020JJ00
GM0183,2.3,2021JJ00
GM0183,2.1,2022JJ00
GM0183,2.2,2023JJ00
GM1700,6.9,2013JJ00
GM1700,6.6,2014JJ00
GM1700,5.3,2015JJ00
GM1700,5.4,2016JJ00
GM1700,4.6,2017JJ00
GM1700,3.7,2018JJ00
GM1700,3.0,2019JJ00
GM1700,3.8,2020JJ00
GM1700,2.6,2021JJ00
GM1700,2.4,2022JJ00
GM1700,2.1,2023JJ00
GM1730,7.0,2013JJ00
GM1730,7.8,2014JJ00
GM1730,7.4,2015JJ00
GM1730,7.0,2016JJ00
GM1730,6.1,2017JJ00
GM1730,4.3,2018JJ00
GM1730,3.8,2019JJ00
GM1730,4.2,2020JJ00
GM1730,3.2,2021JJ00
GM1730,3.1,2022JJ00
GM1730,3.0,2023JJ00
GM0737,6.4,2013JJ00
GM0737,6.8,2014JJ00
GM0737,6.7,2015JJ00
GM0737,5.7,2016JJ00
GM0737,5.0,2017JJ00
GM0737,3.8,2018JJ00
GM0737,3.0,2019JJ00
GM0737,3.8,2020JJ00
GM0737,3.4,2021JJ00
GM0737,2.5,2022JJ00
GM0737,2.5,2023JJ00
GM0450,6.1,2013JJ00
GM0450,6.5,2014JJ00
GM0450,5.7,2015JJ00
GM0450,5.2,2016JJ00
GM0450,3.8,2017JJ00
GM0450,3.6,2018JJ00
GM0450,3.1,2019JJ00
GM0450,3.3,2020JJ00
GM0450,2.9,2021JJ00
GM0450,2.7,2022JJ00
GM0450,2.5,2023JJ00
GM0451,6.8,2013JJ00
GM0451,6.7,2014JJ00
GM0451,6.2,2015JJ00
GM0451,5.8,2016JJ00
GM0451,4.8,2017JJ00
GM0451,3.9,2018JJ00
GM0451,3.7,2019JJ00
GM0451,4.1,2020JJ00
GM0451,3.3,2021JJ00
GM0451,3.0,2022JJ00
GM0451,2.8,2023JJ00
GM0184,5.8,2013JJ00
GM0184,5.4,2014JJ00
GM0184,5.1,2015JJ00
GM0184,4.1,2016JJ00
GM0184,3.1,2017JJ00
GM0184,2.6,2018JJ00
GM0184,2.5,2019JJ00
GM0184,2.5,2020JJ00
GM0184,2.3,2021JJ00
GM0184,2.2,2022JJ00
GM0184,2.3,2023JJ00
GM0344,10.8,2013JJ00
GM0344,12.6,2014JJ00
GM0344,10.9,2015JJ00
GM0344,10.3,2016JJ00
GM0344,8.5,2017JJ00
GM0344,6.7,2018JJ00
GM0344,7.6,2019JJ00
GM0344,8.6,2020JJ00
GM0344,7.2,2021JJ00
GM0344,4.8,2022JJ00
GM0344,5.2,2023JJ00
GM1581,8.0,2013JJ00
GM1581,7.0,2014JJ00
GM1581,6.8,2015JJ00
GM1581,6.2,2016JJ00
GM1581,5.5,2017JJ00
GM1581,4.8,2018JJ00
GM1581,4.3,2019JJ00
GM1581,5.0,2020JJ00
GM1581,3.7,2021JJ00
GM1581,3.6,2022JJ00
GM1581,3.7,2023JJ00
GM0981,8.8,2013JJ00
GM0981,9.1,2014JJ00
GM0981,9.2,2015JJ00
GM0981,8.3,2016JJ00
GM0981,7.1,2017JJ00
GM0981,5.6,2018JJ00
GM0981,5.6,2019JJ00
GM0981,5.7,2020JJ00
GM0981,5.7,2021JJ00
GM0981,4.2,2022JJ00
GM0981,4.3,2023JJ00
GM0994,8.3,2013JJ00
GM0994,8.4,2014JJ00
GM0994,7.5,2015JJ00
GM0994,6.6,2016JJ00
GM0994,4.6,2017JJ00
GM0994,3.7,2018JJ00
GM0994,3.3,2019JJ00
GM0994,4.1,2020JJ00
GM0994,3.9,2021JJ00
GM0994,3.1,2022JJ00
GM0994,3.0,2023JJ00
GM0858,6.0,2013JJ00
GM0858,7.1,2014JJ00
GM0858,7.1,2015JJ00
GM0858,6.1,2016JJ00
GM0858,4.7,2017JJ00
GM0858,3.9,2018JJ00
GM0858,3.8,2019JJ00
GM0858,4.2,2020JJ00
GM0858,3.6,2021JJ00
GM0858,2.6,2022JJ00
GM0858,2.4,2023JJ00
GM0047,7.4,2013JJ00
GM0047,8.6,2014JJ00
GM0047,9.2,2015JJ00
GM0047,7.7,2016JJ00
GM0047,5.9,2017JJ00
GM0047,5.0,2018JJ00
GM0047,4.4,2019JJ00
GM0047,4.4,2020JJ00
GM0047,3.7,2021JJ00
GM0047,2.7,2022JJ00
GM0047,2.6,2023JJ00
GM0345,7.6,2013JJ00
GM0345,7.7,2014JJ00
GM0345,7.6,2015JJ00
GM0345,6.0,2016JJ00
GM0345,4.8,2017JJ00
GM0345,3.9,2018JJ00
GM0345,3.7,2019JJ00
GM0345,3.7,2020JJ00
GM0345,3.3,2021JJ00
GM0345,2.7,2022JJ00
GM0345,2.8,2023JJ00
GM0717,5.3,2013JJ00
GM0717,5.1,2014JJ00
GM0717,5.4,2015JJ00
GM0717,3.9,2016JJ00
GM0717,3.4,2017JJ00
GM0717,2.8,2018JJ00
GM0717,2.9,2019JJ00
GM0717,3.0,2020JJ00
GM0717,2.1,2021JJ00
GM0717,2.2,2022JJ00
GM0717,1.6,2023JJ00
GM0861,7.4,2013JJ00
GM0861,7.0,2014JJ00
GM0861,6.5,2015JJ00
GM0861,6.1,2016JJ00
GM0861,4.7,2017JJ00
GM0861,3.5,2018JJ00
GM0861,3.4,2019JJ00
GM0861,4.3,2020JJ00
GM0861,3.2,2021JJ00
GM0861,2.8,2022JJ00
GM0861,2.8,2023JJ00
GM0453,6.3,2013JJ00
GM0453,6.9,2014JJ00
GM0453,5.8,2015JJ00
GM0453,5.3,2016JJ00
GM0453,4.6,2017JJ00
GM0453,3.6,2018JJ00
GM0453,3.6,2019JJ00
GM0453,3.7,2020JJ00
GM0453,2.9,2021JJ00
GM0453,2.8,2022JJ00
GM0453,2.7,2023JJ00
GM0983,7.7,2013JJ00
GM0983,8.7,2014JJ00
GM0983,7.9,2015JJ00
GM0983,5.7,2016JJ00
GM0983,5.2,2017JJ00
GM0983,4.6,2018JJ00
GM0983,4.2,2019JJ00
GM0983,4.4,2020JJ00
GM0983,3.8,2021JJ00
GM0983,3.4,2022JJ00
GM0983,3.5,2023JJ00
GM0984,6.4,2013JJ00
GM0984,6.9,2014JJ00
GM0984,6.5,2015JJ00
GM0984,6.3,2016JJ00
GM0984,4.2,2017JJ00
GM0984,3.5,2018JJ00
GM0984,3.3,2019JJ00
GM0984,4.2,2020JJ00
GM0984,3.1,2021JJ00
GM0984,2.8,2022JJ00
GM0984,2.8,2023JJ00
GM1961,6.3,2013JJ00
GM1961,6.5,2014JJ00
GM1961,5.8,2015JJ00
GM1961,5.5,2016JJ00
GM1961,4.3,2017JJ00
GM1961,3.5,2018JJ00
GM1961,3.3,2019JJ00
GM1961,3.4,2020JJ00
GM1961,2.8,2021JJ00
GM1961,2.5,2022JJ00
GM1961,2.6,2023JJ00
GM0622,8.2,2013JJ00
GM0622,8.1,2014JJ00
GM0622,9.1,2015JJ00
GM0622,7.8,2016JJ00
GM0622,6.0,2017JJ00
GM0622,5.1,2018JJ00
GM0622,4.7,2019JJ00
GM0622,4.7,2020JJ00
GM0622,4.4,2021JJ00
GM0622,3.5,2022JJ00
GM0622,3.1,2023JJ00
GM0096,5.9,2013JJ00
GM0096,6.4,2014JJ00
GM0096,5.5,2015JJ00
GM0096,5.1,2016JJ00
GM0096,4.2,2017JJ00
GM0096,3.5,2018JJ00
GM0096,3.0,2019JJ00
GM0096,3.8,2020JJ00
GM0096,3.1,2021JJ00
GM0096,2.4,2022JJ00
GM0096,2.6,2023JJ00
GM0718,7.1,2013JJ00
GM0718,7.5,2014JJ00
GM0718,7.2,2015JJ00
GM0718,5.1,2016JJ00
GM0718,5.1,2017JJ00
GM0718,4.3,2018JJ00
GM0718,3.9,2019JJ00
GM0718,3.9,2020JJ00
GM0718,3.6,2021JJ00
GM0718,3.1,2022JJ00
GM0718,2.9,2023JJ00
GM0986,6.8,2013JJ00
GM0986,7.3,2014JJ00
GM0986,7.3,2015JJ00
GM0986,5.6,2016JJ00
GM0986,4.4,2017JJ00
GM0986,3.5,2018JJ00
GM0986,3.5,2019JJ00
GM0986,4.5,2020JJ00
GM0986,3.1,2021JJ00
GM0986,2.6,2022JJ00
GM0986,2.7,2023JJ00
GM1992,6.3,2013JJ00
GM1992,6.8,2014JJ00
GM1992,6.5,2015JJ00
GM1992,5.6,2016JJ00
GM1992,4.6,2017JJ00
GM1992,4.0,2018JJ00
GM1992,3.5,2019JJ00
GM1992,3.6,2020JJ00
GM1992,2.9,2021JJ00
GM1992,2.5,2022JJ00
GM1992,2.5,2023JJ00
GM0626,8.6,2013JJ00
GM0626,7.7,2014JJ00
GM0626,7.6,2015JJ00
GM0626,6.2,2016JJ00
GM0626,4.5,2017JJ00
GM0626,4.4,2018JJ00
GM0626,4.6,2019JJ00
GM0626,4.8,2020JJ00
GM0626,4.5,2021JJ00
GM0626,3.3,2022JJ00
GM0626,2.9,2023JJ00
GM0285,5.8,2013JJ00
GM0285,5.8,2014JJ00
GM0285,5.4,2015JJ00
GM0285,5.7,2016JJ00
GM0285,4.5,2017JJ00
GM0285,3.2,2018JJ00
GM0285,3.0,2019JJ00
GM0285,3.0,2020JJ00
GM0285,2.3,2021JJ00
GM0285,2.3,2022JJ00
GM0285,2.4,2023JJ00
GM0865,7.0,2013JJ00
GM0865,8.1,2014JJ00
GM0865,7.4,2015JJ00
GM0865,6.0,2016JJ00
GM0865,5.5,2017JJ00
GM0865,4.2,2018JJ00
GM0865,3.8,2019JJ00
GM0865,4.4,2020JJ00
GM0865,3.2,2021JJ00
GM0865,3.0,2022JJ00
GM0865,2.8,2023JJ00
GM1949,6.9,2013JJ00
GM1949,7.2,2014JJ00
GM1949,7.2,2015JJ00
GM1949,5.9,2016JJ00
GM1949,4.8,2017JJ00
GM1949,3.6,2018JJ00
GM1949,3.3,2019JJ00
GM1949,4.3,2020JJ00
GM1949,3.2,2021JJ00
GM1949,2.4,2022JJ00
GM1949,2.6,2023JJ00
GM0866,8.6,2013JJ00
GM0866,8.4,2014JJ00
GM0866,8.4,2015JJ00
GM0866,6.5,2016JJ00
GM0866,4.9,2017JJ00
GM0866,3.9,2018JJ00
GM0866,3.8,2019JJ00
GM0866,5.2,2020JJ00
GM0866,3.4,2021JJ00
GM0866,2.9,2022JJ00
GM0866,2.6,2023JJ00
GM0867,6.5,2013JJ00
GM0867,7.6,2014JJ00
GM0867,7.2,2015JJ00
GM0867,6.3,2016JJ00
GM0867,4.8,2017JJ00
GM0867,3.6,2018JJ00
GM0867,3.5,2019JJ00
GM0867,4.3,2020JJ00
GM0867,3.0,2021JJ00
GM0867,2.8,2022JJ00
GM0867,2.8,2023JJ00
GM0627,6.5,2013JJ00
GM0627,6.9,2014JJ00
GM0627,6.1,2015JJ00
GM0627,5.6,2016JJ00
GM0627,4.7,2017JJ00
GM0627,3.5,2018JJ00
GM0627,3.2,2019JJ00
GM0627,3.8,2020JJ00
GM0627,3.2,2021JJ00
GM0627,2.7,2022JJ00
GM0627,2.5,2023JJ00
GM0289,9.3,2013JJ00
GM0289,10.2,2014JJ00
GM0289,10.2,2015JJ00
GM0289,9.1,2016JJ00
GM0289,8.1,2017JJ00
GM0289,5.7,2018JJ00
GM0289,5.4,2019JJ00
GM0289,7.2,2020JJ00
GM0289,5.9,2021JJ00
GM0289,4.3,2022JJ00
GM0289,5.0,2023JJ00
GM0629,9.6,2013JJ00
GM0629,8.7,2014JJ00
GM0629,8.8,2015JJ00
GM0629,6.8,2016JJ00
GM0629,5.9,2017JJ00
GM0629,5.5,2018JJ00
GM0629,4.9,2019JJ00
GM0629,5.9,2020JJ00
GM0629,4.4,2021JJ00
GM0629,3.5,2022JJ00
GM0629,3.4,2023JJ00
GM0852,6.1,2013JJ00
GM0852,6.2,2014JJ00
GM0852,6.3,2015JJ00
GM0852,5.0,2016JJ00
GM0852,4.0,2017JJ00
GM0852,4.2,2018JJ00
GM0852,3.4,2019JJ00
GM0852,3.8,2020JJ00
GM0852,2.7,2021JJ00
GM0852,2.7,2022JJ00
GM0852,2.7,2023JJ00
GM0988,7.6,2013JJ00
GM0988,6.3,2014JJ00
GM0988,5.7,2015JJ00
GM0988,5.6,2016JJ00
GM0988,4.8,2017JJ00
GM0988,3.6,2018JJ00
GM0988,3.4,2019JJ00
GM0988,4.3,2020JJ00
GM0988,4.0,2021JJ00
GM0988,3.3,2022JJ00
GM0988,3.4,2023JJ00
GM1960,6.2,2013JJ00
GM1960,6.7,2014JJ00
GM1960,5.5,2015JJ00
GM1960,4.8,2016JJ00
GM1960,4.2,2017JJ00
GM1960,3.4,2018JJ00
GM1960,3.2,2019JJ00
GM1960,3.6,2020JJ00
GM1960,2.9,2021JJ00
GM1960,2.6,2022JJ00
GM1960,2.4,2023JJ00
GM0668,6.6,2013JJ00
GM0668,6.6,2014JJ00
GM0668,5.7,2015JJ00
GM0668,5.0,2016JJ00
GM0668,4.3,2017JJ00
GM0668,3.3,2018JJ00
GM0668,3.0,2019JJ00
GM0668,3.3,2020JJ00
GM0668,3.1,2021JJ00
GM0668,2.4,2022JJ00
GM0668,2.1,2023JJ00
GM1969,6.7,2013JJ00
GM1969,7.2,2014JJ00
GM1969,6.7,2015JJ00
GM1969,5.7,2016JJ00
GM1969,4.4,2017JJ00
GM1969,4.0,2018JJ00
GM1969,3.1,2019JJ00
GM1969,3.4,2020JJ00
GM1969,3.0,2021JJ00
GM1969,2.4,2022JJ00
GM1969,2.2,2023JJ00
GM1701,7.3,2013JJ00
GM1701,6.7,2014JJ00
GM1701,7.9,2015JJ00
GM1701,6.5,2016JJ00
GM1701,5.1,2017JJ00
GM1701,3.7,2018JJ00
GM1701,3.5,2019JJ00
GM1701,3.1,2020JJ00
GM1701,2.9,2021JJ00
GM1701,2.8,2022JJ00
GM1701,2.6,2023JJ00
GM0293,7.6,2013JJ00
GM0293,8.1,2014JJ00
GM0293,8.7,2015JJ00
GM0293,6.9,2016JJ00
GM0293,5.6,2017JJ00
GM0293,3.9,2018JJ00
GM0293,3.6,2019JJ00
GM0293,4.0,2020JJ00
GM0293,3.4,2021JJ00
GM0293,2.7,2022JJ00
GM0293,2.7,2023JJ00
GM1950,7.1,2013JJ00
GM1950,7.3,2014JJ00
GM1950,7.1,2015JJ00
GM1950,6.2,2016JJ00
GM1950,5.1,2017JJ00
GM1950,4.2,2018JJ00
GM1950,3.4,2019JJ00
GM1950,4.1,2020JJ00
GM1950,3.1,2021JJ00
GM1950,3.1,2022JJ00
GM1950,2.8,2023JJ00
GM1783,6.3,2013JJ00
GM1783,6.0,2014JJ00
GM1783,5.9,2015JJ00
GM1783,4.6,2016JJ00
GM1783,3.7,2017JJ00
GM1783,3.6,2018JJ00
GM1783,2.9,2019JJ00
GM1783,3.3,2020JJ00
GM1783,2.4,2021JJ00
GM1783,2.5,2022JJ00
GM1783,2.7,2023JJ00
GM0098,7.2,2013JJ00
GM0098,7.7,2014JJ00
GM0098,6.1,2015JJ00
GM0098,5.3,2016JJ00
GM0098,4.5,2017JJ00
GM0098,3.5,2018JJ00
GM0098,3.1,2019JJ00
GM0098,3.4,2020JJ00
GM0098,2.6,2021JJ00
GM0098,2.6,2022JJ00
GM0098,2.4,2023JJ00
GM0189,6.0,2013JJ00
GM0189,6.1,2014JJ00
GM0189,6.1,2015JJ00
GM0189,4.9,2016JJ00
GM0189,4.1,2017JJ00
GM0189,3.5,2018JJ00
GM0189,2.8,2019JJ00
GM0189,3.0,2020JJ00
GM0189,2.4,2021JJ00
GM0189,2.1,2022JJ00
GM0189,2.2,2023JJ00
GM0296,6.8,2013JJ00
GM0296,7.3,2014JJ00
GM0296,7.3,2015JJ00
GM0296,6.1,2016JJ00
GM0296,5.0,2017JJ00
GM0296,3.6,2018JJ00
GM0296,3.8,2019JJ00
GM0296,4.2,2020JJ00
GM0296,3.4,2021JJ00
GM0296,2.9,2022JJ00
GM0296,2.4,2023JJ00
GM1696,5.7,2013JJ00
GM1696,6.2,2014JJ00
GM1696,5.8,2015JJ00
GM1696,5.0,2016JJ00
GM1696,4.5,2017JJ00
GM1696,3.6,2018JJ00
GM1696,3.7,2019JJ00
GM1696,4.0,2020JJ00
GM1696,2.5,2021JJ00
GM1696,2.8,2022JJ00
GM1696,2.5,2023JJ00
GM0352,5.6,2013JJ00
GM0352,5.5,2014JJ00
GM0352,5.3,2015JJ00
GM0352,4.9,2016JJ00
GM0352,4.1,2017JJ00
GM0352,3.7,2018JJ00
GM0352,3.3,2019JJ00
GM0352,3.2,2020JJ00
GM0352,3.1,2021JJ00
GM0352,2.6,2022JJ00
GM0352,2.3,2023JJ00
GM0294,7.3,2013JJ00
GM0294,7.6,2014JJ00
GM0294,7.1,2015JJ00
GM0294,5.5,2016JJ00
GM0294,4.7,2017JJ00
GM0294,3.6,2018JJ00
GM0294,3.2,2019JJ00
GM0294,3.5,2020JJ00
GM0294,3.1,2021JJ00
GM0294,2.6,2022JJ00
GM0294,2.4,2023JJ00
GM0873,6.4,2013JJ00
GM0873,5.9,2014JJ00
GM0873,6.4,2015JJ00
GM0873,5.8,2016JJ00
GM0873,4.3,2017JJ00
GM0873,3.2,2018JJ00
GM0873,3.2,2019JJ00
GM0873,3.5,2020JJ00
GM0873,3.2,2021JJ00
GM0873,2.7,2022JJ00
GM0873,2.8,2023JJ00
GM0632,6.5,2013JJ00
GM0632,5.9,2014JJ00
GM0632,6.4,2015JJ00
GM0632,5.8,2016JJ00
GM0632,4.4,2017JJ00
GM0632,3.9,2018JJ00
GM0632,3.8,2019JJ00
GM0632,3.8,2020JJ00
GM0632,3.5,2021JJ00
GM0632,2.9,2022JJ00
GM0632,2.9,2023JJ00
GM1690,6.2,2013JJ00
GM1690,5.9,2014JJ00
GM1690,5.9,2015JJ00
GM1690,6.0,2016JJ00
GM1690,4.4,2017JJ00
GM1690,2.9,2018JJ00
GM1690,2.8,2019JJ00
GM1690,3.4,2020JJ00
GM1690,2.8,2021JJ00
GM1690,2.1,2022JJ00
GM1690,2.1,2023JJ00
GM0880,5.9,2013JJ00
GM0880,6.4,2014JJ00
GM0880,6.5,2015JJ00
GM0880,5.1,2016JJ00
GM0880,4.4,2017JJ00
GM0880,3.5,2018JJ00
GM0880,3.2,2019JJ00
GM0880,3.9,2020JJ00
GM0880,3.0,2021JJ00
GM0880,2.6,2022JJ00
GM0880,2.5,2023JJ00
GM0351,5.7,2013JJ00
GM0351,5.7,2014JJ00
GM0351,5.5,2015JJ00
GM0351,5.1,2016JJ00
GM0351,4.1,2017JJ00
GM0351,3.5,2018JJ00
GM0351,3.2,2019JJ00
GM0351,3.4,2020JJ00
GM0351,2.6,2021JJ00
GM0351,2.3,2022JJ00
GM0351,2.6,2023JJ00
GM0479,7.8,2013JJ00
GM0479,7.7,2014JJ00
GM0479,7.4,2015JJ00
GM0479,6.9,2016JJ00
GM0479,4.9,2017JJ00
GM0479,4.0,2018JJ00
GM0479,3.7,2019JJ00
GM0479,4.6,2020JJ00
GM0479,4.2,2021JJ00
GM0479,3.2,2022JJ00
GM0479,2.9,2023JJ00
GM0297,6.3,2013JJ00
GM0297,6.6,2014JJ00
GM0297,5.9,2015JJ00
GM0297,4.5,2016JJ00
GM0297,4.3,2017JJ00
GM0297,3.1,2018JJ00
GM0297,2.9,2019JJ00
GM0297,3.8,2020JJ00
GM0297,2.8,2021JJ00
GM0297,2.7,2022JJ00
GM0297,2.7,2023JJ00
GM0473,7.6,2013JJ00
GM0473,7.4,2014JJ00
GM0473,7.7,2015JJ00
GM0473,6.6,2016JJ00
GM0473,5.4,2017JJ00
GM0473,4.1,2018JJ00
GM0473,3.8,2019JJ00
GM0473,4.4,2020JJ00
GM0473,3.4,2021JJ00
GM0473,3.0,2022JJ00
GM0473,3.1,2023JJ00
GM0050,6.3,2013JJ00
GM0050,7.4,2014JJ00
GM0050,7.4,2015JJ00
GM0050,5.8,2016JJ00
GM0050,4.5,2017JJ00
GM0050,3.6,2018JJ00
GM0050,3.4,2019JJ00
GM0050,4.1,2020JJ00
GM0050,3.1,2021JJ00
GM0050,2.4,2022JJ00
GM0050,2.6,2023JJ00
GM0355,8.8,2013JJ00
GM0355,9.2,2014JJ00
GM0355,7.7,2015JJ00
GM0355,7.6,2016JJ00
GM0355,6.2,2017JJ00
GM0355,6.0,2018JJ00
GM0355,6.0,2019JJ00
GM0355,6.1,2020JJ00
GM0355,4.7,2021JJ00
GM0355,4.2,2022JJ00
GM0355,3.7,2023JJ00
GM0299,6.9,2013JJ00
GM0299,7.2,2014JJ00
GM0299,6.5,2015JJ00
GM0299,6.3,2016JJ00
GM0299,5.0,2017JJ00
GM0299,3.5,2018JJ00
GM0299,3.6,2019JJ00
GM0299,4.0,2020JJ00
GM0299,2.9,2021JJ00
GM0299,2.7,2022JJ00
GM0299,2.6,2023JJ00
GM0637,8.4,2013JJ00
GM0637,8.1,2014JJ00
GM0637,8.5,2015JJ00
GM0637,6.6,2016JJ00
GM0637,5.7,2017JJ00
GM0637,4.8,2018JJ00
GM0637,4.1,2019JJ00
GM0637,4.7,2020JJ00
GM0637,4.3,2021JJ00
GM0637,3.3,2022JJ00
GM0637,3.2,2023JJ00
GM0638,5.5,2013JJ00
GM0638,6.0,2014JJ00
GM0638,5.3,2015JJ00
GM0638,5.0,2016JJ00
GM0638,4.1,2017JJ00
GM0638,3.5,2018JJ00
GM0638,2.9,2019JJ00
GM0638,3.4,2020JJ00
GM0638,2.9,2021JJ00
GM0638,2.6,2022JJ00
GM0638,2.3,2023JJ00
GM1892,6.0,2013JJ00
GM1892,6.1,2014JJ00
GM1892,6.2,2015JJ00
GM1892,5.2,2016JJ00
GM1892,4.1,2017JJ00
GM1892,3.9,2018JJ00
GM1892,3.5,2019JJ00
GM1892,4.0,2020JJ00
GM1892,3.0,2021JJ00
GM1892,2.6,2022JJ00
GM1892,2.8,2023JJ00
GM0879,6.2,2013JJ00
GM0879,6.4,2014JJ00
GM0879,6.4,2015JJ00
GM0879,4.8,2016JJ00
GM0879,3.7,2017JJ00
GM0879,3.1,2018JJ00
GM0879,3.0,2019JJ00
GM0879,3.1,2020JJ00
GM0879,3.0,2021JJ00
GM0879,2.3,2022JJ00
GM0879,2.3,2023JJ00
GM0301,9.0,2013JJ00
GM0301,10.4,2014JJ00
GM0301,9.0,2015JJ00
GM0301,8.4,2016JJ00
GM0301,7.3,2017JJ00
GM0301,5.2,2018JJ00
GM0301,4.2,2019JJ00
GM0301,5.3,2020JJ00
GM0301,3.6,2021JJ00
GM0301,3.1,2022JJ00
GM0301,3.1,2023JJ00
GM1896,5.7,2013JJ00
GM1896,6.1,2014JJ00
GM1896,5.4,2015JJ00
GM1896,4.6,2016JJ00
GM1896,4.0,2017JJ00
GM1896,3.2,2018JJ00
GM1896,2.8,2019JJ00
GM1896,3.2,2020JJ00
GM1896,2.4,2021JJ00
GM1896,2.4,2022JJ00
GM1896,2.2,2023JJ00
GM0642,6.6,2013JJ00
GM0642,6.7,2014JJ00
GM0642,6.9,2015JJ00
GM0642,5.7,2016JJ00
GM0642,4.8,2017JJ00
GM0642,4.1,2018JJ00
GM0642,4.0,2019JJ00
GM0642,4.4,2020JJ00
GM0642,3.2,2021JJ00
GM0642,3.2,2022JJ00
GM0642,2.7,2023JJ00
GM0193,7.5,2013JJ00
GM0193,8.2,2014JJ00
GM0193,8.2,2015JJ00
GM0193,9.4,2016JJ00
GM0193,6.6,2017JJ00
GM0193,4.7,2018JJ00
GM0193,4.3,2019JJ00
GM0193,5.7,2020JJ00
GM0193,4.0,2021JJ00
GM0193,3.9,2022JJ00
GM0193,3.8,2023JJ00
AM01  ,8.4,2013JJ00
AM01  ,8.7,2014JJ00
AM01  ,9.1,2015JJ00
AM01  ,7.9,2016JJ00
AM01  ,6.7,2017JJ00
AM01  ,5.8,2018JJ00
AM01  ,4.8,2019JJ00
AM01  ,5.1,2020JJ00
AM01  ,4.2,2021JJ00
AM01  ,3.5,2022JJ00
AM01  ,3.6,2023JJ00
AM02  ,8.0,2013JJ00
AM02  ,7.9,2014JJ00
AM02  ,7.3,2015JJ00
AM02  ,6.5,2016JJ00
AM02  ,5.5,2017JJ00
AM02  ,4.3,2018JJ00
AM02  ,3.5,2019JJ00
AM02  ,4.3,2020JJ00
AM02  ,3.7,2021JJ00
AM02  ,3.0,2022JJ00
AM02  ,3.0,2023JJ00
AM03  ,7.3,2013JJ00
AM03  ,7.1,2014JJ00
AM03  ,7.4,2015JJ00
AM03  ,6.3,2016JJ00
AM03  ,5.6,2017JJ00
AM03  ,3.9,2018JJ00
AM03  ,3.3,2019JJ00
AM03  ,3.8,2020JJ00
AM03  ,3.6,2021JJ00
AM03  ,2.5,2022JJ00
AM03  ,2.5,2023JJ00
AM05  ,7.9,2013JJ00
AM05  ,7.8,2014JJ00
AM05  ,7.3,2015JJ00
AM05  ,7.0,2016JJ00
AM05  ,5.6,2017JJ00
AM05  ,4.3,2018JJ00
AM05  ,3.6,2019JJ00
AM05  ,4.1,2020JJ00
AM05  ,3.5,2021JJ00
AM05  ,3.0,2022JJ00
AM05  ,2.8,2023JJ00
AM06  ,7.4,2013JJ00
AM06  ,7.8,2014JJ00
AM06  ,7.0,2015JJ00
AM06  ,6.9,2016JJ00
AM06  ,5.5,2017JJ00
AM06  ,4.0,2018JJ00
AM06  ,3.4,2019JJ00
AM06  ,4.1,2020JJ00
AM06  ,3.2,2021JJ00
AM06  ,2.8,2022JJ00
AM06  ,2.7,2023JJ00
AM07  ,8.1,2013JJ00
AM07  ,9.0,2014JJ00
AM07  ,8.8,2015JJ00
AM07  ,7.6,2016JJ00
AM07  ,6.6,2017JJ00
AM07  ,4.4,2018JJ00
AM07  ,4.4,2019JJ00
AM07  ,4.7,2020JJ00
AM07  ,4.4,2021JJ00
AM07  ,3.4,2022JJ00
AM07  ,3.3,2023JJ00
AM08  ,9.4,2013JJ00
AM08  ,10.0,2014JJ00
AM08  ,8.7,2015JJ00
AM08  ,8.0,2016JJ00
AM08  ,6.9,2017JJ00
AM08  ,4.7,2018JJ00
AM08  ,4.5,2019JJ00
AM08  ,5.6,2020JJ00
AM08  ,4.9,2021JJ00
AM08  ,4.0,2022JJ00
AM08  ,3.6,2023JJ00
AM09  ,6.3,2013JJ00
AM09  ,6.8,2014JJ00
AM09  ,6.4,2015JJ00
AM09  ,5.6,2016JJ00
AM09  ,4.5,2017JJ00
AM09  ,3.3,2018JJ00
AM09  ,3.1,2019JJ00
AM09  ,3.4,2020JJ00
AM09  ,2.9,2021JJ00
AM09  ,2.4,2022JJ00
AM09  ,2.3,2023JJ00
AM10  ,6.8,2013JJ00
AM10  ,7.0,2014JJ00
AM10  ,6.2,2015JJ00
AM10  ,5.6,2016JJ00
AM10  ,4.6,2017JJ00
AM10  ,3.5,2018JJ00
AM10  ,3.3,2019JJ00
AM10  ,3.8,2020JJ00
AM10  ,3.2,2021JJ00
AM10  ,2.8,2022JJ00
AM10  ,2.6,2023JJ00
AM11  ,8.9,2013JJ00
AM11  ,9.5,2014JJ00
AM11  ,8.5,2015JJ00
AM11  ,7.1,2016JJ00
AM11  ,5.9,2017JJ00
AM11  ,4.7,2018JJ00
AM11  ,4.1,2019JJ00
AM11  ,4.3,2020JJ00
AM11  ,4.2,2021JJ00
AM11  ,2.9,2022JJ00
AM11  ,3.1,2023JJ00
AM12  ,7.7,2013JJ00
AM12  ,8.4,2014JJ00
AM12  ,7.6,2015JJ00
AM12  ,6.4,2016JJ00
AM12  ,5.7,2017JJ00
AM12  ,4.5,2018JJ00
AM12  ,4.3,2019JJ00
AM12  ,4.9,2020JJ00
AM12  ,3.6,2021JJ00
AM12  ,3.5,2022JJ00
AM12  ,3.4,2023JJ00
AM13  ,8.4,2013JJ00
AM13  ,8.9,2014JJ00
AM13  ,8.3,2015JJ00
AM13  ,7.4,2016JJ00
AM13  ,6.0,2017JJ00
AM13  ,5.1,2018JJ00
AM13  ,5.2,2019JJ00
AM13  ,5.8,2020JJ00
AM13  ,4.7,2021JJ00
AM13  ,3.7,2022JJ00
AM13  ,3.8,2023JJ00
AM14  ,7.4,2013JJ00
AM14  ,7.9,2014JJ00
AM14  ,7.2,2015JJ00
AM14  ,5.9,2016JJ00
AM14  ,5.1,2017JJ00
AM14  ,4.0,2018JJ00
AM14  ,4.1,2019JJ00
AM14  ,4.3,2020JJ00
AM14  ,3.7,2021JJ00
AM14  ,2.8,2022JJ00
AM14  ,3.3,2023JJ00
AM15  ,6.4,2013JJ00
AM15  ,6.9,2014JJ00
AM15  ,5.9,2015JJ00
AM15  ,5.6,2016JJ00
AM15  ,4.7,2017JJ00
AM15  ,3.6,2018JJ00
AM15  ,3.4,2019JJ00
AM15  ,3.8,2020JJ00
AM15  ,2.9,2021JJ00
AM15  ,2.7,2022JJ00
AM15  ,2.6,2023JJ00
AM17  ,7.0,2013JJ00
AM17  ,7.4,2014JJ00
AM17  ,6.7,2015JJ00
AM17  ,6.3,2016JJ00
AM17  ,4.8,2017JJ00
AM17  ,3.9,2018JJ00
AM17  ,3.6,2019JJ00
AM17  ,4.3,2020JJ00
AM17  ,3.5,2021JJ00
AM17  ,3.0,2022JJ00
AM17  ,2.7,2023JJ00
AM18  ,10.1,2013JJ00
AM18  ,10.0,2014JJ00
AM18  ,8.8,2015JJ00
AM18  ,8.0,2016JJ00
AM18  ,7.6,2017JJ00
AM18  ,6.1,2018JJ00
AM18  ,5.8,2019JJ00
AM18  ,7.1,2020JJ00
AM18  ,6.6,2021JJ00
AM18  ,5.3,2022JJ00
AM18  ,4.8,2023JJ00
AM19  ,7.2,2013JJ00
AM19  ,7.0,2014JJ00
AM19  ,6.8,2015JJ00
AM19  ,6.0,2016JJ00
AM19  ,4.8,2017JJ00
AM19  ,3.9,2018JJ00
AM19  ,3.9,2019JJ00
AM19  ,4.3,2020JJ00
AM19  ,3.6,2021JJ00
AM19  ,2.9,2022JJ00
AM19  ,3.0,2023JJ00
AM20  ,7.2,2013JJ00
AM20  ,7.4,2014JJ00
AM20  ,7.1,2015JJ00
AM20  ,6.0,2016JJ00
AM20  ,4.9,2017JJ00
AM20  ,3.7,2018JJ00
AM20  ,3.7,2019JJ00
AM20  ,4.1,2020JJ00
AM20  ,3.3,2021JJ00
AM20  ,2.9,2022JJ00
AM20  ,2.7,2023JJ00
AM21  ,10.5,2013JJ00
AM21  ,11.2,2014JJ00
AM21  ,10.9,2015JJ00
AM21  ,9.4,2016JJ00
AM21  ,7.8,2017JJ00
AM21  ,5.8,2018JJ00
AM21  ,5.8,2019JJ00
AM21  ,6.6,2020JJ00
AM21  ,5.6,2021JJ00
AM21  ,4.2,2022JJ00
AM21  ,4.4,2023JJ00
AM22  ,10.1,2013JJ00
AM22  ,10.2,2014JJ00
AM22  ,9.9,2015JJ00
AM22  ,8.8,2016JJ00
AM22  ,6.7,2017JJ00
AM22  ,5.3,2018JJ00
AM22  ,5.3,2019JJ00
AM22  ,5.7,2020JJ00
AM22  ,5.6,2021JJ00
AM22  ,4.0,2022JJ00
AM22  ,4.0,2023JJ00
AM23  ,6.7,2013JJ00
AM23  ,7.1,2014JJ00
AM23  ,6.5,2015JJ00
AM23  ,6.1,2016JJ00
AM23  ,4.6,2017JJ00
AM23  ,4.0,2018JJ00
AM23  ,3.9,2019JJ00
AM23  ,4.4,2020JJ00
AM23  ,3.7,2021JJ00
AM23  ,3.0,2022JJ00
AM23  ,2.8,2023JJ00
AM24  ,6.0,2013JJ00
AM24  ,5.9,2014JJ00
AM24  ,6.0,2015JJ00
AM24  ,4.5,2016JJ00
AM24  ,4.1,2017JJ00
AM24  ,3.3,2018JJ00
AM24  ,3.3,2019JJ00
AM24  ,3.4,2020JJ00
AM24  ,2.8,2021JJ00
AM24  ,2.5,2022JJ00
AM24  ,2.3,2023JJ00
AM25  ,7.1,2013JJ00
AM25  ,7.6,2014JJ00
AM25  ,7.1,2015JJ00
AM25  ,6.3,2016JJ00
AM25  ,5.2,2017JJ00
AM25  ,4.2,2018JJ00
AM25  ,3.7,2019JJ00
AM25  ,4.0,2020JJ00
AM25  ,3.4,2021JJ00
AM25  ,3.0,2022JJ00
AM25  ,2.9,2023JJ00
AM26  ,7.3,2013JJ00
AM26  ,8.0,2014JJ00
AM26  ,7.5,2015JJ00
AM26  ,6.6,2016JJ00
AM26  ,5.0,2017JJ00
AM26  ,4.0,2018JJ00
AM26  ,3.9,2019JJ00
AM26  ,4.0,2020JJ00
AM26  ,3.4,2021JJ00
AM26  ,3.0,2022JJ00
AM26  ,2.9,2023JJ00
AM27  ,7.0,2013JJ00
AM27  ,7.5,2014JJ00
AM27  ,6.5,2015JJ00
AM27  ,5.8,2016JJ00
AM27  ,4.9,2017JJ00
AM27  ,3.9,2018JJ00
AM27  ,3.5,2019JJ00
AM27  ,3.7,2020JJ00
AM27  ,3.1,2021JJ00
AM27  ,2.9,2022JJ00
AM27  ,2.6,2023JJ00
AM28  ,7.8,2013JJ00
AM28  ,8.5,2014JJ00
AM28  ,7.9,2015JJ00
AM28  ,7.2,2016JJ00
AM28  ,5.5,2017JJ00
AM28  ,4.5,2018JJ00
AM28  ,4.2,2019JJ00
AM28  ,4.6,2020JJ00
AM28  ,4.1,2021JJ00
AM28  ,3.3,2022JJ00
AM28  ,3.5,2023JJ00
AM29  ,6.6,2013JJ00
AM29  ,7.2,2014JJ00
AM29  ,6.7,2015JJ00
AM29  ,5.4,2016JJ00
AM29  ,4.5,2017JJ00
AM29  ,3.7,2018JJ00
AM29  ,3.3,2019JJ00
AM29  ,3.9,2020JJ00
AM29  ,3.2,2021JJ00
AM29  ,2.9,2022JJ00
AM29  ,2.9,2023JJ00
AM30  ,8.0,2013JJ00
AM30  ,8.2,2014JJ00
AM30  ,7.8,2015JJ00
AM30  ,6.7,2016JJ00
AM30  ,5.5,2017JJ00
AM30  ,4.5,2018JJ00
AM30  ,4.2,2019JJ00
AM30  ,4.7,2020JJ00
AM30  ,4.1,2021JJ00
AM30  ,3.3,2022JJ00
AM30  ,3.4,2023JJ00
AM32  ,7.1,2013JJ00
AM32  ,7.8,2014JJ00
AM32  ,7.1,2015JJ00
AM32  ,5.8,2016JJ00
AM32  ,4.8,2017JJ00
AM32  ,3.9,2018JJ00
AM32  ,3.5,2019JJ00
AM32  ,4.2,2020JJ00
AM32  ,3.1,2021JJ00
AM32  ,2.9,2022JJ00
AM32  ,2.9,2023JJ00
AM33  ,6.8,2013JJ00
AM33  ,6.8,2014JJ00
AM33  ,6.5,2015JJ00
AM33  ,5.6,2016JJ00
AM33  ,4.7,2017JJ00
AM33  ,3.7,2018JJ00
AM33  ,3.5,2019JJ00
AM33  ,4.2,2020JJ00
AM33  ,3.5,2021JJ00
AM33  ,3.0,2022JJ00
AM33  ,3.0,2023JJ00
AM34  ,8.3,2013JJ00
AM34  ,8.0,2014JJ00
AM34  ,8.0,2015JJ00
AM34  ,6.7,2016JJ00
AM34  ,5.5,2017JJ00
AM34  ,4.7,2018JJ00
AM34  ,4.2,2019JJ00
AM34  ,4.6,2020JJ00
AM34  ,3.9,2021JJ00
AM34  ,3.3,2022JJ00
AM34  ,3.2,2023JJ00
AM35  ,6.0,2013JJ00
AM35  ,6.2,2014JJ00
AM35  ,5.8,2015JJ00
AM35  ,5.1,2016JJ00
AM35  ,4.3,2017JJ00
AM35  ,3.5,2018JJ00
AM35  ,3.3,2019JJ00
AM35  ,3.5,2020JJ00
AM35  ,2.9,2021JJ00
AM35  ,2.5,2022JJ00
AM35  ,2.3,2023JJ00
AM36  ,6.7,2013JJ00
AM36  ,6.6,2014JJ00
AM36  ,6.2,2015JJ00
AM36  ,6.2,2016JJ00
AM36  ,4.8,2017JJ00
AM36  ,3.7,2018JJ00
AM36  ,3.3,2019JJ00
AM36  ,3.9,2020JJ00
AM36  ,3.0,2021JJ00
AM36  ,2.7,2022JJ00
AM36  ,2.6,2023JJ00
AM37  ,7.3,2013JJ00
AM37  ,7.7,2014JJ00
AM37  ,7.6,2015JJ00
AM37  ,6.4,2016JJ00
AM37  ,5.8,2017JJ00
AM37  ,4.3,2018JJ00
AM37  ,4.3,2019JJ00
AM37  ,4.8,2020JJ00
AM37  ,3.7,2021JJ00
AM37  ,3.3,2022JJ00
AM37  ,3.5,2023JJ00
AM38  ,7.0,2013JJ00
AM38  ,7.7,2014JJ00
AM38  ,7.3,2015JJ00
AM38  ,6.2,2016JJ00
AM38  ,5.2,2017JJ00
AM38  ,3.8,2018JJ00
AM38  ,3.7,2019JJ00
AM38  ,4.1,2020JJ00
AM38  ,3.5,2021JJ00
AM38  ,2.9,2022JJ00
AM38  ,3.0,2023JJ00
AM99  ,,2013JJ00
AM99  ,,2014JJ00
AM99  ,,2015JJ00
AM99  ,,2016JJ00
AM99  ,,2017JJ00
AM99  ,,2018JJ00
AM99  ,,2019JJ00
AM99  ,,2020JJ00
AM99  ,,2021JJ00
AM99  ,,2022JJ00
AM99  ,,2023JJ00
NL01  ,5.3,2013JJ00
NL01  ,5.1,2014JJ00
NL01  ,5.0,2015JJ00
NL01  ,4.5,2016JJ00
NL01  ,4.0,2017JJ00
NL01  ,3.7,2018JJ00
NL01  ,3.3,2019JJ00
NL01  ,3.5,2020JJ00
NL01  ,2.9,2021JJ00
NL01  ,2.7,2022JJ00
NL01  ,2.7,2023JJ00
LD01  ,5.8,2013JJ00
LD01  ,5.9,2014JJ00
LD01  ,5.9,2015JJ00
LD01  ,5.0,2016JJ00
LD01  ,4.6,2017JJ00
LD01  ,4.2,2018JJ00
LD01  ,3.7,2019JJ00
LD01  ,4.0,2020JJ00
LD01  ,3.4,2021JJ00
LD01  ,3.0,2022JJ00
LD01  ,2.8,2023JJ00
LD02  ,5.2,2013JJ00
LD02  ,5.1,2014JJ00
LD02  ,4.8,2015JJ00
LD02  ,4.8,2016JJ00
LD02  ,4.0,2017JJ00
LD02  ,3.8,2018JJ00
LD02  ,3.3,2019JJ00
LD02  ,3.4,2020JJ00
LD02  ,2.8,2021JJ00
LD02  ,2.7,2022JJ00
LD02  ,2.5,2023JJ00
LD03  ,5.4,2013JJ00
LD03  ,5.0,2014JJ00
LD03  ,4.9,2015JJ00
LD03  ,4.5,2016JJ00
LD03  ,4.0,2017JJ00
LD03  ,3.6,2018JJ00
LD03  ,3.1,2019JJ00
LD03  ,3.4,2020JJ00
LD03  ,3.2,2021JJ00
LD03  ,2.7,2022JJ00
LD03  ,2.8,2023JJ00
LD04  ,5.2,2013JJ00
LD04  ,5.2,2014JJ00
LD04  ,5.0,2015JJ00
LD04  ,4.2,2016JJ00
LD04  ,3.9,2017JJ00
LD04  ,3.6,2018JJ00
LD04  ,3.4,2019JJ00
LD04  ,3.7,2020JJ00
LD04  ,2.3,2021JJ00
LD04  ,2.6,2022JJ00
LD04  ,2.7,2023JJ00
PV20  ,5.7,2013JJ00
PV20  ,5.5,2014JJ00
PV20  ,6.0,2015JJ00
PV20  ,5.2,2016JJ00
PV20  ,4.6,2017JJ00
PV20  ,4.2,2018JJ00
PV20  ,3.9,2019JJ00
PV20  ,3.9,2020JJ00
PV20  ,3.8,2021JJ00
PV20  ,3.2,2022JJ00
PV20  ,3.0,2023JJ00
PV21  ,6.0,2013JJ00
PV21  ,6.5,2014JJ00
PV21  ,6.3,2015JJ00
PV21  ,5.1,2016JJ00
PV21  ,5.0,2017JJ00
PV21  ,4.3,2018JJ00
PV21  ,3.8,2019JJ00
PV21  ,4.1,2020JJ00
PV21  ,3.4,2021JJ00
PV21  ,2.8,2022JJ00
PV21  ,2.9,2023JJ00
PV22  ,5.7,2013JJ00
PV22  ,5.6,2014JJ00
PV22  ,5.2,2015JJ00
PV22  ,4.5,2016JJ00
PV22  ,4.1,2017JJ00
PV22  ,4.2,2018JJ00
PV22  ,3.3,2019JJ00
PV22  ,3.8,2020JJ00
PV22  ,2.7,2021JJ00
PV22  ,2.7,2022JJ00
PV22  ,2.5,2023JJ00
PV23  ,5.1,2013JJ00
PV23  ,4.8,2014JJ00
PV23  ,5.0,2015JJ00
PV23  ,4.8,2016JJ00
PV23  ,4.4,2017JJ00
PV23  ,3.8,2018JJ00
PV23  ,3.6,2019JJ00
PV23  ,3.5,2020JJ00
PV23  ,2.8,2021JJ00
PV23  ,2.5,2022JJ00
PV23  ,2.5,2023JJ00
PV24  ,6.4,2013JJ00
PV24  ,6.1,2014JJ00
PV24  ,4.9,2015JJ00
PV24  ,5.5,2016JJ00
PV24  ,4.5,2017JJ00
PV24  ,4.2,2018JJ00
PV24  ,3.7,2019JJ00
PV24  ,4.0,2020JJ00
PV24  ,3.4,2021JJ00
PV24  ,3.3,2022JJ00
PV24  ,2.7,2023JJ00
PV25  ,5.1,2013JJ00
PV25  ,5.0,2014JJ00
PV25  ,4.7,2015JJ00
PV25  ,4.7,2016JJ00
PV25  ,3.7,2017JJ00
PV25  ,3.7,2018JJ00
PV25  ,3.1,2019JJ00
PV25  ,3.2,2020JJ00
PV25  ,2.7,2021JJ00
PV25  ,2.6,2022JJ00
PV25  ,2.5,2023JJ00
PV26  ,4.6,2013JJ00
PV26  ,4.2,2014JJ00
PV26  ,4.5,2015JJ00
PV26  ,3.9,2016JJ00
PV26  ,3.2,2017JJ00
PV26  ,3.0,2018JJ00
PV26  ,2.4,2019JJ00
PV26  ,2.7,2020JJ00
PV26  ,2.2,2021JJ00
PV26  ,2.3,2022JJ00
PV26  ,2.4,2023JJ00
PV27  ,5.3,2013JJ00
PV27  ,4.7,2014JJ00
PV27  ,4.9,2015JJ00
PV27  ,4.4,2016JJ00
PV27  ,3.9,2017JJ00
PV27  ,3.7,2018JJ00
PV27  ,3.2,2019JJ00
PV27  ,3.6,2020JJ00
PV27  ,3.2,2021JJ00
PV27  ,2.8,2022JJ00
PV27  ,3.1,2023JJ00
PV28  ,5.7,2013JJ00
PV28  ,5.6,2014JJ00
PV28  ,5.1,2015JJ00
PV28  ,4.9,2016JJ00
PV28  ,4.4,2017JJ00
PV28  ,3.7,2018JJ00
PV28  ,3.3,2019JJ00
PV28  ,3.6,2020JJ00
PV28  ,3.5,2021JJ00
PV28  ,2.9,2022JJ00
PV28  ,2.8,2023JJ00
PV29  ,5.8,2013JJ00
PV29  ,4.3,2014JJ00
PV29  ,5.1,2015JJ00
PV29  ,4.7,2016JJ00
PV29  ,4.4,2017JJ00
PV29  ,4.2,2018JJ00
PV29  ,4.1,2019JJ00
PV29  ,3.7,2020JJ00
PV29  ,3.7,2021JJ00
PV29  ,2.7,2022JJ00
PV29  ,2.8,2023JJ00
PV30  ,5.1,2013JJ00
PV30  ,5.1,2014JJ00
PV30  ,4.7,2015JJ00
PV30  ,4.1,2016JJ00
PV30  ,3.7,2017JJ00
PV30  ,3.5,2018JJ00
PV30  ,3.3,2019JJ00
PV30  ,3.6,2020JJ00
PV30  ,2.1,2021JJ00
PV30  ,2.5,2022JJ00
PV30  ,2.6,2023JJ00
PV31  ,5.6,2013JJ00
PV31  ,5.5,2014JJ00
PV31  ,5.7,2015JJ00
PV31  ,4.4,2016JJ00
PV31  ,4.5,2017JJ00
PV31  ,4.0,2018JJ00
PV31  ,3.7,2019JJ00
PV31  ,4.0,2020JJ00
PV31  ,2.6,2021JJ00
PV31  ,2.8,2022JJ00
PV31  ,3.0,2023JJ00
CR01  ,8.4,2013JJ00
CR01  ,8.4,2014JJ00
CR01  ,8.3,2015JJ00
CR01  ,7.8,2016JJ00
CR01  ,7.0,2017JJ00
CR01  ,6.5,2018JJ00
CR01  ,5.5,2019JJ00
CR01  ,5.2,2020JJ00
CR01  ,3.6,2021JJ00
CR01  ,3.3,2022JJ00
CR01  ,3.3,2023JJ00
CR02  ,8.7,2013JJ00
CR02  ,8.0,2014JJ00
CR02  ,7.5,2015JJ00
CR02  ,7.3,2016JJ00
CR02  ,6.0,2017JJ00
CR02  ,5.4,2018JJ00
CR02  ,5.0,2019JJ00
CR02  ,5.8,2020JJ00
CR02  ,4.4,2021JJ00
CR02  ,3.6,2022JJ00
CR02  ,3.5,2023JJ00
CR03  ,5.1,2013JJ00
CR03  ,4.8,2014JJ00
CR03  ,5.5,2015JJ00
CR03  ,4.6,2016JJ00
CR03  ,4.1,2017JJ00
CR03  ,3.7,2018JJ00
CR03  ,3.6,2019JJ00
CR03  ,3.6,2020JJ00
CR03  ,3.7,2021JJ00
CR03  ,3.2,2022JJ00
CR03  ,2.9,2023JJ00
CR04  ,6.0,2013JJ00
CR04  ,6.8,2014JJ00
CR04  ,6.6,2015JJ00
CR04  ,5.2,2016JJ00
CR04  ,5.1,2017JJ00
CR04  ,4.6,2018JJ00
CR04  ,4.0,2019JJ00
CR04  ,4.2,2020JJ00
CR04  ,3.5,2021JJ00
CR04  ,3.1,2022JJ00
CR04  ,3.1,2023JJ00
CR05  ,5.9,2013JJ00
CR05  ,5.6,2014JJ00
CR05  ,5.8,2015JJ00
CR05  ,4.2,2016JJ00
CR05  ,4.2,2017JJ00
CR05  ,4.0,2018JJ00
CR05  ,3.5,2019JJ00
CR05  ,4.0,2020JJ00
CR05  ,3.5,2021JJ00
CR05  ,2.6,2022JJ00
CR05  ,2.9,2023JJ00
CR06  ,6.0,2013JJ00
CR06  ,6.8,2014JJ00
CR06  ,6.2,2015JJ00
CR06  ,5.6,2016JJ00
CR06  ,5.3,2017JJ00
CR06  ,4.0,2018JJ00
CR06  ,3.6,2019JJ00
CR06  ,4.1,2020JJ00
CR06  ,3.2,2021JJ00
CR06  ,2.6,2022JJ00
CR06  ,2.7,2023JJ00
CR07  ,4.6,2013JJ00
CR07  ,4.7,2014JJ00
CR07  ,4.6,2015JJ00
CR07  ,3.7,2016JJ00
CR07  ,3.6,2017JJ00
CR07  ,3.5,2018JJ00
CR07  ,2.8,2019JJ00
CR07  ,2.9,2020JJ00
CR07  ,2.3,2021JJ00
CR07  ,2.3,2022JJ00
CR07  ,2.1,2023JJ00
CR08  ,7.8,2013JJ00
CR08  ,7.1,2014JJ00
CR08  ,5.9,2015JJ00
CR08  ,5.3,2016JJ00
CR08  ,5.2,2017JJ00
CR08  ,5.7,2018JJ00
CR08  ,4.5,2019JJ00
CR08  ,5.4,2020JJ00
CR08  ,3.3,2021JJ00
CR08  ,3.4,2022JJ00
CR08  ,3.2,2023JJ00
CR09  ,5.9,2013JJ00
CR09  ,6.0,2014JJ00
CR09  ,5.6,2015JJ00
CR09  ,5.1,2016JJ00
CR09  ,3.8,2017JJ00
CR09  ,3.9,2018JJ00
CR09  ,3.1,2019JJ00
CR09  ,4.0,2020JJ00
CR09  ,2.7,2021JJ00
CR09  ,2.8,2022JJ00
CR09  ,2.5,2023JJ00
CR10  ,4.8,2013JJ00
CR10  ,4.1,2014JJ00
CR10  ,4.5,2015JJ00
CR10  ,4.2,2016JJ00
CR10  ,3.9,2017JJ00
CR10  ,3.7,2018JJ00
CR10  ,3.6,2019JJ00
CR10  ,3.1,2020JJ00
CR10  ,2.5,2021JJ00
CR10  ,2.4,2022JJ00
CR10  ,2.2,2023JJ00
CR11  ,4.1,2013JJ00
CR11  ,4.4,2014JJ00
CR11  ,4.2,2015JJ00
CR11  ,3.8,2016JJ00
CR11  ,4.0,2017JJ00
CR11  ,3.5,2018JJ00
CR11  ,3.5,2019JJ00
CR11  ,3.2,2020JJ00
CR11  ,2.8,2021JJ00
CR11  ,2.4,2022JJ00
CR11  ,2.1,2023JJ00
CR12  ,5.6,2013JJ00
CR12  ,5.4,2014JJ00
CR12  ,5.5,2015JJ00
CR12  ,5.4,2016JJ00
CR12  ,4.8,2017JJ00
CR12  ,4.1,2018JJ00
CR12  ,3.6,2019JJ00
CR12  ,3.9,2020JJ00
CR12  ,3.0,2021JJ00
CR12  ,2.6,2022JJ00
CR12  ,2.7,2023JJ00
CR13  ,4.7,2013JJ00
CR13  ,4.7,2014JJ00
CR13  ,4.3,2015JJ00
CR13  ,4.7,2016JJ00
CR13  ,3.6,2017JJ00
CR13  ,3.7,2018JJ00
CR13  ,3.2,2019JJ00
CR13  ,3.1,2020JJ00
CR13  ,2.4,2021JJ00
CR13  ,2.5,2022JJ00
CR13  ,2.4,2023JJ00
CR14  ,5.7,2013JJ00
CR14  ,5.7,2014JJ00
CR14  ,5.2,2015JJ00
CR14  ,5.2,2016JJ00
CR14  ,4.3,2017JJ00
CR14  ,4.0,2018JJ00
CR14  ,3.3,2019JJ00
CR14  ,3.6,2020JJ00
CR14  ,2.6,2021JJ00
CR14  ,2.8,2022JJ00
CR14  ,2.8,2023JJ00
CR15  ,5.1,2013JJ00
CR15  ,4.9,2014JJ00
CR15  ,4.7,2015JJ00
CR15  ,4.5,2016JJ00
CR15  ,3.5,2017JJ00
CR15  ,3.6,2018JJ00
CR15  ,3.0,2019JJ00
CR15  ,3.2,2020JJ00
CR15  ,3.0,2021JJ00
CR15  ,2.7,2022JJ00
CR15  ,2.4,2023JJ00
CR16  ,5.1,2013JJ00
CR16  ,5.1,2014JJ00
CR16  ,4.8,2015JJ00
CR16  ,4.7,2016JJ00
CR16  ,3.8,2017JJ00
CR16  ,3.5,2018JJ00
CR16  ,2.8,2019JJ00
CR16  ,3.2,2020JJ00
CR16  ,2.5,2021JJ00
CR16  ,2.5,2022JJ00
CR16  ,2.6,2023JJ00
CR17  ,4.6,2013JJ00
CR17  ,4.2,2014JJ00
CR17  ,4.5,2015JJ00
CR17  ,3.9,2016JJ00
CR17  ,3.2,2017JJ00
CR17  ,3.0,2018JJ00
CR17  ,2.4,2019JJ00
CR17  ,2.7,2020JJ00
CR17  ,2.2,2021JJ00
CR17  ,2.3,2022JJ00
CR17  ,2.4,2023JJ00
CR18  ,6.2,2013JJ00
CR18  ,5.3,2014JJ00
CR18  ,5.1,2015JJ00
CR18  ,4.5,2016JJ00
CR18  ,4.5,2017JJ00
CR18  ,4.4,2018JJ00
CR18  ,3.8,2019JJ00
CR18  ,4.0,2020JJ00
CR18  ,2.7,2021JJ00
CR18  ,2.7,2022JJ00
CR18  ,2.9,2023JJ00
CR19  ,4.8,2013JJ00
CR19  ,3.9,2014JJ00
CR19  ,4.6,2015JJ00
CR19  ,4.3,2016JJ00
CR19  ,4.0,2017JJ00
CR19  ,3.5,2018JJ00
CR19  ,3.1,2019JJ00
CR19  ,3.3,2020JJ00
CR19  ,2.8,2021JJ00
CR19  ,2.2,2022JJ00
CR19  ,2.7,2023JJ00
CR20  ,4.9,2013JJ00
CR20  ,4.3,2014JJ00
CR20  ,4.1,2015JJ00
CR20  ,3.8,2016JJ00
CR20  ,4.0,2017JJ00
CR20  ,3.4,2018JJ00
CR20  ,3.1,2019JJ00
CR20  ,3.6,2020JJ00
CR20  ,2.7,2021JJ00
CR20  ,2.4,2022JJ00
CR20  ,2.7,2023JJ00
CR21  ,3.7,2013JJ00
CR21  ,3.4,2014JJ00
CR21  ,3.9,2015JJ00
CR21  ,3.8,2016JJ00
CR21  ,3.6,2017JJ00
CR21  ,2.8,2018JJ00
CR21  ,2.6,2019JJ00
CR21  ,2.9,2020JJ00
CR21  ,2.7,2021JJ00
CR21  ,2.5,2022JJ00
CR21  ,2.3,2023JJ00
CR22  ,6.1,2013JJ00
CR22  ,5.4,2014JJ00
CR22  ,5.0,2015JJ00
CR22  ,5.3,2016JJ00
CR22  ,5.3,2017JJ00
CR22  ,4.6,2018JJ00
CR22  ,4.5,2019JJ00
CR22  ,4.1,2020JJ00
CR22  ,3.5,2021JJ00
CR22  ,2.9,2022JJ00
CR22  ,3.1,2023JJ00
CR23  ,5.6,2013JJ00
CR23  ,4.9,2014JJ00
CR23  ,5.3,2015JJ00
CR23  ,4.5,2016JJ00
CR23  ,3.9,2017JJ00
CR23  ,3.8,2018JJ00
CR23  ,3.2,2019JJ00
CR23  ,3.8,2020JJ00
CR23  ,3.5,2021JJ00
CR23  ,3.0,2022JJ00
CR23  ,3.4,2023JJ00
CR24  ,4.6,2013JJ00
CR24  ,4.3,2014JJ00
CR24  ,4.2,2015JJ00
CR24  ,3.8,2016JJ00
CR24  ,3.4,2017JJ00
CR24  ,3.2,2018JJ00
CR24  ,2.8,2019JJ00
CR24  ,3.0,2020JJ00
CR24  ,2.7,2021JJ00
CR24  ,2.1,2022JJ00
CR24  ,2.4,2023JJ00
CR25  ,4.0,2013JJ00
CR25  ,3.8,2014JJ00
CR25  ,3.9,2015JJ00
CR25  ,3.8,2016JJ00
CR25  ,3.6,2017JJ00
CR25  ,3.2,2018JJ00
CR25  ,2.8,2019JJ00
CR25  ,2.9,2020JJ00
CR25  ,2.6,2021JJ00
CR25  ,2.5,2022JJ00
CR25  ,2.5,2023JJ00
CR26  ,5.8,2013JJ00
CR26  ,6.3,2014JJ00
CR26  ,5.1,2015JJ00
CR26  ,5.1,2016JJ00
CR26  ,4.4,2017JJ00
CR26  ,3.5,2018JJ00
CR26  ,3.5,2019JJ00
CR26  ,3.7,2020JJ00
CR26  ,3.8,2021JJ00
CR26  ,3.1,2022JJ00
CR26  ,2.9,2023JJ00
CR27  ,4.4,2013JJ00
CR27  ,4.5,2014JJ00
CR27  ,4.1,2015JJ00
CR27  ,4.2,2016JJ00
CR27  ,3.5,2017JJ00
CR27  ,2.9,2018JJ00
CR27  ,2.8,2019JJ00
CR27  ,3.0,2020JJ00
CR27  ,3.2,2021JJ00
CR27  ,2.7,2022JJ00
CR27  ,2.5,2023JJ00
CR28  ,4.6,2013JJ00
CR28  ,4.5,2014JJ00
CR28  ,4.1,2015JJ00
CR28  ,4.1,2016JJ00
CR28  ,3.6,2017JJ00
CR28  ,3.2,2018JJ00
CR28  ,3.1,2019JJ00
CR28  ,3.1,2020JJ00
CR28  ,2.7,2021JJ00
CR28  ,2.4,2022JJ00
CR28  ,2.5,2023JJ00
CR29  ,6.7,2013JJ00
CR29  ,6.4,2014JJ00
CR29  ,6.0,2015JJ00
CR29  ,5.4,2016JJ00
CR29  ,5.1,2017JJ00
CR29  ,4.1,2018JJ00
CR29  ,3.7,2019JJ00
CR29  ,4.1,2020JJ00
CR29  ,4.0,2021JJ00
CR29  ,3.2,2022JJ00
CR29  ,3.1,2023JJ00
CR30  ,6.0,2013JJ00
CR30  ,5.1,2014JJ00
CR30  ,4.7,2015JJ00
CR30  ,4.6,2016JJ00
CR30  ,4.2,2017JJ00
CR30  ,4.1,2018JJ00
CR30  ,3.2,2019JJ00
CR30  ,3.7,2020JJ00
CR30  ,2.9,2021JJ00
CR30  ,2.5,2022JJ00
CR30  ,2.7,2023JJ00
CR31  ,6.9,2013JJ00
CR31  ,5.1,2014JJ00
CR31  ,6.1,2015JJ00
CR31  ,5.4,2016JJ00
CR31  ,4.7,2017JJ00
CR31  ,4.1,2018JJ00
CR31  ,4.5,2019JJ00
CR31  ,4.5,2020JJ00
CR31  ,4.2,2021JJ00
CR31  ,3.4,2022JJ00
CR31  ,3.2,2023JJ00
CR32  ,5.5,2013JJ00
CR32  ,4.1,2014JJ00
CR32  ,4.8,2015JJ00
CR32  ,4.5,2016JJ00
CR32  ,4.3,2017JJ00
CR32  ,4.3,2018JJ00
CR32  ,3.9,2019JJ00
CR32  ,3.5,2020JJ00
CR32  ,3.6,2021JJ00
CR32  ,2.5,2022JJ00
CR32  ,2.6,2023JJ00
CR33  ,5.1,2013JJ00
CR33  ,4.8,2014JJ00
CR33  ,4.8,2015JJ00
CR33  ,4.4,2016JJ00
CR33  ,3.7,2017JJ00
CR33  ,3.6,2018JJ00
CR33  ,3.3,2019JJ00
CR33  ,3.6,2020JJ00
CR33  ,2.3,2021JJ00
CR33  ,2.6,2022JJ00
CR33  ,2.6,2023JJ00
CR34  ,5.3,2013JJ00
CR34  ,5.0,2014JJ00
CR34  ,4.7,2015JJ00
CR34  ,4.0,2016JJ00
CR34  ,4.0,2017JJ00
CR34  ,3.6,2018JJ00
CR34  ,3.6,2019JJ00
CR34  ,3.7,2020JJ00
CR34  ,1.9,2021JJ00
CR34  ,2.7,2022JJ00
CR34  ,2.9,2023JJ00
CR35  ,4.6,2013JJ00
CR35  ,4.9,2014JJ00
CR35  ,4.5,2015JJ00
CR35  ,4.1,2016JJ00
CR35  ,3.4,2017JJ00
CR35  ,3.4,2018JJ00
CR35  ,3.2,2019JJ00
CR35  ,3.4,2020JJ00
CR35  ,1.9,2021JJ00
CR35  ,2.2,2022JJ00
CR35  ,2.5,2023JJ00
CR36  ,5.4,2013JJ00
CR36  ,5.5,2014JJ00
CR36  ,4.8,2015JJ00
CR36  ,4.0,2016JJ00
CR36  ,3.7,2017JJ00
CR36  ,3.4,2018JJ00
CR36  ,3.2,2019JJ00
CR36  ,3.7,2020JJ00
CR36  ,2.3,2021JJ00
CR36  ,2.5,2022JJ00
CR36  ,2.6,2023JJ00
CR37  ,5.7,2013JJ00
CR37  ,5.9,2014JJ00
CR37  ,6.0,2015JJ00
CR37  ,4.2,2016JJ00
CR37  ,4.8,2017JJ00
CR37  ,3.8,2018JJ00
CR37  ,3.5,2019JJ00
CR37  ,4.2,2020JJ00
CR37  ,2.7,2021JJ00
CR37  ,2.9,2022JJ00
CR37  ,2.9,2023JJ00
CR38  ,4.8,2013JJ00
CR38  ,4.7,2014JJ00
CR38  ,5.0,2015JJ00
CR38  ,4.2,2016JJ00
CR38  ,4.1,2017JJ00
CR38  ,4.0,2018JJ00
CR38  ,3.2,2019JJ00
CR38  ,3.7,2020JJ00
CR38  ,2.4,2021JJ00
CR38  ,2.6,2022JJ00
CR38  ,2.7,2023JJ00
CR39  ,5.8,2013JJ00
CR39  ,5.7,2014JJ00
CR39  ,5.8,2015JJ00
CR39  ,4.5,2016JJ00
CR39  ,4.6,2017JJ00
CR39  ,4.0,2018JJ00
CR39  ,4.0,2019JJ00
CR39  ,4.1,2020JJ00
CR39  ,2.7,2021JJ00
CR39  ,2.9,2022JJ00
CR39  ,3.1,2023JJ00
CR40  ,6.4,2013JJ00
CR40  ,6.1,2014JJ00
CR40  ,4.9,2015JJ00
CR40  ,5.5,2016JJ00
CR40  ,4.5,2017JJ00
CR40  ,4.2,2018JJ00
CR40  ,3.7,2019JJ00
CR40  ,4.0,2020JJ00
CR40  ,3.4,2021JJ00
CR40  ,3.3,2022JJ00
CR40  ,2.7,2023JJ00
GM1680,5.0,2013JJ00
GM1680,4.3,2014JJ00
GM1680,4.0,2015JJ00
GM1680,3.6,2016JJ00
GM1680,4.5,2017JJ00
GM1680,3.2,2018JJ00
GM1680,2.8,2019JJ00
GM1680,2.6,2020JJ00
GM1680,2.9,2021JJ00
GM1680,2.4,2022JJ00
GM1680,1.8,2023JJ00
GM0358,4.8,2013JJ00
GM0358,3.9,2014JJ00
GM0358,4.0,2015JJ00
GM0358,4.3,2016JJ00
GM0358,3.4,2017JJ00
GM0358,2.9,2018JJ00
GM0358,2.9,2019JJ00
GM0358,4.5,2020JJ00
GM0358,2.1,2021JJ00
GM0358,2.2,2022JJ00
GM0358,2.4,2023JJ00
GM0197,,2013JJ00
GM0197,,2014JJ00
GM0197,,2015JJ00
GM0197,,2016JJ00
GM0197,,2017JJ00
GM0197,4.0,2018JJ00
GM0197,,2019JJ00
GM0197,,2020JJ00
GM0197,2.6,2021JJ00
GM0197,2.5,2022JJ00
GM0197,2.8,2023JJ00
GM0059,,2013JJ00
GM0059,,2014JJ00
GM0059,,2015JJ00
GM0059,,2016JJ00
GM0059,,2017JJ00
GM0059,,2018JJ00
GM0059,,2019JJ00
GM0059,,2020JJ00
GM0059,,2021JJ00
GM0059,,2022JJ00
GM0059,,2023JJ00
GM0482,,2013JJ00
GM0482,,2014JJ00
GM0482,,2015JJ00
GM0482,,2016JJ00
GM0482,,2017JJ00
GM0482,,2018JJ00
GM0482,,2019JJ00
GM0482,,2020JJ00
GM0482,,2021JJ00
GM0482,,2022JJ00
GM0482,,2023JJ00
GM0613,4.6,2013JJ00
GM0613,4.1,2014JJ00
GM0613,3.8,2015JJ00
GM0613,3.4,2016JJ00
GM0613,3.4,2017JJ00
GM0613,,2018JJ00
GM0613,2.5,2019JJ00
GM0613,2.7,2020JJ00
GM0613,2.0,2021JJ00
GM0613,2.1,2022JJ00
GM0613,2.3,2023JJ00
GM0361,4.9,2013JJ00
GM0361,3.9,2014JJ00
GM0361,5.0,2015JJ00
GM0361,4.1,2016JJ00
GM0361,4.1,2017JJ00
GM0361,3.2,2018JJ00
GM0361,3.1,2019JJ00
GM0361,3.5,2020JJ00
GM0361,3.5,2021JJ00
GM0361,2.4,2022JJ00
GM0361,3.1,2023JJ00
GM0141,8.5,2013JJ00
GM0141,7.9,2014JJ00
GM0141,8.2,2015JJ00
GM0141,6.7,2016JJ00
GM0141,6.7,2017JJ00
GM0141,5.4,2018JJ00
GM0141,4.3,2019JJ00
GM0141,5.5,2020JJ00
GM0141,4.4,2021JJ00
GM0141,2.7,2022JJ00
GM0141,3.3,2023JJ00
GM0034,6.7,2013JJ00
GM0034,6.4,2014JJ00
GM0034,5.0,2015JJ00
GM0034,5.8,2016JJ00
GM0034,4.4,2017JJ00
GM0034,4.4,2018JJ00
GM0034,3.5,2019JJ00
GM0034,4.3,2020JJ00
GM0034,3.8,2021JJ00
GM0034,3.7,2022JJ00
GM0034,2.8,2023JJ00
GM0484,4.4,2013JJ00
GM0484,4.2,2014JJ00
GM0484,3.8,2015JJ00
GM0484,4.0,2016JJ00
GM0484,3.5,2017JJ00
GM0484,3.0,2018JJ00
GM0484,2.9,2019JJ00
GM0484,3.4,2020JJ00
GM0484,3.0,2021JJ00
GM0484,2.8,2022JJ00
GM0484,2.7,2023JJ00
GM1723,,2013JJ00
GM1723,,2014JJ00
GM1723,,2015JJ00
GM1723,,2016JJ00
GM1723,,2017JJ00
GM1723,,2018JJ00
GM1723,,2019JJ00
GM1723,,2020JJ00
GM1723,,2021JJ00
GM1723,,2022JJ00
GM1723,,2023JJ00
GM1959,5.4,2013JJ00
GM1959,5.7,2014JJ00
GM1959,5.0,2015JJ00
GM1959,4.3,2016JJ00
GM1959,3.7,2017JJ00
GM1959,3.4,2018JJ00
GM1959,3.4,2019JJ00
GM1959,3.3,2020JJ00
GM1959,1.8,2021JJ00
GM1959,2.7,2022JJ00
GM1959,2.5,2023JJ00
GM0060,,2013JJ00
GM0060,,2014JJ00
GM0060,,2015JJ00
GM0060,,2016JJ00
GM0060,,2017JJ00
GM0060,,2018JJ00
GM0060,,2019JJ00
GM0060,,2020JJ00
GM0060,,2021JJ00
GM0060,,2022JJ00
GM0060,,2023JJ00
GM0307,4.5,2013JJ00
GM0307,4.2,2014JJ00
GM0307,5.0,2015JJ00
GM0307,4.1,2016JJ00
GM0307,2.9,2017JJ00
GM0307,2.7,2018JJ00
GM0307,2.3,2019JJ00
GM0307,2.4,2020JJ00
GM0307,2.7,2021JJ00
GM0307,2.1,2022JJ00
GM0307,2.1,2023JJ00
GM0362,4.8,2013JJ00
GM0362,4.4,2014JJ00
GM0362,4.1,2015JJ00
GM0362,3.6,2016JJ00
GM0362,3.2,2017JJ00
GM0362,3.2,2018JJ00
GM0362,3.0,2019JJ00
GM0362,3.4,2020JJ00
GM0362,3.2,2021JJ00
GM0362,2.8,2022JJ00
GM0362,3.1,2023JJ00
GM0363,5.7,2013JJ00
GM0363,5.0,2014JJ00
GM0363,5.6,2015JJ00
GM0363,4.7,2016JJ00
GM0363,4.0,2017JJ00
GM0363,3.9,2018JJ00
GM0363,3.3,2019JJ00
GM0363,3.8,2020JJ00
GM0363,3.8,2021JJ00
GM0363,3.1,2022JJ00
GM0363,3.6,2023JJ00
GM0200,4.4,2013JJ00
GM0200,5.2,2014JJ00
GM0200,4.6,2015JJ00
GM0200,5.6,2016JJ00
GM0200,3.9,2017JJ00
GM0200,4.1,2018JJ00
GM0200,3.1,2019JJ00
GM0200,3.4,2020JJ00
GM0200,2.7,2021JJ00
GM0200,2.8,2022JJ00
GM0200,2.6,2023JJ00
GM0202,5.7,2013JJ00
GM0202,5.7,2014JJ00
GM0202,4.9,2015JJ00
GM0202,4.3,2016JJ00
GM0202,3.7,2017JJ00
GM0202,3.5,2018JJ00
GM0202,3.2,2019JJ00
GM0202,3.5,2020JJ00
GM0202,3.8,2021JJ00
GM0202,2.9,2022JJ00
GM0202,2.5,2023JJ00
GM0106,5.4,2013JJ00
GM0106,6.0,2014JJ00
GM0106,5.2,2015JJ00
GM0106,4.1,2016JJ00
GM0106,4.1,2017JJ00
GM0106,4.0,2018JJ00
GM0106,2.8,2019JJ00
GM0106,3.2,2020JJ00
GM0106,2.6,2021JJ00
GM0106,2.5,2022JJ00
GM0106,2.2,2023JJ00
GM0743,,2013JJ00
GM0743,,2014JJ00
GM0743,,2015JJ00
GM0743,,2016JJ00
GM0743,,2017JJ00
GM0743,,2018JJ00
GM0743,,2019JJ00
GM0743,,2020JJ00
GM0743,,2021JJ00
GM0743,,2022JJ00
GM0743,,2023JJ00
GM0744,,2013JJ00
GM0744,,2014JJ00
GM0744,,2015JJ00
GM0744,,2016JJ00
GM0744,,2017JJ00
GM0744,,2018JJ00
GM0744,,2019JJ00
GM0744,,2020JJ00
GM0744,,2021JJ00
GM0744,,2022JJ00
GM0744,,2023JJ00
GM0308,3.9,2013JJ00
GM0308,3.7,2014JJ00
GM0308,3.9,2015JJ00
GM0308,3.7,2016JJ00
GM0308,3.4,2017JJ00
GM0308,3.3,2018JJ00
GM0308,2.6,2019JJ00
GM0308,2.9,2020JJ00
GM0308,2.1,2021JJ00
GM0308,2.4,2022JJ00
GM0308,2.1,2023JJ00
GM0489,3.6,2013JJ00
GM0489,4.4,2014JJ00
GM0489,3.9,2015JJ00
GM0489,3.2,2016JJ00
GM0489,2.6,2017JJ00
GM0489,3.3,2018JJ00
GM0489,2.5,2019JJ00
GM0489,2.6,2020JJ00
GM0489,2.5,2021JJ00
GM0489,2.7,2022JJ00
GM0489,2.1,2023JJ00
GM0203,6.1,2013JJ00
GM0203,5.7,2014JJ00
GM0203,3.5,2015JJ00
GM0203,3.8,2016JJ00
GM0203,3.4,2017JJ00
GM0203,3.6,2018JJ00
GM0203,2.7,2019JJ00
GM0203,2.7,2020JJ00
GM0203,2.5,2021JJ00
GM0203,2.7,2022JJ00
GM0203,2.7,2023JJ00
GM0888,,2013JJ00
GM0888,,2014JJ00
GM0888,,2015JJ00
GM0888,,2016JJ00
GM0888,,2017JJ00
GM0888,,2018JJ00
GM0888,,2019JJ00
GM0888,,2020JJ00
GM0888,,2021JJ00
GM0888,,2022JJ00
GM0888,,2023JJ00
GM1954,5.8,2013JJ00
GM1954,5.6,2014JJ00
GM1954,4.4,2015JJ00
GM1954,3.7,2016JJ00
GM1954,3.7,2017JJ00
GM1954,3.5,2018JJ00
GM1954,3.0,2019JJ00
GM1954,3.3,2020JJ00
GM1954,2.1,2021JJ00
GM1954,2.1,2022JJ00
GM1954,2.4,2023JJ00
GM0889,,2013JJ00
GM0889,,2014JJ00
GM0889,,2015JJ00
GM0889,,2016JJ00
GM0889,,2017JJ00
GM0889,,2018JJ00
GM0889,,2019JJ00
GM0889,,2020JJ00
GM0889,,2021JJ00
GM0889,,2022JJ00
GM0889,,2023JJ00
GM1945,5.5,2013JJ00
GM1945,5.7,2014JJ00
GM1945,5.1,2015JJ00
GM1945,4.4,2016JJ00
GM1945,4.7,2017JJ00
GM1945,4.5,2018JJ00
GM1945,4.2,2019JJ00
GM1945,3.7,2020JJ00
GM1945,2.7,2021JJ00
GM1945,2.4,2022JJ00
GM1945,2.3,2023JJ00
GM1724,,2013JJ00
GM1724,,2014JJ00
GM1724,,2015JJ00
GM1724,,2016JJ00
GM1724,,2017JJ00
GM1724,,2018JJ00
GM1724,,2019JJ00
GM1724,,2020JJ00
GM1724,,2021JJ00
GM1724,,2022JJ00
GM1724,,2023JJ00
GM0893,,2013JJ00
GM0893,,2014JJ00
GM0893,,2015JJ00
GM0893,,2016JJ00
GM0893,,2017JJ00
GM0893,,2018JJ00
GM0893,,2019JJ00
GM0893,,2020JJ00
GM0893,,2021JJ00
GM0893,,2022JJ00
GM0893,,2023JJ00
GM0373,4.1,2013JJ00
GM0373,4.1,2014JJ00
GM0373,3.8,2015JJ00
GM0373,3.4,2016JJ00
GM0373,3.9,2017JJ00
GM0373,4.7,2018JJ00
GM0373,2.7,2019JJ00
GM0373,2.7,2020JJ00
GM0373,2.1,2021JJ00
GM0373,2.4,2022JJ00
GM0373,2.1,2023JJ00
GM0748,5.5,2013JJ00
GM0748,4.6,2014JJ00
GM0748,6.4,2015JJ00
GM0748,5.4,2016JJ00
GM0748,4.1,2017JJ00
GM0748,4.4,2018JJ00
GM0748,4.0,2019JJ00
GM0748,4.1,2020JJ00
GM0748,2.8,2021JJ00
GM0748,3.0,2022JJ00
GM0748,2.9,2023JJ00
GM1859,6.5,2013JJ00
GM1859,6.7,2014JJ00
GM1859,5.8,2015JJ00
GM1859,5.2,2016JJ00
GM1859,4.5,2017JJ00
GM1859,5.0,2018JJ00
GM1859,3.8,2019JJ00
GM1859,4.2,2020JJ00
GM1859,2.5,2021JJ00
GM1859,3.0,2022JJ00
GM1859,2.2,2023JJ00
GM1721,5.3,2013JJ00
GM1721,3.9,2014JJ00
GM1721,3.7,2015JJ00
GM1721,3.7,2016JJ00
GM1721,3.1,2017JJ00
GM1721,3.5,2018JJ00
GM1721,3.4,2019JJ00
GM1721,3.3,2020JJ00
GM1721,2.2,2021JJ00
GM1721,2.1,2022JJ00
GM1721,2.2,2023JJ00
GM0753,4.6,2013JJ00
GM0753,3.6,2014JJ00
GM0753,3.5,2015JJ00
GM0753,3.5,2016JJ00
GM0753,3.2,2017JJ00
GM0753,3.2,2018JJ00
GM0753,2.7,2019JJ00
GM0753,2.9,2020JJ00
GM0753,3.0,2021JJ00
GM0753,2.6,2022JJ00
GM0753,2.2,2023JJ00
GM0209,,2013JJ00
GM0209,3.6,2014JJ00
GM0209,4.4,2015JJ00
GM0209,4.7,2016JJ00
GM0209,4.0,2017JJ00
GM0209,3.1,2018JJ00
GM0209,3.1,2019JJ00
GM0209,3.3,2020JJ00
GM0209,2.4,2021JJ00
GM0209,2.7,2022JJ00
GM0209,2.7,2023JJ00
GM0375,5.5,2013JJ00
GM0375,4.7,2014JJ00
GM0375,4.7,2015JJ00
GM0375,4.5,2016JJ00
GM0375,4.6,2017JJ00
GM0375,4.4,2018JJ00
GM0375,3.7,2019JJ00
GM0375,4.3,2020JJ00
GM0375,3.3,2021JJ00
GM0375,2.9,2022JJ00
GM0375,3.0,2023JJ00
GM0310,3.8,2013JJ00
GM0310,3.3,2014JJ00
GM0310,3.4,2015JJ00
GM0310,2.8,2016JJ00
GM0310,3.1,2017JJ00
GM0310,2.6,2018JJ00
GM0310,2.1,2019JJ00
GM0310,2.3,2020JJ00
GM0310,1.9,2021JJ00
GM0310,2.0,2022JJ00
GM0310,2.2,2023JJ00
GM1728,,2013JJ00
GM1728,,2014JJ00
GM1728,,2015JJ00
GM1728,,2016JJ00
GM1728,,2017JJ00
GM1728,,2018JJ00
GM1728,,2019JJ00
GM1728,,2020JJ00
GM1728,,2021JJ00
GM1728,,2022JJ00
GM1728,2.7,2023JJ00
GM0376,,2013JJ00
GM0376,,2014JJ00
GM0376,,2015JJ00
GM0376,,2016JJ00
GM0376,,2017JJ00
GM0376,,2018JJ00
GM0376,,2019JJ00
GM0376,,2020JJ00
GM0376,,2021JJ00
GM0376,,2022JJ00
GM0376,,2023JJ00
GM0377,2.9,2013JJ00
GM0377,3.1,2014JJ00
GM0377,2.8,2015JJ00
GM0377,2.8,2016JJ00
GM0377,2.8,2017JJ00
GM0377,2.5,2018JJ00
GM0377,2.4,2019JJ00
GM0377,2.0,2020JJ00
GM0377,2.0,2021JJ00
GM0377,1.8,2022JJ00
GM0377,1.9,2023JJ00
GM1901,4.5,2013JJ00
GM1901,3.9,2014JJ00
GM1901,3.6,2015JJ00
GM1901,2.9,2016JJ00
GM1901,2.9,2017JJ00
GM1901,3.6,2018JJ00
GM1901,2.5,2019JJ00
GM1901,2.6,2020JJ00
GM1901,2.0,2021JJ00
GM1901,2.1,2022JJ00
GM1901,2.4,2023JJ00
GM0755,,2013JJ00
GM0755,,2014JJ00
GM0755,,2015JJ00
GM0755,,2016JJ00
GM0755,,2017JJ00
GM0755,,2018JJ00
GM0755,,2019JJ00
GM0755,,2020JJ00
GM0755,,2021JJ00
GM0755,,2022JJ00
GM0755,,2023JJ00
GM1681,,2013JJ00
GM1681,,2014JJ00
GM1681,5.5,2015JJ00
GM1681,4.6,2016JJ00
GM1681,,2017JJ00
GM1681,,2018JJ00
GM1681,3.7,2019JJ00
GM1681,3.7,2020JJ00
GM1681,2.9,2021JJ00
GM1681,2.5,2022JJ00
GM1681,2.5,2023JJ00
GM0147,3.4,2013JJ00
GM0147,4.2,2014JJ00
GM0147,4.3,2015JJ00
GM0147,3.2,2016JJ00
GM0147,3.8,2017JJ00
GM0147,3.0,2018JJ00
GM0147,2.7,2019JJ00
GM0147,2.8,2020JJ00
GM0147,2.0,2021JJ00
GM0147,1.8,2022JJ00
GM0147,2.0,2023JJ00
GM0654,,2013JJ00
GM0654,,2014JJ00
GM0654,,2015JJ00
GM0654,,2016JJ00
GM0654,,2017JJ00
GM0654,,2018JJ00
GM0654,,2019JJ00
GM0654,,2020JJ00
GM0654,,2021JJ00
GM0654,2.2,2022JJ00
GM0654,2.3,2023JJ00
GM0757,5.0,2013JJ00
GM0757,4.7,2014JJ00
GM0757,4.7,2015JJ00
GM0757,5.4,2016JJ00
GM0757,3.8,2017JJ00
GM0757,3.8,2018JJ00
GM0757,3.1,2019JJ00
GM0757,3.9,2020JJ00
GM0757,2.3,2021JJ00
GM0757,2.0,2022JJ00
GM0757,2.4,2023JJ00
GM0758,4.8,2013JJ00
GM0758,4.5,2014JJ00
GM0758,4.2,2015JJ00
GM0758,3.8,2016JJ00
GM0758,2.9,2017JJ00
GM0758,2.9,2018JJ00
GM0758,2.9,2019JJ00
GM0758,3.1,2020JJ00
GM0758,2.2,2021JJ00
GM0758,2.3,2022JJ00
GM0758,2.4,2023JJ00
GM1876,5.4,2013JJ00
GM1876,5.0,2014JJ00
GM1876,4.8,2015JJ00
GM1876,5.1,2016JJ00
GM1876,4.6,2017JJ00
GM1876,3.6,2018JJ00
GM1876,3.0,2019JJ00
GM1876,3.8,2020JJ00
GM1876,2.0,2021JJ00
GM1876,2.8,2022JJ00
GM1876,2.3,2023JJ00
GM0213,,2013JJ00
GM0213,,2014JJ00
GM0213,,2015JJ00
GM0213,,2016JJ00
GM0213,,2017JJ00
GM0213,,2018JJ00
GM0213,,2019JJ00
GM0213,,2020JJ00
GM0213,,2021JJ00
GM0213,,2022JJ00
GM0213,,2023JJ00
GM0899,,2013JJ00
GM0899,,2014JJ00
GM0899,,2015JJ00
GM0899,,2016JJ00
GM0899,,2017JJ00
GM0899,,2018JJ00
GM0899,,2019JJ00
GM0899,4.8,2020JJ00
GM0899,3.6,2021JJ00
GM0899,3.1,2022JJ00
GM0899,4.3,2023JJ00
GM0312,,2013JJ00
GM0312,,2014JJ00
GM0312,,2015JJ00
GM0312,,2016JJ00
GM0312,,2017JJ00
GM0312,,2018JJ00
GM0312,,2019JJ00
GM0312,2.0,2020JJ00
GM0312,,2021JJ00
GM0312,1.7,2022JJ00
GM0312,1.9,2023JJ00
GM0313,,2013JJ00
GM0313,,2014JJ00
GM0313,,2015JJ00
GM0313,,2016JJ00
GM0313,,2017JJ00
GM0313,,2018JJ00
GM0313,,2019JJ00
GM0313,,2020JJ00
GM0313,,2021JJ00
GM0313,,2022JJ00
GM0313,,2023JJ00
GM0214,,2013JJ00
GM0214,,2014JJ00
GM0214,3.7,2015JJ00
GM0214,4.2,2016JJ00
GM0214,3.2,2017JJ00
GM0214,3.2,2018JJ00
GM0214,2.7,2019JJ00
GM0214,3.0,2020JJ00
GM0214,2.1,2021JJ00
GM0214,2.1,2022JJ00
GM0214,2.4,2023JJ00
GM0502,5.7,2013JJ00
GM0502,6.4,2014JJ00
GM0502,5.1,2015JJ00
GM0502,4.6,2016JJ00
GM0502,5.0,2017JJ00
GM0502,4.3,2018JJ00
GM0502,4.7,2019JJ00
GM0502,4.0,2020JJ00
GM0502,3.3,2021JJ00
GM0502,2.5,2022JJ00
GM0502,2.8,2023JJ00
GM0383,3.4,2013JJ00
GM0383,3.1,2014JJ00
GM0383,2.9,2015JJ00
GM0383,2.5,2016JJ00
GM0383,2.6,2017JJ00
GM0383,2.6,2018JJ00
GM0383,2.5,2019JJ00
GM0383,2.7,2020JJ00
GM0383,1.9,2021JJ00
GM0383,1.8,2022JJ00
GM0383,1.9,2023JJ00
GM0109,5.3,2013JJ00
GM0109,7.4,2014JJ00
GM0109,6.3,2015JJ00
GM0109,5.9,2016JJ00
GM0109,5.7,2017JJ00
GM0109,,2018JJ00
GM0109,4.4,2019JJ00
GM0109,4.0,2020JJ00
GM0109,3.1,2021JJ00
GM0109,3.0,2022JJ00
GM0109,2.4,2023JJ00
GM1706,,2013JJ00
GM1706,,2014JJ00
GM1706,,2015JJ00
GM1706,,2016JJ00
GM1706,,2017JJ00
GM1706,,2018JJ00
GM1706,,2019JJ00
GM1706,3.3,2020JJ00
GM1706,2.1,2021JJ00
GM1706,2.5,2022JJ00
GM1706,,2023JJ00
GM0216,4.6,2013JJ00
GM0216,4.6,2014JJ00
GM0216,4.1,2015JJ00
GM0216,3.8,2016JJ00
GM0216,3.8,2017JJ00
GM0216,2.8,2018JJ00
GM0216,2.3,2019JJ00
GM0216,2.5,2020JJ00
GM0216,2.4,2021JJ00
GM0216,2.1,2022JJ00
GM0216,2.0,2023JJ00
GM0148,,2013JJ00
GM0148,4.2,2014JJ00
GM0148,,2015JJ00
GM0148,,2016JJ00
GM0148,3.5,2017JJ00
GM0148,4.0,2018JJ00
GM0148,,2019JJ00
GM0148,3.1,2020JJ00
GM0148,2.3,2021JJ00
GM0148,2.2,2022JJ00
GM0148,1.8,2023JJ00
GM1891,,2013JJ00
GM1891,,2014JJ00
GM1891,,2015JJ00
GM1891,,2016JJ00
GM1891,,2017JJ00
GM1891,,2018JJ00
GM1891,,2019JJ00
GM1891,,2020JJ00
GM1891,,2021JJ00
GM1891,,2022JJ00
GM1891,,2023JJ00
GM0503,4.7,2013JJ00
GM0503,5.1,2014JJ00
GM0503,4.2,2015JJ00
GM0503,4.0,2016JJ00
GM0503,3.8,2017JJ00
GM0503,3.1,2018JJ00
GM0503,2.7,2019JJ00
GM0503,3.0,2020JJ00
GM0503,3.7,2021JJ00
GM0503,3.1,2022JJ00
GM0503,3.0,2023JJ00
GM0762,,2013JJ00
GM0762,5.4,2014JJ00
GM0762,5.2,2015JJ00
GM0762,4.4,2016JJ00
GM0762,3.8,2017JJ00
GM0762,4.1,2018JJ00
GM0762,3.7,2019JJ00
GM0762,4.4,2020JJ00
GM0762,2.1,2021JJ00
GM0762,2.7,2022JJ00
GM0762,2.3,2023JJ00
GM0150,3.8,2013JJ00
GM0150,4.1,2014JJ00
GM0150,4.0,2015JJ00
GM0150,3.6,2016JJ00
GM0150,4.2,2017JJ00
GM0150,3.5,2018JJ00
GM0150,3.7,2019JJ00
GM0150,3.4,2020JJ00
GM0150,3.2,2021JJ00
GM0150,2.5,2022JJ00
GM0150,2.2,2023JJ00
GM0384,5.8,2013JJ00
GM0384,4.8,2014JJ00
GM0384,4.5,2015JJ00
GM0384,3.8,2016JJ00
GM0384,3.8,2017JJ00
GM0384,4.0,2018JJ00
GM0384,3.2,2019JJ00
GM0384,3.7,2020JJ00
GM0384,2.7,2021JJ00
GM0384,2.6,2022JJ00
GM0384,2.4,2023JJ00
GM1980,5.4,2013JJ00
GM1980,4.1,2014JJ00
GM1980,4.9,2015JJ00
GM1980,5.1,2016JJ00
GM1980,4.2,2017JJ00
GM1980,4.1,2018JJ00
GM1980,3.1,2019JJ00
GM1980,3.4,2020JJ00
GM1980,2.5,2021JJ00
GM1980,2.1,2022JJ00
GM1980,2.6,2023JJ00
GM1774,,2013JJ00
GM1774,,2014JJ00
GM1774,,2015JJ00
GM1774,,2016JJ00
GM1774,4.2,2017JJ00
GM1774,3.7,2018JJ00
GM1774,3.1,2019JJ00
GM1774,3.2,2020JJ00
GM1774,2.3,2021JJ00
GM1774,2.6,2022JJ00
GM1774,2.2,2023JJ00
GM0221,,2013JJ00
GM0221,,2014JJ00
GM0221,,2015JJ00
GM0221,,2016JJ00
GM0221,,2017JJ00
GM0221,,2018JJ00
GM0221,,2019JJ00
GM0221,,2020JJ00
GM0221,,2021JJ00
GM0221,,2022JJ00
GM0221,,2023JJ00
GM0222,5.4,2013JJ00
GM0222,5.0,2014JJ00
GM0222,5.4,2015JJ00
GM0222,5.2,2016JJ00
GM0222,4.4,2017JJ00
GM0222,3.8,2018JJ00
GM0222,3.2,2019JJ00
GM0222,3.0,2020JJ00
GM0222,3.0,2021JJ00
GM0222,3.1,2022JJ00
GM0222,3.1,2023JJ00
GM0766,,2013JJ00
GM0766,,2014JJ00
GM0766,,2015JJ00
GM0766,,2016JJ00
GM0766,,2017JJ00
GM0766,,2018JJ00
GM0766,,2019JJ00
GM0766,3.5,2020JJ00
GM0766,2.1,2021JJ00
GM0766,2.3,2022JJ00
GM0766,2.5,2023JJ00
GM0505,7.2,2013JJ00
GM0505,5.9,2014JJ00
GM0505,5.5,2015JJ00
GM0505,5.0,2016JJ00
GM0505,4.7,2017JJ00
GM0505,4.4,2018JJ00
GM0505,3.2,2019JJ00
GM0505,3.8,2020JJ00
GM0505,2.8,2021JJ00
GM0505,2.8,2022JJ00
GM0505,2.7,2023JJ00
GM0498,,2013JJ00
GM0498,,2014JJ00
GM0498,,2015JJ00
GM0498,,2016JJ00
GM0498,,2017JJ00
GM0498,,2018JJ00
GM0498,,2019JJ00
GM0498,,2020JJ00
GM0498,,2021JJ00
GM0498,,2022JJ00
GM0498,,2023JJ00
GM1719,,2013JJ00
GM1719,,2014JJ00
GM1719,,2015JJ00
GM1719,,2016JJ00
GM1719,,2017JJ00
GM1719,3.0,2018JJ00
GM1719,2.8,2019JJ00
GM1719,2.7,2020JJ00
GM1719,2.5,2021JJ00
GM1719,3.1,2022JJ00
GM1719,2.2,2023JJ00
GM0303,4.7,2013JJ00
GM0303,4.0,2014JJ00
GM0303,4.9,2015JJ00
GM0303,6.0,2016JJ00
GM0303,4.2,2017JJ00
GM0303,3.4,2018JJ00
GM0303,3.3,2019JJ00
GM0303,3.4,2020JJ00
GM0303,2.5,2021JJ00
GM0303,2.5,2022JJ00
GM0303,2.6,2023JJ00
GM0225,,2013JJ00
GM0225,,2014JJ00
GM0225,,2015JJ00
GM0225,,2016JJ00
GM0225,,2017JJ00
GM0225,,2018JJ00
GM0225,,2019JJ00
GM0225,,2020JJ00
GM0225,,2021JJ00
GM0225,,2022JJ00
GM0225,,2023JJ00
GM0226,4.6,2013JJ00
GM0226,,2014JJ00
GM0226,,2015JJ00
GM0226,4.8,2016JJ00
GM0226,3.4,2017JJ00
GM0226,3.3,2018JJ00
GM0226,2.9,2019JJ00
GM0226,3.1,2020JJ00
GM0226,3.0,2021JJ00
GM0226,3.1,2022JJ00
GM0226,2.6,2023JJ00
GM1711,5.4,2013JJ00
GM1711,4.5,2014JJ00
GM1711,5.1,2015JJ00
GM1711,3.6,2016JJ00
GM1711,3.2,2017JJ00
GM1711,4.2,2018JJ00
GM1711,2.7,2019JJ00
GM1711,3.6,2020JJ00
GM1711,2.0,2021JJ00
GM1711,2.5,2022JJ00
GM1711,2.7,2023JJ00
GM0385,,2013JJ00
GM0385,3.9,2014JJ00
GM0385,3.9,2015JJ00
GM0385,3.6,2016JJ00
GM0385,4.0,2017JJ00
GM0385,3.5,2018JJ00
GM0385,2.9,2019JJ00
GM0385,3.6,2020JJ00
GM0385,2.6,2021JJ00
GM0385,2.2,2022JJ00
GM0385,2.1,2023JJ00
GM0228,4.9,2013JJ00
GM0228,3.9,2014JJ00
GM0228,4.1,2015JJ00
GM0228,4.9,2016JJ00
GM0228,3.4,2017JJ00
GM0228,3.3,2018JJ00
GM0228,3.1,2019JJ00
GM0228,3.1,2020JJ00
GM0228,2.4,2021JJ00
GM0228,2.4,2022JJ00
GM0228,2.0,2023JJ00
GM0317,,2013JJ00
GM0317,,2014JJ00
GM0317,,2015JJ00
GM0317,,2016JJ00
GM0317,,2017JJ00
GM0317,,2018JJ00
GM0317,,2019JJ00
GM0317,,2020JJ00
GM0317,,2021JJ00
GM0317,,2022JJ00
GM0317,,2023JJ00
GM1979,8.7,2013JJ00
GM1979,8.0,2014JJ00
GM1979,7.5,2015JJ00
GM1979,7.3,2016JJ00
GM1979,6.0,2017JJ00
GM1979,5.4,2018JJ00
GM1979,5.0,2019JJ00
GM1979,5.8,2020JJ00
GM1979,4.4,2021JJ00
GM1979,3.6,2022JJ00
GM1979,3.5,2023JJ00
GM0770,,2013JJ00
GM0770,,2014JJ00
GM0770,,2015JJ00
GM0770,,2016JJ00
GM0770,,2017JJ00
GM0770,,2018JJ00
GM0770,,2019JJ00
GM0770,,2020JJ00
GM0770,,2021JJ00
GM0770,1.9,2022JJ00
GM0770,1.8,2023JJ00
GM1903,3.6,2013JJ00
GM1903,3.8,2014JJ00
GM1903,3.4,2015JJ00
GM1903,3.2,2016JJ00
GM1903,2.8,2017JJ00
GM1903,2.8,2018JJ00
GM1903,2.8,2019JJ00
GM1903,2.9,2020JJ00
GM1903,1.6,2021JJ00
GM1903,2.1,2022JJ00
GM1903,2.0,2023JJ00
GM0772,6.0,2013JJ00
GM0772,6.6,2014JJ00
GM0772,5.0,2015JJ00
GM0772,3.8,2016JJ00
GM0772,3.8,2017JJ00
GM0772,3.2,2018JJ00
GM0772,3.2,2019JJ00
GM0772,3.8,2020JJ00
GM0772,2.3,2021JJ00
GM0772,2.8,2022JJ00
GM0772,2.8,2023JJ00
GM0230,,2013JJ00
GM0230,,2014JJ00
GM0230,,2015JJ00
GM0230,,2016JJ00
GM0230,,2017JJ00
GM0230,,2018JJ00
GM0230,,2019JJ00
GM0230,,2020JJ00
GM0230,2.2,2021JJ00
GM0230,2.1,2022JJ00
GM0230,2.8,2023JJ00
GM0114,8.9,2013JJ00
GM0114,7.4,2014JJ00
GM0114,5.9,2015JJ00
GM0114,5.4,2016JJ00
GM0114,5.2,2017JJ00
GM0114,5.9,2018JJ00
GM0114,4.8,2019JJ00
GM0114,6.8,2020JJ00
GM0114,3.5,2021JJ00
GM0114,3.9,2022JJ00
GM0114,3.8,2023JJ00
GM0388,,2013JJ00
GM0388,,2014JJ00
GM0388,,2015JJ00
GM0388,,2016JJ00
GM0388,,2017JJ00
GM0388,,2018JJ00
GM0388,,2019JJ00
GM0388,,2020JJ00
GM0388,,2021JJ00
GM0388,,2022JJ00
GM0388,,2023JJ00
GM0153,6.4,2013JJ00
GM0153,5.5,2014JJ00
GM0153,5.5,2015JJ00
GM0153,6.5,2016JJ00
GM0153,6.0,2017JJ00
GM0153,4.2,2018JJ00
GM0153,4.2,2019JJ00
GM0153,4.5,2020JJ00
GM0153,3.6,2021JJ00
GM0153,3.1,2022JJ00
GM0153,3.6,2023JJ00
GM0232,5.2,2013JJ00
GM0232,5.5,2014JJ00
GM0232,5.3,2015JJ00
GM0232,4.3,2016JJ00
GM0232,6.0,2017JJ00
GM0232,4.2,2018JJ00
GM0232,4.0,2019JJ00
GM0232,3.6,2020JJ00
GM0232,2.9,2021JJ00
GM0232,2.8,2022JJ00
GM0232,2.2,2023JJ00
GM0233,3.8,2013JJ00
GM0233,,2014JJ00
GM0233,4.0,2015JJ00
GM0233,3.8,2016JJ00
GM0233,2.9,2017JJ00
GM0233,3.5,2018JJ00
GM0233,3.2,2019JJ00
GM0233,3.2,2020JJ00
GM0233,2.4,2021JJ00
GM0233,2.1,2022JJ00
GM0233,2.6,2023JJ00
GM0777,4.9,2013JJ00
GM0777,5.1,2014JJ00
GM0777,4.2,2015JJ00
GM0777,4.2,2016JJ00
GM0777,4.4,2017JJ00
GM0777,4.2,2018JJ00
GM0777,3.4,2019JJ00
GM0777,3.4,2020JJ00
GM0777,2.0,2021JJ00
GM0777,2.7,2022JJ00
GM0777,2.9,2023JJ00
GM1940,5.2,2013JJ00
GM1940,5.6,2014JJ00
GM1940,5.2,2015JJ00
GM1940,4.3,2016JJ00
GM1940,4.6,2017JJ00
GM1940,4.6,2018JJ00
GM1940,3.1,2019JJ00
GM1940,3.6,2020JJ00
GM1940,3.1,2021JJ00
GM1940,2.4,2022JJ00
GM1940,3.0,2023JJ00
GM0779,,2013JJ00
GM0779,,2014JJ00
GM0779,,2015JJ00
GM0779,,2016JJ00
GM0779,,2017JJ00
GM0779,,2018JJ00
GM0779,,2019JJ00
GM0779,,2020JJ00
GM0779,,2021JJ00
GM0779,,2022JJ00
GM0779,,2023JJ00
GM1771,4.8,2013JJ00
GM1771,4.6,2014JJ00
GM1771,4.8,2015JJ00
GM1771,4.8,2016JJ00
GM1771,3.6,2017JJ00
GM1771,3.9,2018JJ00
GM1771,3.6,2019JJ00
GM1771,3.2,2020JJ00
GM1771,2.6,2021JJ00
GM1771,2.2,2022JJ00
GM1771,2.4,2023JJ00
GM1652,,2013JJ00
GM1652,5.0,2014JJ00
GM1652,,2015JJ00
GM1652,,2016JJ00
GM1652,,2017JJ00
GM1652,,2018JJ00
GM1652,3.6,2019JJ00
GM1652,3.8,2020JJ00
GM1652,2.1,2021JJ00
GM1652,2.3,2022JJ00
GM1652,2.4,2023JJ00
GM0907,,2013JJ00
GM0907,,2014JJ00
GM0907,,2015JJ00
GM0907,,2016JJ00
GM0907,,2017JJ00
GM0907,,2018JJ00
GM0907,,2019JJ00
GM0907,,2020JJ00
GM0907,,2021JJ00
GM0907,,2022JJ00
GM0907,,2023JJ00
GM0784,4.9,2013JJ00
GM0784,4.3,2014JJ00
GM0784,5.3,2015JJ00
GM0784,4.2,2016JJ00
GM0784,3.4,2017JJ00
GM0784,3.5,2018JJ00
GM0784,3.5,2019JJ00
GM0784,3.4,2020JJ00
GM0784,,2021JJ00
GM0784,2.6,2022JJ00
GM0784,2.3,2023JJ00
GM1924,4.5,2013JJ00
GM1924,4.7,2014JJ00
GM1924,5.0,2015JJ00
GM1924,3.4,2016JJ00
GM1924,3.8,2017JJ00
GM1924,4.3,2018JJ00
GM1924,3.2,2019JJ00
GM1924,3.4,2020JJ00
GM1924,2.4,2021JJ00
GM1924,2.7,2022JJ00
GM1924,2.5,2023JJ00
GM0664,4.9,2013JJ00
GM0664,4.6,2014JJ00
GM0664,4.6,2015JJ00
GM0664,4.0,2016JJ00
GM0664,3.5,2017JJ00
GM0664,3.1,2018JJ00
GM0664,3.9,2019JJ00
GM0664,3.5,2020JJ00
GM0664,3.4,2021JJ00
GM0664,2.5,2022JJ00
GM0664,2.5,2023JJ00
GM0785,3.5,2013JJ00
GM0785,4.2,2014JJ00
GM0785,3.7,2015JJ00
GM0785,3.2,2016JJ00
GM0785,3.4,2017JJ00
GM0785,3.1,2018JJ00
GM0785,2.5,2019JJ00
GM0785,3.0,2020JJ00
GM0785,2.0,2021JJ00
GM0785,2.1,2022JJ00
GM0785,2.6,2023JJ00
GM1942,3.9,2013JJ00
GM1942,3.7,2014JJ00
GM1942,3.7,2015JJ00
GM1942,3.4,2016JJ00
GM1942,2.7,2017JJ00
GM1942,2.4,2018JJ00
GM1942,2.4,2019JJ00
GM1942,2.7,2020JJ00
GM1942,1.9,2021JJ00
GM1942,2.1,2022JJ00
GM1942,2.1,2023JJ00
GM0512,5.5,2013JJ00
GM0512,5.5,2014JJ00
GM0512,5.0,2015JJ00
GM0512,4.9,2016JJ00
GM0512,3.7,2017JJ00
GM0512,4.1,2018JJ00
GM0512,3.1,2019JJ00
GM0512,3.7,2020JJ00
GM0512,3.4,2021JJ00
GM0512,2.5,2022JJ00
GM0512,2.9,2023JJ00
GM0513,4.8,2013JJ00
GM0513,5.3,2014JJ00
GM0513,4.6,2015JJ00
GM0513,4.6,2016JJ00
GM0513,3.7,2017JJ00
GM0513,3.3,2018JJ00
GM0513,3.6,2019JJ00
GM0513,3.1,2020JJ00
GM0513,2.9,2021JJ00
GM0513,2.0,2022JJ00
GM0513,2.7,2023JJ00
GM0518,6.5,2013JJ00
GM0518,7.2,2014JJ00
GM0518,5.7,2015JJ00
GM0518,5.7,2016JJ00
GM0518,5.0,2017JJ00
GM0518,3.9,2018JJ00
GM0518,3.8,2019JJ00
GM0518,3.9,2020JJ00
GM0518,4.3,2021JJ00
GM0518,3.4,2022JJ00
GM0518,3.2,2023JJ00
GM0014,4.7,2013JJ00
GM0014,4.5,2014JJ00
GM0014,5.5,2015JJ00
GM0014,4.5,2016JJ00
GM0014,3.9,2017JJ00
GM0014,3.6,2018JJ00
GM0014,3.5,2019JJ00
GM0014,3.4,2020JJ00
GM0014,3.8,2021JJ00
GM0014,3.4,2022JJ00
GM0014,2.9,2023JJ00
GM1729,,2013JJ00
GM1729,,2014JJ00
GM1729,,2015JJ00
GM1729,,2016JJ00
GM1729,,2017JJ00
GM1729,,2018JJ00
GM1729,,2019JJ00
GM1729,,2020JJ00
GM1729,,2021JJ00
GM1729,,2022JJ00
GM1729,,2023JJ00
GM0158,,2013JJ00
GM0158,,2014JJ00
GM0158,,2015JJ00
GM0158,,2016JJ00
GM0158,,2017JJ00
GM0158,,2018JJ00
GM0158,,2019JJ00
GM0158,3.0,2020JJ00
GM0158,,2021JJ00
GM0158,,2022JJ00
GM0158,2.3,2023JJ00
GM0392,3.7,2013JJ00
GM0392,3.3,2014JJ00
GM0392,4.1,2015JJ00
GM0392,4.0,2016JJ00
GM0392,3.8,2017JJ00
GM0392,2.8,2018JJ00
GM0392,2.7,2019JJ00
GM0392,3.0,2020JJ00
GM0392,2.9,2021JJ00
GM0392,2.7,2022JJ00
GM0392,2.3,2023JJ00
GM0394,5.2,2013JJ00
GM0394,5.2,2014JJ00
GM0394,5.1,2015JJ00
GM0394,4.5,2016JJ00
GM0394,3.3,2017JJ00
GM0394,3.3,2018JJ00
GM0394,2.9,2019JJ00
GM0394,3.6,2020JJ00
GM0394,2.7,2021JJ00
GM0394,3.1,2022JJ00
GM0394,3.1,2023JJ00
GM1655,,2013JJ00
GM1655,,2014JJ00
GM1655,,2015JJ00
GM1655,4.4,2016JJ00
GM1655,4.0,2017JJ00
GM1655,3.5,2018JJ00
GM1655,3.4,2019JJ00
GM1655,3.5,2020JJ00
GM1655,2.3,2021JJ00
GM1655,2.9,2022JJ00
GM1655,3.0,2023JJ00
GM0160,5.9,2013JJ00
GM0160,6.1,2014JJ00
GM0160,7.1,2015JJ00
GM0160,7.1,2016JJ00
GM0160,5.9,2017JJ00
GM0160,4.7,2018JJ00
GM0160,5.3,2019JJ00
GM0160,5.3,2020JJ00
GM0160,3.5,2021JJ00
GM0160,3.7,2022JJ00
GM0160,2.5,2023JJ00
GM0243,4.3,2013JJ00
GM0243,5.1,2014JJ00
GM0243,5.0,2015JJ00
GM0243,5.0,2016JJ00
GM0243,4.3,2017JJ00
GM0243,3.9,2018JJ00
GM0243,3.4,2019JJ00
GM0243,3.1,2020JJ00
GM0243,2.5,2021JJ00
GM0243,2.3,2022JJ00
GM0243,2.6,2023JJ00
GM0523,,2013JJ00
GM0523,,2014JJ00
GM0523,,2015JJ00
GM0523,,2016JJ00
GM0523,,2017JJ00
GM0523,,2018JJ00
GM0523,,2019JJ00
GM0523,,2020JJ00
GM0523,,2021JJ00
GM0523,,2022JJ00
GM0523,,2023JJ00
GM0072,,2013JJ00
GM0072,,2014JJ00
GM0072,,2015JJ00
GM0072,,2016JJ00
GM0072,,2017JJ00
GM0072,,2018JJ00
GM0072,,2019JJ00
GM0072,,2020JJ00
GM0072,,2021JJ00
GM0072,,2022JJ00
GM0072,,2023JJ00
GM0244,,2013JJ00
GM0244,,2014JJ00
GM0244,,2015JJ00
GM0244,,2016JJ00
GM0244,,2017JJ00
GM0244,,2018JJ00
GM0244,,2019JJ00
GM0244,,2020JJ00
GM0244,,2021JJ00
GM0244,,2022JJ00
GM0244,,2023JJ00
GM0396,6.2,2013JJ00
GM0396,4.9,2014JJ00
GM0396,4.8,2015JJ00
GM0396,4.8,2016JJ00
GM0396,4.3,2017JJ00
GM0396,3.4,2018JJ00
GM0396,3.8,2019JJ00
GM0396,3.8,2020JJ00
GM0396,2.9,2021JJ00
GM0396,2.4,2022JJ00
GM0396,2.8,2023JJ00
GM0397,3.5,2013JJ00
GM0397,3.4,2014JJ00
GM0397,3.4,2015JJ00
GM0397,3.0,2016JJ00
GM0397,3.1,2017JJ00
GM0397,2.3,2018JJ00
GM0397,1.8,2019JJ00
GM0397,2.2,2020JJ00
GM0397,1.8,2021JJ00
GM0397,1.8,2022JJ00
GM0397,1.9,2023JJ00
GM0246,,2013JJ00
GM0246,,2014JJ00
GM0246,,2015JJ00
GM0246,,2016JJ00
GM0246,,2017JJ00
GM0246,,2018JJ00
GM0246,,2019JJ00
GM0246,,2020JJ00
GM0246,,2021JJ00
GM0246,,2022JJ00
GM0246,,2023JJ00
GM0074,5.2,2013JJ00
GM0074,5.8,2014JJ00
GM0074,5.4,2015JJ00
GM0074,5.2,2016JJ00
GM0074,5.5,2017JJ00
GM0074,3.9,2018JJ00
GM0074,3.8,2019JJ00
GM0074,4.0,2020JJ00
GM0074,3.0,2021JJ00
GM0074,2.7,2022JJ00
GM0074,2.6,2023JJ00
GM0917,7.0,2013JJ00
GM0917,8.4,2014JJ00
GM0917,8.0,2015JJ00
GM0917,7.0,2016JJ00
GM0917,6.5,2017JJ00
GM0917,5.0,2018JJ00
GM0917,6.1,2019JJ00
GM0917,5.2,2020JJ00
GM0917,3.4,2021JJ00
GM0917,2.7,2022JJ00
GM0917,4.3,2023JJ00
GM1658,,2013JJ00
GM1658,,2014JJ00
GM1658,,2015JJ00
GM1658,,2016JJ00
GM1658,,2017JJ00
GM1658,,2018JJ00
GM1658,,2019JJ00
GM1658,,2020JJ00
GM1658,,2021JJ00
GM1658,,2022JJ00
GM1658,2.2,2023JJ00
GM0399,3.6,2013JJ00
GM0399,3.4,2014JJ00
GM0399,3.4,2015JJ00
GM0399,3.5,2016JJ00
GM0399,3.1,2017JJ00
GM0399,2.8,2018JJ00
GM0399,2.9,2019JJ00
GM0399,2.6,2020JJ00
GM0399,2.3,2021JJ00
GM0399,2.0,2022JJ00
GM0399,1.9,2023JJ00
GM0400,7.9,2013JJ00
GM0400,7.1,2014JJ00
GM0400,7.6,2015JJ00
GM0400,6.4,2016JJ00
GM0400,6.3,2017JJ00
GM0400,7.7,2018JJ00
GM0400,5.6,2019JJ00
GM0400,5.7,2020JJ00
GM0400,4.6,2021JJ00
GM0400,4.0,2022JJ00
GM0400,3.9,2023JJ00
GM0163,5.0,2013JJ00
GM0163,4.9,2014JJ00
GM0163,5.4,2015JJ00
GM0163,5.6,2016JJ00
GM0163,4.5,2017JJ00
GM0163,4.3,2018JJ00
GM0163,3.3,2019JJ00
GM0163,3.2,2020JJ00
GM0163,2.4,2021JJ00
GM0163,2.3,2022JJ00
GM0163,2.2,2023JJ00
GM0794,5.9,2013JJ00
GM0794,6.6,2014JJ00
GM0794,6.3,2015JJ00
GM0794,5.1,2016JJ00
GM0794,4.7,2017JJ00
GM0794,4.5,2018JJ00
GM0794,4.3,2019JJ00
GM0794,5.5,2020JJ00
GM0794,2.6,2021JJ00
GM0794,2.8,2022JJ00
GM0794,3.2,2023JJ00
GM0531,,2013JJ00
GM0531,3.5,2014JJ00
GM0531,3.4,2015JJ00
GM0531,3.6,2016JJ00
GM0531,3.8,2017JJ00
GM0531,3.9,2018JJ00
GM0531,2.6,2019JJ00
GM0531,2.7,2020JJ00
GM0531,2.2,2021JJ00
GM0531,2.0,2022JJ00
GM0531,2.3,2023JJ00
GM0164,4.9,2013JJ00
GM0164,5.2,2014JJ00
GM0164,6.2,2015JJ00
GM0164,6.3,2016JJ00
GM0164,4.0,2017JJ00
GM0164,4.1,2018JJ00
GM0164,3.2,2019JJ00
GM0164,3.6,2020JJ00
GM0164,3.0,2021JJ00
GM0164,2.4,2022JJ00
GM0164,2.6,2023JJ00
GM0796,4.1,2013JJ00
GM0796,5.0,2014JJ00
GM0796,4.9,2015JJ00
GM0796,3.6,2016JJ00
GM0796,2.8,2017JJ00
GM0796,2.8,2018JJ00
GM0796,3.0,2019JJ00
GM0796,3.4,2020JJ00
GM0796,1.5,2021JJ00
GM0796,2.1,2022JJ00
GM0796,2.4,2023JJ00
GM0252,,2013JJ00
GM0252,,2014JJ00
GM0252,,2015JJ00
GM0252,,2016JJ00
GM0252,,2017JJ00
GM0252,,2018JJ00
GM0252,2.4,2019JJ00
GM0252,,2020JJ00
GM0252,,2021JJ00
GM0252,2.2,2022JJ00
GM0252,2.0,2023JJ00
GM0797,4.8,2013JJ00
GM0797,4.4,2014JJ00
GM0797,4.7,2015JJ00
GM0797,5.2,2016JJ00
GM0797,3.3,2017JJ00
GM0797,3.5,2018JJ00
GM0797,3.2,2019JJ00
GM0797,3.3,2020JJ00
GM0797,2.4,2021JJ00
GM0797,2.2,2022JJ00
GM0797,2.6,2023JJ00
GM0534,,2013JJ00
GM0534,,2014JJ00
GM0534,,2015JJ00
GM0534,,2016JJ00
GM0534,,2017JJ00
GM0534,,2018JJ00
GM0534,3.0,2019JJ00
GM0534,3.4,2020JJ00
GM0534,2.7,2021JJ00
GM0534,2.5,2022JJ00
GM0534,2.4,2023JJ00
GM0798,,2013JJ00
GM0798,,2014JJ00
GM0798,,2015JJ00
GM0798,,2016JJ00
GM0798,,2017JJ00
GM0798,,2018JJ00
GM0798,,2019JJ00
GM0798,,2020JJ00
GM0798,,2021JJ00
GM0798,,2022JJ00
GM0798,,2023JJ00
GM0402,4.5,2013JJ00
GM0402,4.6,2014JJ00
GM0402,4.3,2015JJ00
GM0402,3.9,2016JJ00
GM0402,3.7,2017JJ00
GM0402,3.6,2018JJ00
GM0402,3.0,2019JJ00
GM0402,3.1,2020JJ00
GM0402,3.4,2021JJ00
GM0402,1.9,2022JJ00
GM0402,2.4,2023JJ00
GM1963,3.9,2013JJ00
GM1963,4.0,2014JJ00
GM1963,3.9,2015JJ00
GM1963,4.0,2016JJ00
GM1963,3.3,2017JJ00
GM1963,3.4,2018JJ00
GM1963,3.3,2019JJ00
GM1963,3.6,2020JJ00
GM1963,2.3,2021JJ00
GM1963,2.3,2022JJ00
GM1963,2.8,2023JJ00
GM1735,4.4,2013JJ00
GM1735,4.9,2014JJ00
GM1735,4.8,2015JJ00
GM1735,2.9,2016JJ00
GM1735,4.0,2017JJ00
GM1735,4.4,2018JJ00
GM1735,4.3,2019JJ00
GM1735,3.4,2020JJ00
GM1735,2.1,2021JJ00
GM1735,2.1,2022JJ00
GM1735,2.1,2023JJ00
GM1966,5.9,2013JJ00
GM1966,5.4,2014JJ00
GM1966,5.7,2015JJ00
GM1966,4.8,2016JJ00
GM1966,4.2,2017JJ00
GM1966,4.3,2018JJ00
GM1966,3.7,2019JJ00
GM1966,3.9,2020JJ00
GM1966,3.1,2021JJ00
GM1966,2.8,2022JJ00
GM1966,3.2,2023JJ00
GM1911,4.9,2013JJ00
GM1911,5.1,2014JJ00
GM1911,5.7,2015JJ00
GM1911,4.4,2016JJ00
GM1911,5.2,2017JJ00
GM1911,3.9,2018JJ00
GM1911,3.7,2019JJ00
GM1911,4.5,2020JJ00
GM1911,2.7,2021JJ00
GM1911,2.4,2022JJ00
GM1911,2.8,2023JJ00
GM0118,8.3,2013JJ00
GM0118,8.0,2014JJ00
GM0118,7.8,2015JJ00
GM0118,7.2,2016JJ00
GM0118,4.7,2017JJ00
GM0118,5.3,2018JJ00
GM0118,4.3,2019JJ00
GM0118,4.9,2020JJ00
GM0118,2.6,2021JJ00
GM0118,2.9,2022JJ00
GM0118,3.1,2023JJ00
GM0405,6.0,2013JJ00
GM0405,5.3,2014JJ00
GM0405,4.7,2015JJ00
GM0405,4.0,2016JJ00
GM0405,4.6,2017JJ00
GM0405,4.2,2018JJ00
GM0405,3.5,2019JJ00
GM0405,3.5,2020JJ00
GM0405,3.0,2021JJ00
GM0405,2.6,2022JJ00
GM0405,2.6,2023JJ00
GM1507,5.8,2013JJ00
GM1507,4.8,2014JJ00
GM1507,5.0,2015JJ00
GM1507,3.6,2016JJ00
GM1507,3.2,2017JJ00
GM1507,3.3,2018JJ00
GM1507,3.4,2019JJ00
GM1507,3.7,2020JJ00
GM1507,2.0,2021JJ00
GM1507,2.4,2022JJ00
GM1507,2.4,2023JJ00
GM0321,3.8,2013JJ00
GM0321,2.9,2014JJ00
GM0321,3.4,2015JJ00
GM0321,3.4,2016JJ00
GM0321,2.9,2017JJ00
GM0321,2.4,2018JJ00
GM0321,1.9,2019JJ00
GM0321,2.3,2020JJ00
GM0321,1.7,2021JJ00
GM0321,1.8,2022JJ00
GM0321,1.6,2023JJ00
GM0406,5.9,2013JJ00
GM0406,5.0,2014JJ00
GM0406,4.9,2015JJ00
GM0406,4.6,2016JJ00
GM0406,3.5,2017JJ00
GM0406,3.7,2018JJ00
GM0406,2.9,2019JJ00
GM0406,3.4,2020JJ00
GM0406,2.9,2021JJ00
GM0406,2.7,2022JJ00
GM0406,2.8,2023JJ00
GM0677,,2013JJ00
GM0677,,2014JJ00
GM0677,,2015JJ00
GM0677,4.1,2016JJ00
GM0677,,2017JJ00
GM0677,4.4,2018JJ00
GM0677,,2019JJ00
GM0677,,2020JJ00
GM0677,,2021JJ00
GM0677,2.7,2022JJ00
GM0677,2.6,2023JJ00
GM0353,5.4,2013JJ00
GM0353,4.1,2014JJ00
GM0353,3.8,2015JJ00
GM0353,3.3,2016JJ00
GM0353,3.9,2017JJ00
GM0353,3.7,2018JJ00
GM0353,2.7,2019JJ00
GM0353,2.9,2020JJ00
GM0353,2.3,2021JJ00
GM0353,2.0,2022JJ00
GM0353,2.4,2023JJ00
GM1884,,2013JJ00
GM1884,4.1,2014JJ00
GM1884,4.0,2015JJ00
GM1884,4.0,2016JJ00
GM1884,,2017JJ00
GM1884,3.8,2018JJ00
GM1884,3.3,2019JJ00
GM1884,3.5,2020JJ00
GM1884,3.5,2021JJ00
GM1884,2.5,2022JJ00
GM1884,2.6,2023JJ00
GM0166,3.8,2013JJ00
GM0166,5.3,2014JJ00
GM0166,4.5,2015JJ00
GM0166,4.4,2016JJ00
GM0166,3.7,2017JJ00
GM0166,3.7,2018JJ00
GM0166,3.5,2019JJ00
GM0166,3.1,2020JJ00
GM0166,2.8,2021JJ00
GM0166,2.6,2022JJ00
GM0166,2.4,2023JJ00
GM0678,,2013JJ00
GM0678,,2014JJ00
GM0678,,2015JJ00
GM0678,,2016JJ00
GM0678,,2017JJ00
GM0678,,2018JJ00
GM0678,,2019JJ00
GM0678,,2020JJ00
GM0678,,2021JJ00
GM0678,,2022JJ00
GM0678,,2023JJ00
GM0537,5.4,2013JJ00
GM0537,4.8,2014JJ00
GM0537,5.0,2015JJ00
GM0537,4.3,2016JJ00
GM0537,4.3,2017JJ00
GM0537,4.0,2018JJ00
GM0537,3.2,2019JJ00
GM0537,3.8,2020JJ00
GM0537,2.5,2021JJ00
GM0537,2.2,2022JJ00
GM0537,2.4,2023JJ00
GM0928,8.4,2013JJ00
GM0928,8.6,2014JJ00
GM0928,9.8,2015JJ00
GM0928,7.7,2016JJ00
GM0928,7.2,2017JJ00
GM0928,6.3,2018JJ00
GM0928,5.7,2019JJ00
GM0928,6.3,2020JJ00
GM0928,3.4,2021JJ00
GM0928,4.4,2022JJ00
GM0928,4.3,2023JJ00
GM1598,,2013JJ00
GM1598,,2014JJ00
GM1598,,2015JJ00
GM1598,,2016JJ00
GM1598,,2017JJ00
GM1598,,2018JJ00
GM1598,,2019JJ00
GM1598,,2020JJ00
GM1598,1.9,2021JJ00
GM1598,2.2,2022JJ00
GM1598,2.9,2023JJ00
GM0542,5.3,2013JJ00
GM0542,5.1,2014JJ00
GM0542,4.6,2015JJ00
GM0542,3.8,2016JJ00
GM0542,4.2,2017JJ00
GM0542,3.1,2018JJ00
GM0542,3.2,2019JJ00
GM0542,3.6,2020JJ00
GM0542,3.1,2021JJ00
GM0542,2.7,2022JJ00
GM0542,2.4,2023JJ00
GM1931,4.7,2013JJ00
GM1931,4.2,2014JJ00
GM1931,3.8,2015JJ00
GM1931,4.3,2016JJ00
GM1931,3.8,2017JJ00
GM1931,3.3,2018JJ00
GM1931,3.2,2019JJ00
GM1931,3.2,2020JJ00
GM1931,2.6,2021JJ00
GM1931,2.4,2022JJ00
GM1931,2.1,2023JJ00
GM1659,,2013JJ00
GM1659,,2014JJ00
GM1659,,2015JJ00
GM1659,,2016JJ00
GM1659,,2017JJ00
GM1659,,2018JJ00
GM1659,3.0,2019JJ00
GM1659,,2020JJ00
GM1659,2.2,2021JJ00
GM1659,2.3,2022JJ00
GM1659,2.4,2023JJ00
GM1982,5.1,2013JJ00
GM1982,5.2,2014JJ00
GM1982,4.8,2015JJ00
GM1982,4.3,2016JJ00
GM1982,4.2,2017JJ00
GM1982,4.2,2018JJ00
GM1982,3.1,2019JJ00
GM1982,3.5,2020JJ00
GM1982,2.3,2021JJ00
GM1982,2.1,2022JJ00
GM1982,2.3,2023JJ00
GM0882,7.5,2013JJ00
GM0882,7.0,2014JJ00
GM0882,6.2,2015JJ00
GM0882,6.4,2016JJ00
GM0882,5.0,2017JJ00
GM0882,5.2,2018JJ00
GM0882,4.6,2019JJ00
GM0882,4.8,2020JJ00
GM0882,3.5,2021JJ00
GM0882,4.3,2022JJ00
GM0882,4.1,2023JJ00
GM0415,,2013JJ00
GM0415,,2014JJ00
GM0415,,2015JJ00
GM0415,,2016JJ00
GM0415,,2017JJ00
GM0415,,2018JJ00
GM0415,,2019JJ00
GM0415,,2020JJ00
GM0415,,2021JJ00
GM0415,,2022JJ00
GM0415,,2023JJ00
GM1621,3.1,2013JJ00
GM1621,3.0,2014JJ00
GM1621,3.2,2015JJ00
GM1621,3.3,2016JJ00
GM1621,2.8,2017JJ00
GM1621,2.5,2018JJ00
GM1621,2.4,2019JJ00
GM1621,2.6,2020JJ00
GM1621,2.7,2021JJ00
GM1621,2.2,2022JJ00
GM1621,1.7,2023JJ00
GM0417,,2013JJ00
GM0417,,2014JJ00
GM0417,,2015JJ00
GM0417,,2016JJ00
GM0417,,2017JJ00
GM0417,,2018JJ00
GM0417,,2019JJ00
GM0417,,2020JJ00
GM0417,,2021JJ00
GM0417,,2022JJ00
GM0417,,2023JJ00
GM0080,5.7,2013JJ00
GM0080,6.7,2014JJ00
GM0080,6.6,2015JJ00
GM0080,4.6,2016JJ00
GM0080,5.1,2017JJ00
GM0080,4.3,2018JJ00
GM0080,4.1,2019JJ00
GM0080,3.9,2020JJ00
GM0080,3.8,2021JJ00
GM0080,3.0,2022JJ00
GM0080,3.0,2023JJ00
GM0546,3.8,2013JJ00
GM0546,3.7,2014JJ00
GM0546,4.1,2015JJ00
GM0546,4.1,2016JJ00
GM0546,3.6,2017JJ00
GM0546,3.2,2018JJ00
GM0546,3.1,2019JJ00
GM0546,2.6,2020JJ00
GM0546,2.7,2021JJ00
GM0546,2.9,2022JJ00
GM0546,2.7,2023JJ00
GM0547,3.7,2013JJ00
GM0547,3.0,2014JJ00
GM0547,2.9,2015JJ00
GM0547,3.1,2016JJ00
GM0547,3.4,2017JJ00
GM0547,2.8,2018JJ00
GM0547,2.4,2019JJ00
GM0547,2.4,2020JJ00
GM0547,2.7,2021JJ00
GM0547,2.4,2022JJ00
GM0547,2.1,2023JJ00
GM1916,4.6,2013JJ00
GM1916,3.9,2014JJ00
GM1916,3.6,2015JJ00
GM1916,4.1,2016JJ00
GM1916,3.2,2017JJ00
GM1916,2.9,2018JJ00
GM1916,3.0,2019JJ00
GM1916,3.4,2020JJ00
GM1916,2.3,2021JJ00
GM1916,2.3,2022JJ00
GM1916,2.3,2023JJ00
GM0995,7.5,2013JJ00
GM0995,8.5,2014JJ00
GM0995,5.8,2015JJ00
GM0995,5.1,2016JJ00
GM0995,5.1,2017JJ00
GM0995,4.8,2018JJ00
GM0995,4.6,2019JJ00
GM0995,4.2,2020JJ00
GM0995,3.4,2021JJ00
GM0995,3.1,2022JJ00
GM0995,2.9,2023JJ00
GM1640,3.8,2013JJ00
GM1640,4.0,2014JJ00
GM1640,4.0,2015JJ00
GM1640,4.6,2016JJ00
GM1640,4.2,2017JJ00
GM1640,3.8,2018JJ00
GM1640,3.2,2019JJ00
GM1640,3.8,2020JJ00
GM1640,2.1,2021JJ00
GM1640,2.4,2022JJ00
GM1640,2.9,2023JJ00
GM0327,4.0,2013JJ00
GM0327,3.8,2014JJ00
GM0327,4.1,2015JJ00
GM0327,3.7,2016JJ00
GM0327,3.3,2017JJ00
GM0327,2.6,2018JJ00
GM0327,2.5,2019JJ00
GM0327,2.6,2020JJ00
GM0327,1.9,2021JJ00
GM0327,2.2,2022JJ00
GM0327,2.3,2023JJ00
GM1705,4.8,2013JJ00
GM1705,4.1,2014JJ00
GM1705,3.8,2015JJ00
GM1705,4.0,2016JJ00
GM1705,3.7,2017JJ00
GM1705,3.7,2018JJ00
GM1705,2.9,2019JJ00
GM1705,3.1,2020JJ00
GM1705,2.2,2021JJ00
GM1705,2.4,2022JJ00
GM1705,1.9,2023JJ00
GM0553,,2013JJ00
GM0553,,2014JJ00
GM0553,,2015JJ00
GM0553,,2016JJ00
GM0553,,2017JJ00
GM0553,3.3,2018JJ00
GM0553,2.9,2019JJ00
GM0553,3.0,2020JJ00
GM0553,2.9,2021JJ00
GM0553,2.8,2022JJ00
GM0553,2.3,2023JJ00
GM0262,4.1,2013JJ00
GM0262,5.0,2014JJ00
GM0262,3.6,2015JJ00
GM0262,4.2,2016JJ00
GM0262,2.8,2017JJ00
GM0262,2.5,2018JJ00
GM0262,2.5,2019JJ00
GM0262,3.5,2020JJ00
GM0262,2.4,2021JJ00
GM0262,2.3,2022JJ00
GM0262,2.7,2023JJ00
GM0809,,2013JJ00
GM0809,,2014JJ00
GM0809,,2015JJ00
GM0809,,2016JJ00
GM0809,,2017JJ00
GM0809,3.2,2018JJ00
GM0809,,2019JJ00
GM0809,,2020JJ00
GM0809,,2021JJ00
GM0809,2.3,2022JJ00
GM0809,2.2,2023JJ00
GM0331,,2013JJ00
GM0331,,2014JJ00
GM0331,,2015JJ00
GM0331,,2016JJ00
GM0331,,2017JJ00
GM0331,,2018JJ00
GM0331,,2019JJ00
GM0331,,2020JJ00
GM0331,,2021JJ00
GM0331,,2022JJ00
GM0331,,2023JJ00
GM0168,,2013JJ00
GM0168,,2014JJ00
GM0168,,2015JJ00
GM0168,,2016JJ00
GM0168,,2017JJ00
GM0168,,2018JJ00
GM0168,,2019JJ00
GM0168,,2020JJ00
GM0168,2.9,2021JJ00
GM0168,,2022JJ00
GM0168,2.2,2023JJ00
GM0263,,2013JJ00
GM0263,,2014JJ00
GM0263,,2015JJ00
GM0263,,2016JJ00
GM0263,,2017JJ00
GM0263,3.4,2018JJ00
GM0263,,2019JJ00
GM0263,,2020JJ00
GM0263,2.5,2021JJ00
GM0263,2.3,2022JJ00
GM0263,2.9,2023JJ00
GM1641,,2013JJ00
GM1641,,2014JJ00
GM1641,,2015JJ00
GM1641,,2016JJ00
GM1641,3.6,2017JJ00
GM1641,3.3,2018JJ00
GM1641,3.0,2019JJ00
GM1641,2.8,2020JJ00
GM1641,2.5,2021JJ00
GM1641,2.9,2022JJ00
GM1641,2.6,2023JJ00
GM1991,4.5,2013JJ00
GM1991,4.3,2014JJ00
GM1991,4.0,2015JJ00
GM1991,4.1,2016JJ00
GM1991,3.9,2017JJ00
GM1991,3.7,2018JJ00
GM1991,4.1,2019JJ00
GM1991,4.0,2020JJ00
GM1991,2.1,2021JJ00
GM1991,2.2,2022JJ00
GM1991,2.5,2023JJ00
GM0556,,2013JJ00
GM0556,5.7,2014JJ00
GM0556,6.4,2015JJ00
GM0556,,2016JJ00
GM0556,5.0,2017JJ00
GM0556,4.6,2018JJ00
GM0556,3.7,2019JJ00
GM0556,4.3,2020JJ00
GM0556,3.5,2021JJ00
GM0556,3.0,2022JJ00
GM0556,3.0,2023JJ00
GM0935,4.9,2013JJ00
GM0935,5.1,2014JJ00
GM0935,5.1,2015JJ00
GM0935,3.4,2016JJ00
GM0935,3.9,2017JJ00
GM0935,3.4,2018JJ00
GM0935,3.6,2019JJ00
GM0935,4.0,2020JJ00
GM0935,2.7,2021JJ00
GM0935,3.3,2022JJ00
GM0935,3.0,2023JJ00
GM0420,6.9,2013JJ00
GM0420,5.5,2014JJ00
GM0420,4.8,2015JJ00
GM0420,4.2,2016JJ00
GM0420,4.6,2017JJ00
GM0420,4.0,2018JJ00
GM0420,3.7,2019JJ00
GM0420,4.0,2020JJ00
GM0420,2.2,2021JJ00
GM0420,2.8,2022JJ00
GM0420,3.6,2023JJ00
GM0938,,2013JJ00
GM0938,,2014JJ00
GM0938,,2015JJ00
GM0938,,2016JJ00
GM0938,,2017JJ00
GM0938,,2018JJ00
GM0938,,2019JJ00
GM0938,,2020JJ00
GM0938,1.9,2021JJ00
GM0938,2.1,2022JJ00
GM0938,,2023JJ00
GM1948,4.9,2013JJ00
GM1948,4.9,2014JJ00
GM1948,4.2,2015JJ00
GM1948,4.1,2016JJ00
GM1948,4.0,2017JJ00
GM1948,3.8,2018JJ00
GM1948,3.7,2019JJ00
GM1948,3.5,2020JJ00
GM1948,1.9,2021JJ00
GM1948,2.8,2022JJ00
GM1948,2.9,2023JJ00
GM0119,5.1,2013JJ00
GM0119,5.6,2014JJ00
GM0119,5.6,2015JJ00
GM0119,4.7,2016JJ00
GM0119,3.1,2017JJ00
GM0119,3.0,2018JJ00
GM0119,2.5,2019JJ00
GM0119,3.9,2020JJ00
GM0119,3.1,2021JJ00
GM0119,2.9,2022JJ00
GM0119,2.4,2023JJ00
GM0687,5.1,2013JJ00
GM0687,3.5,2014JJ00
GM0687,4.2,2015JJ00
GM0687,3.4,2016JJ00
GM0687,3.3,2017JJ00
GM0687,4.5,2018JJ00
GM0687,3.7,2019JJ00
GM0687,2.7,2020JJ00
GM0687,4.2,2021JJ00
GM0687,2.4,2022JJ00
GM0687,2.3,2023JJ00
GM1842,,2013JJ00
GM1842,2.5,2014JJ00
GM1842,,2015JJ00
GM1842,,2016JJ00
GM1842,,2017JJ00
GM1842,,2018JJ00
GM1842,2.4,2019JJ00
GM1842,2.4,2020JJ00
GM1842,1.7,2021JJ00
GM1842,1.8,2022JJ00
GM1842,1.9,2023JJ00
GM1731,5.8,2013JJ00
GM1731,5.3,2014JJ00
GM1731,4.4,2015JJ00
GM1731,4.1,2016JJ00
GM1731,3.4,2017JJ00
GM1731,3.4,2018JJ00
GM1731,3.3,2019JJ00
GM1731,3.2,2020JJ00
GM1731,2.1,2021JJ00
GM1731,2.7,2022JJ00
GM1731,2.8,2023JJ00
GM1952,8.6,2013JJ00
GM1952,7.9,2014JJ00
GM1952,6.2,2015JJ00
GM1952,5.8,2016JJ00
GM1952,5.5,2017JJ00
GM1952,4.5,2018JJ00
GM1952,4.9,2019JJ00
GM1952,4.5,2020JJ00
GM1952,4.6,2021JJ00
GM1952,3.3,2022JJ00
GM1952,2.9,2023JJ00
GM1709,5.6,2013JJ00
GM1709,4.9,2014JJ00
GM1709,4.9,2015JJ00
GM1709,4.8,2016JJ00
GM1709,3.8,2017JJ00
GM1709,4.2,2018JJ00
GM1709,3.6,2019JJ00
GM1709,4.1,2020JJ00
GM1709,2.3,2021JJ00
GM1709,2.6,2022JJ00
GM1709,2.5,2023JJ00
GM1978,,2013JJ00
GM1978,4.2,2014JJ00
GM1978,3.8,2015JJ00
GM1978,4.0,2016JJ00
GM1978,3.2,2017JJ00
GM1978,3.4,2018JJ00
GM1978,3.3,2019JJ00
GM1978,3.6,2020JJ00
GM1978,2.4,2021JJ00
GM1978,2.3,2022JJ00
GM1978,2.8,2023JJ00
GM1955,6.5,2013JJ00
GM1955,,2014JJ00
GM1955,,2015JJ00
GM1955,5.9,2016JJ00
GM1955,5.7,2017JJ00
GM1955,4.2,2018JJ00
GM1955,3.1,2019JJ00
GM1955,4.4,2020JJ00
GM1955,2.6,2021JJ00
GM1955,3.0,2022JJ00
GM1955,2.7,2023JJ00
GM0335,,2013JJ00
GM0335,,2014JJ00
GM0335,,2015JJ00
GM0335,,2016JJ00
GM0335,,2017JJ00
GM0335,,2018JJ00
GM0335,,2019JJ00
GM0335,,2020JJ00
GM0335,,2021JJ00
GM0335,,2022JJ00
GM0335,,2023JJ00
GM0944,,2013JJ00
GM0944,,2014JJ00
GM0944,,2015JJ00
GM0944,,2016JJ00
GM0944,,2017JJ00
GM0944,,2018JJ00
GM0944,,2019JJ00
GM0944,,2020JJ00
GM0944,,2021JJ00
GM0944,,2022JJ00
GM0944,,2023JJ00
GM1740,,2013JJ00
GM1740,,2014JJ00
GM1740,,2015JJ00
GM1740,,2016JJ00
GM1740,,2017JJ00
GM1740,,2018JJ00
GM1740,,2019JJ00
GM1740,,2020JJ00
GM1740,2.3,2021JJ00
GM1740,2.7,2022JJ00
GM1740,,2023JJ00
GM0946,,2013JJ00
GM0946,,2014JJ00
GM0946,,2015JJ00
GM0946,,2016JJ00
GM0946,,2017JJ00
GM0946,,2018JJ00
GM0946,,2019JJ00
GM0946,,2020JJ00
GM0946,,2021JJ00
GM0946,,2022JJ00
GM0946,,2023JJ00
GM0356,6.0,2013JJ00
GM0356,4.7,2014JJ00
GM0356,5.2,2015JJ00
GM0356,5.2,2016JJ00
GM0356,4.6,2017JJ00
GM0356,4.2,2018JJ00
GM0356,2.7,2019JJ00
GM0356,3.9,2020JJ00
GM0356,2.5,2021JJ00
GM0356,2.8,2022JJ00
GM0356,2.5,2023JJ00
GM0569,,2013JJ00
GM0569,,2014JJ00
GM0569,3.8,2015JJ00
GM0569,,2016JJ00
GM0569,3.7,2017JJ00
GM0569,3.3,2018JJ00
GM0569,2.9,2019JJ00
GM0569,3.2,2020JJ00
GM0569,2.3,2021JJ00
GM0569,2.2,2022JJ00
GM0569,3.2,2023JJ00
GM0267,5.1,2013JJ00
GM0267,4.6,2014JJ00
GM0267,4.0,2015JJ00
GM0267,4.4,2016JJ00
GM0267,3.5,2017JJ00
GM0267,3.9,2018JJ00
GM0267,3.2,2019JJ00
GM0267,3.0,2020JJ00
GM0267,2.2,2021JJ00
GM0267,2.0,2022JJ00
GM0267,2.0,2023JJ00
GM0268,4.8,2013JJ00
GM0268,4.5,2014JJ00
GM0268,4.7,2015JJ00
GM0268,4.9,2016JJ00
GM0268,2.9,2017JJ00
GM0268,3.6,2018JJ00
GM0268,2.9,2019JJ00
GM0268,2.9,2020JJ00
GM0268,2.9,2021JJ00
GM0268,2.8,2022JJ00
GM0268,2.6,2023JJ00
GM1930,5.7,2013JJ00
GM1930,6.2,2014JJ00
GM1930,6.1,2015JJ00
GM1930,6.0,2016JJ00
GM1930,5.7,2017JJ00
GM1930,5.8,2018JJ00
GM1930,5.6,2019JJ00
GM1930,5.4,2020JJ00
GM1930,3.7,2021JJ00
GM1930,3.7,2022JJ00
GM1930,3.1,2023JJ00
GM1970,6.4,2013JJ00
GM1970,7.3,2014JJ00
GM1970,7.0,2015JJ00
GM1970,6.1,2016JJ00
GM1970,6.0,2017JJ00
GM1970,4.5,2018JJ00
GM1970,4.0,2019JJ00
GM1970,4.5,2020JJ00
GM1970,3.9,2021JJ00
GM1970,3.1,2022JJ00
GM1970,3.3,2023JJ00
GM1695,,2013JJ00
GM1695,,2014JJ00
GM1695,,2015JJ00
GM1695,,2016JJ00
GM1695,,2017JJ00
GM1695,,2018JJ00
GM1695,,2019JJ00
GM1695,,2020JJ00
GM1695,,2021JJ00
GM1695,,2022JJ00
GM1695,,2023JJ00
GM1699,3.5,2013JJ00
GM1699,3.3,2014JJ00
GM1699,4.7,2015JJ00
GM1699,4.0,2016JJ00
GM1699,3.3,2017JJ00
GM1699,3.7,2018JJ00
GM1699,2.9,2019JJ00
GM1699,2.9,2020JJ00
GM1699,2.4,2021JJ00
GM1699,2.1,2022JJ00
GM1699,1.9,2023JJ00
GM0171,6.0,2013JJ00
GM0171,5.7,2014JJ00
GM0171,4.3,2015JJ00
GM0171,4.8,2016JJ00
GM0171,4.7,2017JJ00
GM0171,3.9,2018JJ00
GM0171,3.6,2019JJ00
GM0171,3.8,2020JJ00
GM0171,3.2,2021JJ00
GM0171,2.9,2022JJ00
GM0171,2.6,2023JJ00
GM0575,4.4,2013JJ00
GM0575,4.2,2014JJ00
GM0575,4.3,2015JJ00
GM0575,3.6,2016JJ00
GM0575,3.4,2017JJ00
GM0575,3.2,2018JJ00
GM0575,2.6,2019JJ00
GM0575,3.8,2020JJ00
GM0575,2.9,2021JJ00
GM0575,2.7,2022JJ00
GM0575,2.6,2023JJ00
GM0820,4.4,2013JJ00
GM0820,3.8,2014JJ00
GM0820,3.5,2015JJ00
GM0820,3.0,2016JJ00
GM0820,2.8,2017JJ00
GM0820,2.9,2018JJ00
GM0820,2.6,2019JJ00
GM0820,2.7,2020JJ00
GM0820,1.9,2021JJ00
GM0820,1.9,2022JJ00
GM0820,1.8,2023JJ00
GM0302,,2013JJ00
GM0302,,2014JJ00
GM0302,,2015JJ00
GM0302,,2016JJ00
GM0302,,2017JJ00
GM0302,,2018JJ00
GM0302,,2019JJ00
GM0302,3.1,2020JJ00
GM0302,2.1,2021JJ00
GM0302,2.2,2022JJ00
GM0302,2.1,2023JJ00
GM0579,3.1,2013JJ00
GM0579,2.7,2014JJ00
GM0579,2.6,2015JJ00
GM0579,2.5,2016JJ00
GM0579,2.7,2017JJ00
GM0579,2.5,2018JJ00
GM0579,2.0,2019JJ00
GM0579,2.1,2020JJ00
GM0579,1.7,2021JJ00
GM0579,1.8,2022JJ00
GM0579,2.0,2023JJ00
GM0823,,2013JJ00
GM0823,,2014JJ00
GM0823,,2015JJ00
GM0823,,2016JJ00
GM0823,,2017JJ00
GM0823,,2018JJ00
GM0823,2.5,2019JJ00
GM0823,3.0,2020JJ00
GM0823,,2021JJ00
GM0823,2.0,2022JJ00
GM0823,2.0,2023JJ00
GM0824,4.3,2013JJ00
GM0824,3.9,2014JJ00
GM0824,4.0,2015JJ00
GM0824,3.4,2016JJ00
GM0824,3.5,2017JJ00
GM0824,3.1,2018JJ00
GM0824,2.5,2019JJ00
GM0824,2.8,2020JJ00
GM0824,1.8,2021JJ00
GM0824,1.9,2022JJ00
GM0824,2.2,2023JJ00
GM1895,,2013JJ00
GM1895,,2014JJ00
GM1895,7.8,2015JJ00
GM1895,7.6,2016JJ00
GM1895,8.6,2017JJ00
GM1895,5.9,2018JJ00
GM1895,6.9,2019JJ00
GM1895,6.4,2020JJ00
GM1895,3.5,2021JJ00
GM1895,3.3,2022JJ00
GM1895,3.3,2023JJ00
GM0269,,2013JJ00
GM0269,,2014JJ00
GM0269,,2015JJ00
GM0269,,2016JJ00
GM0269,,2017JJ00
GM0269,,2018JJ00
GM0269,,2019JJ00
GM0269,,2020JJ00
GM0269,2.3,2021JJ00
GM0269,2.2,2022JJ00
GM0269,,2023JJ00
GM0173,4.1,2013JJ00
GM0173,4.4,2014JJ00
GM0173,4.5,2015JJ00
GM0173,5.5,2016JJ00
GM0173,4.1,2017JJ00
GM0173,3.6,2018JJ00
GM0173,3.2,2019JJ00
GM0173,3.0,2020JJ00
GM0173,2.7,2021JJ00
GM0173,2.3,2022JJ00
GM0173,2.1,2023JJ00
GM1773,,2013JJ00
GM1773,,2014JJ00
GM1773,,2015JJ00
GM1773,,2016JJ00
GM1773,,2017JJ00
GM1773,,2018JJ00
GM1773,,2019JJ00
GM1773,,2020JJ00
GM1773,,2021JJ00
GM1773,,2022JJ00
GM1773,,2023JJ00
GM0175,,2013JJ00
GM0175,,2014JJ00
GM0175,,2015JJ00
GM0175,,2016JJ00
GM0175,,2017JJ00
GM0175,,2018JJ00
GM0175,,2019JJ00
GM0175,,2020JJ00
GM0175,,2021JJ00
GM0175,,2022JJ00
GM0175,,2023JJ00
GM1586,,2013JJ00
GM1586,,2014JJ00
GM1586,4.0,2015JJ00
GM1586,4.1,2016JJ00
GM1586,3.6,2017JJ00
GM1586,,2018JJ00
GM1586,3.1,2019JJ00
GM1586,3.1,2020JJ00
GM1586,2.0,2021JJ00
GM1586,2.1,2022JJ00
GM1586,2.4,2023JJ00
GM0826,5.0,2013JJ00
GM0826,5.9,2014JJ00
GM0826,5.4,2015JJ00
GM0826,4.1,2016JJ00
GM0826,3.6,2017JJ00
GM0826,3.4,2018JJ00
GM0826,2.9,2019JJ00
GM0826,4.0,2020JJ00
GM0826,2.3,2021JJ00
GM0826,2.4,2022JJ00
GM0826,2.4,2023JJ00
GM0085,,2013JJ00
GM0085,,2014JJ00
GM0085,,2015JJ00
GM0085,,2016JJ00
GM0085,,2017JJ00
GM0085,,2018JJ00
GM0085,3.2,2019JJ00
GM0085,3.9,2020JJ00
GM0085,3.0,2021JJ00
GM0085,2.6,2022JJ00
GM0085,2.4,2023JJ00
GM0431,,2013JJ00
GM0431,,2014JJ00
GM0431,,2015JJ00
GM0431,,2016JJ00
GM0431,,2017JJ00
GM0431,,2018JJ00
GM0431,,2019JJ00
GM0431,,2020JJ00
GM0431,,2021JJ00
GM0431,,2022JJ00
GM0431,,2023JJ00
GM0432,,2013JJ00
GM0432,,2014JJ00
GM0432,,2015JJ00
GM0432,,2016JJ00
GM0432,,2017JJ00
GM0432,,2018JJ00
GM0432,,2019JJ00
GM0432,,2020JJ00
GM0432,,2021JJ00
GM0432,,2022JJ00
GM0432,,2023JJ00
GM0086,,2013JJ00
GM0086,,2014JJ00
GM0086,4.9,2015JJ00
GM0086,5.0,2016JJ00
GM0086,,2017JJ00
GM0086,3.8,2018JJ00
GM0086,3.6,2019JJ00
GM0086,4.2,2020JJ00
GM0086,3.3,2021JJ00
GM0086,2.3,2022JJ00
GM0086,2.8,2023JJ00
GM0828,5.7,2013JJ00
GM0828,6.6,2014JJ00
GM0828,5.0,2015JJ00
GM0828,4.9,2016JJ00
GM0828,4.1,2017JJ00
GM0828,3.7,2018JJ00
GM0828,3.4,2019JJ00
GM0828,3.8,2020JJ00
GM0828,2.2,2021JJ00
GM0828,2.4,2022JJ00
GM0828,2.8,2023JJ00
GM1509,6.1,2013JJ00
GM1509,5.7,2014JJ00
GM1509,5.6,2015JJ00
GM1509,6.7,2016JJ00
GM1509,4.3,2017JJ00
GM1509,5.3,2018JJ00
GM1509,4.9,2019JJ00
GM1509,4.3,2020JJ00
GM1509,2.9,2021JJ00
GM1509,2.8,2022JJ00
GM1509,3.0,2023JJ00
GM0437,,2013JJ00
GM0437,,2014JJ00
GM0437,,2015JJ00
GM0437,,2016JJ00
GM0437,,2017JJ00
GM0437,,2018JJ00
GM0437,,2019JJ00
GM0437,,2020JJ00
GM0437,,2021JJ00
GM0437,,2022JJ00
GM0437,,2023JJ00
GM0589,,2013JJ00
GM0589,,2014JJ00
GM0589,,2015JJ00
GM0589,,2016JJ00
GM0589,,2017JJ00
GM0589,,2018JJ00
GM0589,,2019JJ00
GM0589,,2020JJ00
GM0589,,2021JJ00
GM0589,,2022JJ00
GM0589,,2023JJ00
GM1734,4.4,2013JJ00
GM1734,3.7,2014JJ00
GM1734,3.9,2015JJ00
GM1734,4.1,2016JJ00
GM1734,3.4,2017JJ00
GM1734,3.4,2018JJ00
GM1734,2.6,2019JJ00
GM1734,2.5,2020JJ00
GM1734,2.5,2021JJ00
GM1734,2.5,2022JJ00
GM1734,2.0,2023JJ00
GM0590,5.1,2013JJ00
GM0590,4.6,2014JJ00
GM0590,3.8,2015JJ00
GM0590,4.0,2016JJ00
GM0590,3.6,2017JJ00
GM0590,3.2,2018JJ00
GM0590,3.2,2019JJ00
GM0590,3.5,2020JJ00
GM0590,3.2,2021JJ00
GM0590,2.7,2022JJ00
GM0590,2.6,2023JJ00
GM1894,6.1,2013JJ00
GM1894,7.1,2014JJ00
GM1894,5.2,2015JJ00
GM1894,4.0,2016JJ00
GM1894,4.2,2017JJ00
GM1894,4.1,2018JJ00
GM1894,3.4,2019JJ00
GM1894,3.7,2020JJ00
GM1894,2.9,2021JJ00
GM1894,2.5,2022JJ00
GM1894,2.4,2023JJ00
GM0765,,2013JJ00
GM0765,,2014JJ00
GM0765,,2015JJ00
GM0765,,2016JJ00
GM0765,,2017JJ00
GM0765,,2018JJ00
GM0765,,2019JJ00
GM0765,,2020JJ00
GM0765,,2021JJ00
GM0765,,2022JJ00
GM0765,,2023JJ00
GM1926,3.5,2013JJ00
GM1926,3.3,2014JJ00
GM1926,3.3,2015JJ00
GM1926,3.1,2016JJ00
GM1926,2.5,2017JJ00
GM1926,2.2,2018JJ00
GM1926,2.1,2019JJ00
GM1926,2.5,2020JJ00
GM1926,1.9,2021JJ00
GM1926,1.5,2022JJ00
GM1926,1.9,2023JJ00
GM0439,6.3,2013JJ00
GM0439,5.9,2014JJ00
GM0439,4.7,2015JJ00
GM0439,3.9,2016JJ00
GM0439,4.7,2017JJ00
GM0439,4.5,2018JJ00
GM0439,3.3,2019JJ00
GM0439,4.3,2020JJ00
GM0439,3.5,2021JJ00
GM0439,2.9,2022JJ00
GM0439,3.1,2023JJ00
GM0273,,2013JJ00
GM0273,,2014JJ00
GM0273,,2015JJ00
GM0273,,2016JJ00
GM0273,3.1,2017JJ00
GM0273,,2018JJ00
GM0273,,2019JJ00
GM0273,,2020JJ00
GM0273,2.0,2021JJ00
GM0273,2.1,2022JJ00
GM0273,2.4,2023JJ00
GM0177,5.2,2013JJ00
GM0177,,2014JJ00
GM0177,5.2,2015JJ00
GM0177,4.9,2016JJ00
GM0177,3.8,2017JJ00
GM0177,3.6,2018JJ00
GM0177,3.3,2019JJ00
GM0177,2.8,2020JJ00
GM0177,1.9,2021JJ00
GM0177,2.0,2022JJ00
GM0177,1.9,2023JJ00
GM0703,,2013JJ00
GM0703,,2014JJ00
GM0703,,2015JJ00
GM0703,,2016JJ00
GM0703,,2017JJ00
GM0703,,2018JJ00
GM0703,,2019JJ00
GM0703,,2020JJ00
GM0703,,2021JJ00
GM0703,,2022JJ00
GM0703,,2023JJ00
GM0274,4.1,2013JJ00
GM0274,4.4,2014JJ00
GM0274,3.9,2015JJ00
GM0274,3.2,2016JJ00
GM0274,3.7,2017JJ00
GM0274,2.6,2018JJ00
GM0274,2.3,2019JJ00
GM0274,2.9,2020JJ00
GM0274,2.0,2021JJ00
GM0274,1.8,2022JJ00
GM0274,1.9,2023JJ00
GM0339,,2013JJ00
GM0339,,2014JJ00
GM0339,,2015JJ00
GM0339,,2016JJ00
GM0339,,2017JJ00
GM0339,,2018JJ00
GM0339,,2019JJ00
GM0339,,2020JJ00
GM0339,,2021JJ00
GM0339,,2022JJ00
GM0339,,2023JJ00
GM1667,,2013JJ00
GM1667,,2014JJ00
GM1667,,2015JJ00
GM1667,,2016JJ00
GM1667,,2017JJ00
GM1667,,2018JJ00
GM1667,,2019JJ00
GM1667,,2020JJ00
GM1667,,2021JJ00
GM1667,,2022JJ00
GM1667,,2023JJ00
GM0275,5.3,2013JJ00
GM0275,4.9,2014JJ00
GM0275,4.6,2015JJ00
GM0275,5.2,2016JJ00
GM0275,3.6,2017JJ00
GM0275,3.4,2018JJ00
GM0275,3.5,2019JJ00
GM0275,3.6,2020JJ00
GM0275,2.9,2021JJ00
GM0275,2.6,2022JJ00
GM0275,2.2,2023JJ00
GM0340,,2013JJ00
GM0340,,2014JJ00
GM0340,,2015JJ00
GM0340,,2016JJ00
GM0340,,2017JJ00
GM0340,,2018JJ00
GM0340,,2019JJ00
GM0340,2.8,2020JJ00
GM0340,,2021JJ00
GM0340,2.6,2022JJ00
GM0340,3.1,2023JJ00
GM0597,6.2,2013JJ00
GM0597,6.1,2014JJ00
GM0597,6.2,2015JJ00
GM0597,6.2,2016JJ00
GM0597,4.7,2017JJ00
GM0597,4.0,2018JJ00
GM0597,4.1,2019JJ00
GM0597,4.6,2020JJ00
GM0597,4.3,2021JJ00
GM0597,2.7,2022JJ00
GM0597,2.9,2023JJ00
GM1742,5.1,2013JJ00
GM1742,4.8,2014JJ00
GM1742,4.5,2015JJ00
GM1742,3.8,2016JJ00
GM1742,3.6,2017JJ00
GM1742,3.3,2018JJ00
GM1742,2.9,2019JJ00
GM1742,3.6,2020JJ00
GM1742,2.3,2021JJ00
GM1742,2.0,2022JJ00
GM1742,2.1,2023JJ00
GM0603,5.5,2013JJ00
GM0603,5.3,2014JJ00
GM0603,5.2,2015JJ00
GM0603,4.0,2016JJ00
GM0603,3.4,2017JJ00
GM0603,3.3,2018JJ00
GM0603,2.9,2019JJ00
GM0603,3.2,2020JJ00
GM0603,3.2,2021JJ00
GM0603,2.7,2022JJ00
GM0603,2.5,2023JJ00
GM1669,,2013JJ00
GM1669,,2014JJ00
GM1669,,2015JJ00
GM1669,,2016JJ00
GM1669,,2017JJ00
GM1669,,2018JJ00
GM1669,,2019JJ00
GM1669,,2020JJ00
GM1669,,2021JJ00
GM1669,,2022JJ00
GM1669,,2023JJ00
GM0957,5.0,2013JJ00
GM0957,4.2,2014JJ00
GM0957,5.5,2015JJ00
GM0957,4.5,2016JJ00
GM0957,4.3,2017JJ00
GM0957,3.9,2018JJ00
GM0957,3.2,2019JJ00
GM0957,4.0,2020JJ00
GM0957,3.0,2021JJ00
GM0957,2.9,2022JJ00
GM0957,2.9,2023JJ00
GM0736,4.5,2013JJ00
GM0736,4.5,2014JJ00
GM0736,4.3,2015JJ00
GM0736,3.9,2016JJ00
GM0736,3.8,2017JJ00
GM0736,3.1,2018JJ00
GM0736,2.3,2019JJ00
GM0736,2.6,2020JJ00
GM0736,2.3,2021JJ00
GM0736,2.2,2022JJ00
GM0736,2.4,2023JJ00
GM1674,5.1,2013JJ00
GM1674,4.0,2014JJ00
GM1674,4.2,2015JJ00
GM1674,4.2,2016JJ00
GM1674,4.9,2017JJ00
GM1674,4.3,2018JJ00
GM1674,4.7,2019JJ00
GM1674,4.7,2020JJ00
GM1674,2.3,2021JJ00
GM1674,3.6,2022JJ00
GM1674,3.3,2023JJ00
GM0599,8.4,2013JJ00
GM0599,7.6,2014JJ00
GM0599,6.9,2015JJ00
GM0599,6.3,2016JJ00
GM0599,5.9,2017JJ00
GM0599,4.4,2018JJ00
GM0599,3.8,2019JJ00
GM0599,4.3,2020JJ00
GM0599,4.7,2021JJ00
GM0599,3.5,2022JJ00
GM0599,3.5,2023JJ00
GM0277,,2013JJ00
GM0277,,2014JJ00
GM0277,,2015JJ00
GM0277,,2016JJ00
GM0277,,2017JJ00
GM0277,,2018JJ00
GM0277,,2019JJ00
GM0277,,2020JJ00
GM0277,,2021JJ00
GM0277,,2022JJ00
GM0277,,2023JJ00
GM0840,,2013JJ00
GM0840,,2014JJ00
GM0840,,2015JJ00
GM0840,,2016JJ00
GM0840,,2017JJ00
GM0840,,2018JJ00
GM0840,,2019JJ00
GM0840,,2020JJ00
GM0840,,2021JJ00
GM0840,,2022JJ00
GM0840,,2023JJ00
GM0441,5.8,2013JJ00
GM0441,4.6,2014JJ00
GM0441,4.1,2015JJ00
GM0441,4.2,2016JJ00
GM0441,3.5,2017JJ00
GM0441,4.2,2018JJ00
GM0441,3.3,2019JJ00
GM0441,3.4,2020JJ00
GM0441,2.4,2021JJ00
GM0441,2.5,2022JJ00
GM0441,2.8,2023JJ00
GM0279,,2013JJ00
GM0279,,2014JJ00
GM0279,,2015JJ00
GM0279,,2016JJ00
GM0279,,2017JJ00
GM0279,,2018JJ00
GM0279,,2019JJ00
GM0279,,2020JJ00
GM0279,,2021JJ00
GM0279,,2022JJ00
GM0279,,2023JJ00
GM0606,7.4,2013JJ00
GM0606,6.8,2014JJ00
GM0606,7.3,2015JJ00
GM0606,7.0,2016JJ00
GM0606,6.9,2017JJ00
GM0606,4.2,2018JJ00
GM0606,3.8,2019JJ00
GM0606,5.2,2020JJ00
GM0606,4.7,2021JJ00
GM0606,3.2,2022JJ00
GM0606,3.4,2023JJ00
GM0088,,2013JJ00
GM0088,,2014JJ00
GM0088,,2015JJ00
GM0088,,2016JJ00
GM0088,,2017JJ00
GM0088,,2018JJ00
GM0088,,2019JJ00
GM0088,,2020JJ00
GM0088,,2021JJ00
GM0088,,2022JJ00
GM0088,,2023JJ00
GM1676,5.2,2013JJ00
GM1676,3.7,2014JJ00
GM1676,5.7,2015JJ00
GM1676,4.9,2016JJ00
GM1676,4.3,2017JJ00
GM1676,3.9,2018JJ00
GM1676,3.3,2019JJ00
GM1676,2.9,2020JJ00
GM1676,3.3,2021JJ00
GM1676,2.1,2022JJ00
GM1676,2.5,2023JJ00
GM0965,,2013JJ00
GM0965,,2014JJ00
GM0965,,2015JJ00
GM0965,,2016JJ00
GM0965,,2017JJ00
GM0965,,2018JJ00
GM0965,,2019JJ00
GM0965,,2020JJ00
GM0965,,2021JJ00
GM0965,,2022JJ00
GM0965,,2023JJ00
GM0845,3.8,2013JJ00
GM0845,3.9,2014JJ00
GM0845,3.9,2015JJ00
GM0845,3.5,2016JJ00
GM0845,2.8,2017JJ00
GM0845,3.4,2018JJ00
GM0845,2.8,2019JJ00
GM0845,2.9,2020JJ00
GM0845,1.8,2021JJ00
GM0845,2.1,2022JJ00
GM0845,2.3,2023JJ00
GM1883,5.9,2013JJ00
GM1883,4.7,2014JJ00
GM1883,5.2,2015JJ00
GM1883,3.7,2016JJ00
GM1883,4.9,2017JJ00
GM1883,3.7,2018JJ00
GM1883,3.5,2019JJ00
GM1883,3.8,2020JJ00
GM1883,2.5,2021JJ00
GM1883,2.6,2022JJ00
GM1883,2.8,2023JJ00
GM0610,,2013JJ00
GM0610,,2014JJ00
GM0610,,2015JJ00
GM0610,,2016JJ00
GM0610,,2017JJ00
GM0610,,2018JJ00
GM0610,,2019JJ00
GM0610,,2020JJ00
GM0610,2.5,2021JJ00
GM0610,2.3,2022JJ00
GM0610,,2023JJ00
GM1714,,2013JJ00
GM1714,,2014JJ00
GM1714,,2015JJ00
GM1714,,2016JJ00
GM1714,4.2,2017JJ00
GM1714,3.6,2018JJ00
GM1714,,2019JJ00
GM1714,,2020JJ00
GM1714,,2021JJ00
GM1714,,2022JJ00
GM1714,,2023JJ00
GM0090,6.5,2013JJ00
GM0090,7.6,2014JJ00
GM0090,8.3,2015JJ00
GM0090,6.6,2016JJ00
GM0090,5.1,2017JJ00
GM0090,3.8,2018JJ00
GM0090,3.2,2019JJ00
GM0090,4.0,2020JJ00
GM0090,3.5,2021JJ00
GM0090,2.7,2022JJ00
GM0090,3.0,2023JJ00
GM0342,4.8,2013JJ00
GM0342,4.1,2014JJ00
GM0342,4.4,2015JJ00
GM0342,4.4,2016JJ00
GM0342,3.2,2017JJ00
GM0342,3.1,2018JJ00
GM0342,2.8,2019JJ00
GM0342,2.7,2020JJ00
GM0342,2.4,2021JJ00
GM0342,2.3,2022JJ00
GM0342,2.2,2023JJ00
GM0847,,2013JJ00
GM0847,,2014JJ00
GM0847,,2015JJ00
GM0847,,2016JJ00
GM0847,,2017JJ00
GM0847,,2018JJ00
GM0847,,2019JJ00
GM0847,,2020JJ00
GM0847,,2021JJ00
GM0847,2.4,2022JJ00
GM0847,,2023JJ00
GM0848,,2013JJ00
GM0848,,2014JJ00
GM0848,,2015JJ00
GM0848,,2016JJ00
GM0848,,2017JJ00
GM0848,,2018JJ00
GM0848,,2019JJ00
GM0848,2.4,2020JJ00
GM0848,1.8,2021JJ00
GM0848,2.0,2022JJ00
GM0848,2.2,2023JJ00
GM0037,,2013JJ00
GM0037,,2014JJ00
GM0037,,2015JJ00
GM0037,,2016JJ00
GM0037,,2017JJ00
GM0037,,2018JJ00
GM0037,4.6,2019JJ00
GM0037,4.8,2020JJ00
GM0037,4.1,2021JJ00
GM0037,3.5,2022JJ00
GM0037,3.7,2023JJ00
GM0180,,2013JJ00
GM0180,,2014JJ00
GM0180,,2015JJ00
GM0180,,2016JJ00
GM0180,,2017JJ00
GM0180,,2018JJ00
GM0180,,2019JJ00
GM0180,,2020JJ00
GM0180,,2021JJ00
GM0180,,2022JJ00
GM0180,,2023JJ00
GM0532,,2013JJ00
GM0532,,2014JJ00
GM0532,,2015JJ00
GM0532,,2016JJ00
GM0532,,2017JJ00
GM0532,,2018JJ00
GM0532,,2019JJ00
GM0532,,2020JJ00
GM0532,,2021JJ00
GM0532,,2022JJ00
GM0532,,2023JJ00
GM0851,,2013JJ00
GM0851,,2014JJ00
GM0851,,2015JJ00
GM0851,,2016JJ00
GM0851,,2017JJ00
GM0851,,2018JJ00
GM0851,3.8,2019JJ00
GM0851,3.9,2020JJ00
GM0851,2.4,2021JJ00
GM0851,2.5,2022JJ00
GM0851,2.3,2023JJ00
GM1708,6.5,2013JJ00
GM1708,5.1,2014JJ00
GM1708,5.8,2015JJ00
GM1708,5.6,2016JJ00
GM1708,4.7,2017JJ00
GM1708,5.4,2018JJ00
GM1708,5.3,2019JJ00
GM1708,3.3,2020JJ00
GM1708,2.8,2021JJ00
GM1708,2.9,2022JJ00
GM1708,2.9,2023JJ00
GM0971,,2013JJ00
GM0971,,2014JJ00
GM0971,,2015JJ00
GM0971,,2016JJ00
GM0971,,2017JJ00
GM0971,3.3,2018JJ00
GM0971,,2019JJ00
GM0971,3.5,2020JJ00
GM0971,2.4,2021JJ00
GM0971,2.4,2022JJ00
GM0971,2.5,2023JJ00
GM1904,4.7,2013JJ00
GM1904,4.2,2014JJ00
GM1904,4.0,2015JJ00
GM1904,3.9,2016JJ00
GM1904,3.0,2017JJ00
GM1904,3.0,2018JJ00
GM1904,2.5,2019JJ00
GM1904,2.7,2020JJ00
GM1904,1.9,2021JJ00
GM1904,2.0,2022JJ00
GM1904,2.0,2023JJ00
GM1900,6.4,2013JJ00
GM1900,5.6,2014JJ00
GM1900,6.2,2015JJ00
GM1900,4.2,2016JJ00
GM1900,4.0,2017JJ00
GM1900,3.7,2018JJ00
GM1900,3.7,2019JJ00
GM1900,4.3,2020JJ00
GM1900,3.8,2021JJ00
GM1900,2.7,2022JJ00
GM1900,2.8,2023JJ00
GM0715,6.6,2013JJ00
GM0715,5.4,2014JJ00
GM0715,6.1,2015JJ00
GM0715,6.1,2016JJ00
GM0715,4.8,2017JJ00
GM0715,4.3,2018JJ00
GM0715,4.6,2019JJ00
GM0715,4.9,2020JJ00
GM0715,4.8,2021JJ00
GM0715,4.1,2022JJ00
GM0715,3.6,2023JJ00
GM0093,,2013JJ00
GM0093,,2014JJ00
GM0093,,2015JJ00
GM0093,,2016JJ00
GM0093,,2017JJ00
GM0093,,2018JJ00
GM0093,,2019JJ00
GM0093,,2020JJ00
GM0093,,2021JJ00
GM0093,,2022JJ00
GM0093,,2023JJ00
GM0448,,2013JJ00
GM0448,,2014JJ00
GM0448,,2015JJ00
GM0448,,2016JJ00
GM0448,,2017JJ00
GM0448,,2018JJ00
GM0448,,2019JJ00
GM0448,,2020JJ00
GM0448,,2021JJ00
GM0448,,2022JJ00
GM0448,,2023JJ00
GM1525,3.7,2013JJ00
GM1525,3.7,2014JJ00
GM1525,3.6,2015JJ00
GM1525,3.0,2016JJ00
GM1525,2.9,2017JJ00
GM1525,3.4,2018JJ00
GM1525,2.7,2019JJ00
GM1525,2.8,2020JJ00
GM1525,2.2,2021JJ00
GM1525,2.1,2022JJ00
GM1525,2.1,2023JJ00
GM0716,,2013JJ00
GM0716,,2014JJ00
GM0716,,2015JJ00
GM0716,,2016JJ00
GM0716,,2017JJ00
GM0716,,2018JJ00
GM0716,,2019JJ00
GM0716,,2020JJ00
GM0716,,2021JJ00
GM0716,,2022JJ00
GM0716,,2023JJ00
GM0281,6.7,2013JJ00
GM0281,6.9,2014JJ00
GM0281,6.4,2015JJ00
GM0281,7.7,2016JJ00
GM0281,5.9,2017JJ00
GM0281,4.8,2018JJ00
GM0281,3.4,2019JJ00
GM0281,4.1,2020JJ00
GM0281,3.4,2021JJ00
GM0281,3.5,2022JJ00
GM0281,3.5,2023JJ00
GM0855,5.8,2013JJ00
GM0855,5.1,2014JJ00
GM0855,4.6,2015JJ00
GM0855,4.0,2016JJ00
GM0855,4.3,2017JJ00
GM0855,3.8,2018JJ00
GM0855,4.1,2019JJ00
GM0855,4.3,2020JJ00
GM0855,1.7,2021JJ00
GM0855,2.9,2022JJ00
GM0855,3.5,2023JJ00
GM0183,,2013JJ00
GM0183,,2014JJ00
GM0183,,2015JJ00
GM0183,,2016JJ00
GM0183,,2017JJ00
GM0183,,2018JJ00
GM0183,,2019JJ00
GM0183,,2020JJ00
GM0183,,2021JJ00
GM0183,,2022JJ00
GM0183,,2023JJ00
GM1700,,2013JJ00
GM1700,,2014JJ00
GM1700,,2015JJ00
GM1700,4.7,2016JJ00
GM1700,4.6,2017JJ00
GM1700,,2018JJ00
GM1700,3.7,2019JJ00
GM1700,4.1,2020JJ00
GM1700,2.5,2021JJ00
GM1700,2.4,2022JJ00
GM1700,2.9,2023JJ00
GM1730,3.2,2013JJ00
GM1730,3.4,2014JJ00
GM1730,3.7,2015JJ00
GM1730,2.8,2016JJ00
GM1730,2.5,2017JJ00
GM1730,2.7,2018JJ00
GM1730,2.3,2019JJ00
GM1730,2.6,2020JJ00
GM1730,1.7,2021JJ00
GM1730,1.8,2022JJ00
GM1730,1.7,2023JJ00
GM0737,4.7,2013JJ00
GM0737,4.8,2014JJ00
GM0737,,2015JJ00
GM0737,4.4,2016JJ00
GM0737,3.9,2017JJ00
GM0737,4.0,2018JJ00
GM0737,3.1,2019JJ00
GM0737,3.3,2020JJ00
GM0737,2.3,2021JJ00
GM0737,2.4,2022JJ00
GM0737,2.8,2023JJ00
GM0450,,2013JJ00
GM0450,,2014JJ00
GM0450,,2015JJ00
GM0450,,2016JJ00
GM0450,,2017JJ00
GM0450,,2018JJ00
GM0450,,2019JJ00
GM0450,,2020JJ00
GM0450,,2021JJ00
GM0450,,2022JJ00
GM0450,,2023JJ00
GM0451,,2013JJ00
GM0451,5.9,2014JJ00
GM0451,4.6,2015JJ00
GM0451,4.0,2016JJ00
GM0451,3.6,2017JJ00
GM0451,3.5,2018JJ00
GM0451,3.6,2019JJ00
GM0451,4.1,2020JJ00
GM0451,3.0,2021JJ00
GM0451,3.0,2022JJ00
GM0451,3.2,2023JJ00
GM0184,,2013JJ00
GM0184,,2014JJ00
GM0184,,2015JJ00
GM0184,,2016JJ00
GM0184,,2017JJ00
GM0184,,2018JJ00
GM0184,,2019JJ00
GM0184,,2020JJ00
GM0184,,2021JJ00
GM0184,,2022JJ00
GM0184,,2023JJ00
GM0344,4.5,2013JJ00
GM0344,4.5,2014JJ00
GM0344,4.8,2015JJ00
GM0344,4.0,2016JJ00
GM0344,3.1,2017JJ00
GM0344,3.1,2018JJ00
GM0344,2.4,2019JJ00
GM0344,2.7,2020JJ00
GM0344,2.2,2021JJ00
GM0344,2.6,2022JJ00
GM0344,2.7,2023JJ00
GM1581,4.2,2013JJ00
GM1581,3.3,2014JJ00
GM1581,3.5,2015JJ00
GM1581,3.3,2016JJ00
GM1581,2.6,2017JJ00
GM1581,2.7,2018JJ00
GM1581,2.2,2019JJ00
GM1581,2.4,2020JJ00
GM1581,1.9,2021JJ00
GM1581,1.9,2022JJ00
GM1581,2.0,2023JJ00
GM0981,,2013JJ00
GM0981,,2014JJ00
GM0981,,2015JJ00
GM0981,,2016JJ00
GM0981,,2017JJ00
GM0981,,2018JJ00
GM0981,,2019JJ00
GM0981,,2020JJ00
GM0981,,2021JJ00
GM0981,,2022JJ00
GM0981,,2023JJ00
GM0994,,2013JJ00
GM0994,,2014JJ00
GM0994,,2015JJ00
GM0994,,2016JJ00
GM0994,,2017JJ00
GM0994,,2018JJ00
GM0994,,2019JJ00
GM0994,,2020JJ00
GM0994,,2021JJ00
GM0994,,2022JJ00
GM0994,,2023JJ00
GM0858,7.1,2013JJ00
GM0858,7.1,2014JJ00
GM0858,6.0,2015JJ00
GM0858,4.7,2016JJ00
GM0858,4.9,2017JJ00
GM0858,3.6,2018JJ00
GM0858,3.0,2019JJ00
GM0858,3.6,2020JJ00
GM0858,2.4,2021JJ00
GM0858,2.8,2022JJ00
GM0858,2.8,2023JJ00
GM0047,,2013JJ00
GM0047,,2014JJ00
GM0047,,2015JJ00
GM0047,,2016JJ00
GM0047,,2017JJ00
GM0047,,2018JJ00
GM0047,4.2,2019JJ00
GM0047,3.9,2020JJ00
GM0047,3.3,2021JJ00
GM0047,3.2,2022JJ00
GM0047,3.6,2023JJ00
GM0345,7.0,2013JJ00
GM0345,5.1,2014JJ00
GM0345,5.3,2015JJ00
GM0345,4.8,2016JJ00
GM0345,3.2,2017JJ00
GM0345,3.1,2018JJ00
GM0345,2.7,2019JJ00
GM0345,3.5,2020JJ00
GM0345,2.3,2021JJ00
GM0345,2.2,2022JJ00
GM0345,2.6,2023JJ00
GM0717,,2013JJ00
GM0717,,2014JJ00
GM0717,,2015JJ00
GM0717,,2016JJ00
GM0717,,2017JJ00
GM0717,,2018JJ00
GM0717,,2019JJ00
GM0717,,2020JJ00
GM0717,,2021JJ00
GM0717,,2022JJ00
GM0717,,2023JJ00
GM0861,5.0,2013JJ00
GM0861,4.6,2014JJ00
GM0861,3.8,2015JJ00
GM0861,3.6,2016JJ00
GM0861,2.8,2017JJ00
GM0861,2.7,2018JJ00
GM0861,2.8,2019JJ00
GM0861,2.8,2020JJ00
GM0861,2.3,2021JJ00
GM0861,2.2,2022JJ00
GM0861,2.1,2023JJ00
GM0453,5.2,2013JJ00
GM0453,4.7,2014JJ00
GM0453,4.0,2015JJ00
GM0453,3.9,2016JJ00
GM0453,4.5,2017JJ00
GM0453,3.6,2018JJ00
GM0453,2.8,2019JJ00
GM0453,4.0,2020JJ00
GM0453,2.7,2021JJ00
GM0453,2.7,2022JJ00
GM0453,3.0,2023JJ00
GM0983,5.4,2013JJ00
GM0983,6.6,2014JJ00
GM0983,7.0,2015JJ00
GM0983,4.2,2016JJ00
GM0983,5.6,2017JJ00
GM0983,3.9,2018JJ00
GM0983,3.4,2019JJ00
GM0983,5.0,2020JJ00
GM0983,2.7,2021JJ00
GM0983,3.4,2022JJ00
GM0983,3.4,2023JJ00
GM0984,5.9,2013JJ00
GM0984,4.7,2014JJ00
GM0984,5.8,2015JJ00
GM0984,4.2,2016JJ00
GM0984,4.7,2017JJ00
GM0984,3.4,2018JJ00
GM0984,3.9,2019JJ00
GM0984,3.8,2020JJ00
GM0984,3.3,2021JJ00
GM0984,3.3,2022JJ00
GM0984,3.0,2023JJ00
GM1961,5.3,2013JJ00
GM1961,4.8,2014JJ00
GM1961,5.2,2015JJ00
GM1961,5.4,2016JJ00
GM1961,3.7,2017JJ00
GM1961,4.2,2018JJ00
GM1961,3.4,2019JJ00
GM1961,3.2,2020JJ00
GM1961,2.7,2021JJ00
GM1961,2.5,2022JJ00
GM1961,2.6,2023JJ00
GM0622,7.4,2013JJ00
GM0622,8.2,2014JJ00
GM0622,8.0,2015JJ00
GM0622,6.1,2016JJ00
GM0622,6.1,2017JJ00
GM0622,3.9,2018JJ00
GM0622,4.2,2019JJ00
GM0622,4.3,2020JJ00
GM0622,3.8,2021JJ00
GM0622,3.5,2022JJ00
GM0622,3.1,2023JJ00
GM0096,,2013JJ00
GM0096,,2014JJ00
GM0096,,2015JJ00
GM0096,,2016JJ00
GM0096,,2017JJ00
GM0096,,2018JJ00
GM0096,,2019JJ00
GM0096,,2020JJ00
GM0096,,2021JJ00
GM0096,,2022JJ00
GM0096,,2023JJ00
GM0718,7.7,2013JJ00
GM0718,4.2,2014JJ00
GM0718,7.6,2015JJ00
GM0718,6.6,2016JJ00
GM0718,7.1,2017JJ00
GM0718,6.3,2018JJ00
GM0718,5.6,2019JJ00
GM0718,4.9,2020JJ00
GM0718,4.0,2021JJ00
GM0718,3.3,2022JJ00
GM0718,3.3,2023JJ00
GM0986,,2013JJ00
GM0986,,2014JJ00
GM0986,,2015JJ00
GM0986,,2016JJ00
GM0986,,2017JJ00
GM0986,,2018JJ00
GM0986,,2019JJ00
GM0986,,2020JJ00
GM0986,,2021JJ00
GM0986,,2022JJ00
GM0986,,2023JJ00
GM1992,5.2,2013JJ00
GM1992,4.1,2014JJ00
GM1992,4.6,2015JJ00
GM1992,4.0,2016JJ00
GM1992,4.0,2017JJ00
GM1992,3.4,2018JJ00
GM1992,3.2,2019JJ00
GM1992,3.8,2020JJ00
GM1992,3.1,2021JJ00
GM1992,3.0,2022JJ00
GM1992,2.6,2023JJ00
GM0626,3.2,2013JJ00
GM0626,3.5,2014JJ00
GM0626,3.1,2015JJ00
GM0626,3.2,2016JJ00
GM0626,3.2,2017JJ00
GM0626,2.5,2018JJ00
GM0626,2.1,2019JJ00
GM0626,2.5,2020JJ00
GM0626,1.9,2021JJ00
GM0626,2.0,2022JJ00
GM0626,2.3,2023JJ00
GM0285,,2013JJ00
GM0285,,2014JJ00
GM0285,,2015JJ00
GM0285,,2016JJ00
GM0285,,2017JJ00
GM0285,,2018JJ00
GM0285,2.7,2019JJ00
GM0285,2.7,2020JJ00
GM0285,2.6,2021JJ00
GM0285,2.4,2022JJ00
GM0285,2.2,2023JJ00
GM0865,3.4,2013JJ00
GM0865,3.4,2014JJ00
GM0865,3.0,2015JJ00
GM0865,3.0,2016JJ00
GM0865,2.7,2017JJ00
GM0865,2.7,2018JJ00
GM0865,2.5,2019JJ00
GM0865,2.3,2020JJ00
GM0865,1.8,2021JJ00
GM0865,2.1,2022JJ00
GM0865,2.1,2023JJ00
GM1949,5.9,2013JJ00
GM1949,7.1,2014JJ00
GM1949,6.4,2015JJ00
GM1949,5.8,2016JJ00
GM1949,4.8,2017JJ00
GM1949,4.8,2018JJ00
GM1949,3.6,2019JJ00
GM1949,4.0,2020JJ00
GM1949,2.9,2021JJ00
GM1949,3.2,2022JJ00
GM1949,3.3,2023JJ00
GM0866,,2013JJ00
GM0866,,2014JJ00
GM0866,,2015JJ00
GM0866,,2016JJ00
GM0866,,2017JJ00
GM0866,2.8,2018JJ00
GM0866,2.4,2019JJ00
GM0866,2.5,2020JJ00
GM0866,1.8,2021JJ00
GM0866,2.0,2022JJ00
GM0866,2.4,2023JJ00
GM0867,4.7,2013JJ00
GM0867,4.9,2014JJ00
GM0867,5.3,2015JJ00
GM0867,5.4,2016JJ00
GM0867,3.9,2017JJ00
GM0867,4.0,2018JJ00
GM0867,3.9,2019JJ00
GM0867,3.1,2020JJ00
GM0867,2.4,2021JJ00
GM0867,2.7,2022JJ00
GM0867,2.7,2023JJ00
GM0627,,2013JJ00
GM0627,,2014JJ00
GM0627,,2015JJ00
GM0627,4.6,2016JJ00
GM0627,3.7,2017JJ00
GM0627,3.3,2018JJ00
GM0627,2.8,2019JJ00
GM0627,3.0,2020JJ00
GM0627,2.0,2021JJ00
GM0627,2.3,2022JJ00
GM0627,2.3,2023JJ00
GM0289,3.6,2013JJ00
GM0289,4.1,2014JJ00
GM0289,3.5,2015JJ00
GM0289,4.3,2016JJ00
GM0289,3.0,2017JJ00
GM0289,3.2,2018JJ00
GM0289,3.1,2019JJ00
GM0289,2.8,2020JJ00
GM0289,2.5,2021JJ00
GM0289,3.2,2022JJ00
GM0289,3.2,2023JJ00
GM0629,4.2,2013JJ00
GM0629,3.9,2014JJ00
GM0629,3.3,2015JJ00
GM0629,3.5,2016JJ00
GM0629,3.4,2017JJ00
GM0629,2.9,2018JJ00
GM0629,2.4,2019JJ00
GM0629,2.6,2020JJ00
GM0629,2.4,2021JJ00
GM0629,2.3,2022JJ00
GM0629,2.5,2023JJ00
GM0852,,2013JJ00
GM0852,,2014JJ00
GM0852,,2015JJ00
GM0852,,2016JJ00
GM0852,,2017JJ00
GM0852,,2018JJ00
GM0852,,2019JJ00
GM0852,,2020JJ00
GM0852,,2021JJ00
GM0852,2.1,2022JJ00
GM0852,,2023JJ00
GM0988,4.7,2013JJ00
GM0988,5.9,2014JJ00
GM0988,5.5,2015JJ00
GM0988,4.2,2016JJ00
GM0988,4.7,2017JJ00
GM0988,5.0,2018JJ00
GM0988,3.5,2019JJ00
GM0988,3.7,2020JJ00
GM0988,2.2,2021JJ00
GM0988,2.6,2022JJ00
GM0988,2.5,2023JJ00
GM1960,4.4,2013JJ00
GM1960,4.6,2014JJ00
GM1960,4.4,2015JJ00
GM1960,3.8,2016JJ00
GM1960,3.2,2017JJ00
GM1960,2.9,2018JJ00
GM1960,2.4,2019JJ00
GM1960,2.8,2020JJ00
GM1960,2.2,2021JJ00
GM1960,2.3,2022JJ00
GM1960,2.1,2023JJ00
GM0668,,2013JJ00
GM0668,,2014JJ00
GM0668,,2015JJ00
GM0668,,2016JJ00
GM0668,,2017JJ00
GM0668,,2018JJ00
GM0668,,2019JJ00
GM0668,,2020JJ00
GM0668,2.1,2021JJ00
GM0668,,2022JJ00
GM0668,,2023JJ00
GM1969,4.4,2013JJ00
GM1969,4.5,2014JJ00
GM1969,5.0,2015JJ00
GM1969,4.3,2016JJ00
GM1969,4.1,2017JJ00
GM1969,3.3,2018JJ00
GM1969,3.0,2019JJ00
GM1969,3.5,2020JJ00
GM1969,3.3,2021JJ00
GM1969,2.1,2022JJ00
GM1969,2.7,2023JJ00
GM1701,,2013JJ00
GM1701,,2014JJ00
GM1701,,2015JJ00
GM1701,,2016JJ00
GM1701,,2017JJ00
GM1701,,2018JJ00
GM1701,2.7,2019JJ00
GM1701,,2020JJ00
GM1701,,2021JJ00
GM1701,,2022JJ00
GM1701,2.0,2023JJ00
GM0293,,2013JJ00
GM0293,,2014JJ00
GM0293,,2015JJ00
GM0293,,2016JJ00
GM0293,,2017JJ00
GM0293,,2018JJ00
GM0293,,2019JJ00
GM0293,,2020JJ00
GM0293,,2021JJ00
GM0293,,2022JJ00
GM0293,,2023JJ00
GM1950,,2013JJ00
GM1950,,2014JJ00
GM1950,,2015JJ00
GM1950,,2016JJ00
GM1950,,2017JJ00
GM1950,,2018JJ00
GM1950,,2019JJ00
GM1950,,2020JJ00
GM1950,,2021JJ00
GM1950,2.9,2022JJ00
GM1950,2.7,2023JJ00
GM1783,4.3,2013JJ00
GM1783,4.4,2014JJ00
GM1783,4.1,2015JJ00
GM1783,4.6,2016JJ00
GM1783,3.2,2017JJ00
GM1783,2.7,2018JJ00
GM1783,3.2,2019JJ00
GM1783,3.1,2020JJ00
GM1783,2.8,2021JJ00
GM1783,2.3,2022JJ00
GM1783,2.0,2023JJ00
GM0098,,2013JJ00
GM0098,,2014JJ00
GM0098,,2015JJ00
GM0098,,2016JJ00
GM0098,,2017JJ00
GM0098,,2018JJ00
GM0098,,2019JJ00
GM0098,,2020JJ00
GM0098,,2021JJ00
GM0098,2.7,2022JJ00
GM0098,,2023JJ00
GM0189,,2013JJ00
GM0189,,2014JJ00
GM0189,,2015JJ00
GM0189,,2016JJ00
GM0189,2.9,2017JJ00
GM0189,2.7,2018JJ00
GM0189,2.9,2019JJ00
GM0189,,2020JJ00
GM0189,2.5,2021JJ00
GM0189,2.1,2022JJ00
GM0189,2.0,2023JJ00
GM0296,4.4,2013JJ00
GM0296,4.1,2014JJ00
GM0296,4.4,2015JJ00
GM0296,4.2,2016JJ00
GM0296,3.3,2017JJ00
GM0296,3.5,2018JJ00
GM0296,2.8,2019JJ00
GM0296,3.0,2020JJ00
GM0296,2.7,2021JJ00
GM0296,2.1,2022JJ00
GM0296,2.4,2023JJ00
GM1696,,2013JJ00
GM1696,,2014JJ00
GM1696,,2015JJ00
GM1696,,2016JJ00
GM1696,,2017JJ00
GM1696,3.8,2018JJ00
GM1696,2.7,2019JJ00
GM1696,3.0,2020JJ00
GM1696,2.1,2021JJ00
GM1696,2.4,2022JJ00
GM1696,2.3,2023JJ00
GM0352,,2013JJ00
GM0352,,2014JJ00
GM0352,4.2,2015JJ00
GM0352,3.4,2016JJ00
GM0352,3.3,2017JJ00
GM0352,3.2,2018JJ00
GM0352,3.0,2019JJ00
GM0352,2.8,2020JJ00
GM0352,2.2,2021JJ00
GM0352,2.0,2022JJ00
GM0352,2.3,2023JJ00
GM0294,,2013JJ00
GM0294,,2014JJ00
GM0294,5.0,2015JJ00
GM0294,5.4,2016JJ00
GM0294,,2017JJ00
GM0294,,2018JJ00
GM0294,3.7,2019JJ00
GM0294,,2020JJ00
GM0294,2.8,2021JJ00
GM0294,3.0,2022JJ00
GM0294,3.0,2023JJ00
GM0873,,2013JJ00
GM0873,,2014JJ00
GM0873,,2015JJ00
GM0873,,2016JJ00
GM0873,,2017JJ00
GM0873,,2018JJ00
GM0873,,2019JJ00
GM0873,,2020JJ00
GM0873,,2021JJ00
GM0873,2.6,2022JJ00
GM0873,2.7,2023JJ00
GM0632,3.7,2013JJ00
GM0632,3.9,2014JJ00
GM0632,3.6,2015JJ00
GM0632,3.8,2016JJ00
GM0632,2.9,2017JJ00
GM0632,2.9,2018JJ00
GM0632,2.5,2019JJ00
GM0632,2.6,2020JJ00
GM0632,2.5,2021JJ00
GM0632,1.8,2022JJ00
GM0632,2.0,2023JJ00
GM1690,,2013JJ00
GM1690,,2014JJ00
GM1690,,2015JJ00
GM1690,,2016JJ00
GM1690,,2017JJ00
GM1690,,2018JJ00
GM1690,2.7,2019JJ00
GM1690,2.9,2020JJ00
GM1690,2.3,2021JJ00
GM1690,2.8,2022JJ00
GM1690,2.2,2023JJ00
GM0880,,2013JJ00
GM0880,,2014JJ00
GM0880,,2015JJ00
GM0880,,2016JJ00
GM0880,,2017JJ00
GM0880,,2018JJ00
GM0880,,2019JJ00
GM0880,,2020JJ00
GM0880,,2021JJ00
GM0880,,2022JJ00
GM0880,,2023JJ00
GM0351,,2013JJ00
GM0351,,2014JJ00
GM0351,,2015JJ00
GM0351,,2016JJ00
GM0351,,2017JJ00
GM0351,,2018JJ00
GM0351,,2019JJ00
GM0351,,2020JJ00
GM0351,,2021JJ00
GM0351,,2022JJ00
GM0351,,2023JJ00
GM0479,6.1,2013JJ00
GM0479,5.5,2014JJ00
GM0479,5.1,2015JJ00
GM0479,5.5,2016JJ00
GM0479,5.4,2017JJ00
GM0479,4.7,2018JJ00
GM0479,4.6,2019JJ00
GM0479,4.2,2020JJ00
GM0479,3.6,2021JJ00
GM0479,3.0,2022JJ00
GM0479,3.2,2023JJ00
GM0297,,2013JJ00
GM0297,,2014JJ00
GM0297,,2015JJ00
GM0297,4.9,2016JJ00
GM0297,3.5,2017JJ00
GM0297,3.8,2018JJ00
GM0297,2.7,2019JJ00
GM0297,2.9,2020JJ00
GM0297,3.1,2021JJ00
GM0297,2.6,2022JJ00
GM0297,2.7,2023JJ00
GM0473,,2013JJ00
GM0473,,2014JJ00
GM0473,,2015JJ00
GM0473,,2016JJ00
GM0473,,2017JJ00
GM0473,,2018JJ00
GM0473,,2019JJ00
GM0473,,2020JJ00
GM0473,,2021JJ00
GM0473,,2022JJ00
GM0473,,2023JJ00
GM0050,,2013JJ00
GM0050,3.2,2014JJ00
GM0050,,2015JJ00
GM0050,,2016JJ00
GM0050,,2017JJ00
GM0050,,2018JJ00
GM0050,3.1,2019JJ00
GM0050,2.7,2020JJ00
GM0050,2.6,2021JJ00
GM0050,2.4,2022JJ00
GM0050,2.4,2023JJ00
GM0355,4.8,2013JJ00
GM0355,3.9,2014JJ00
GM0355,4.1,2015JJ00
GM0355,3.6,2016JJ00
GM0355,3.1,2017JJ00
GM0355,2.8,2018JJ00
GM0355,2.2,2019JJ00
GM0355,2.7,2020JJ00
GM0355,2.0,2021JJ00
GM0355,2.0,2022JJ00
GM0355,2.3,2023JJ00
GM0299,6.6,2013JJ00
GM0299,6.4,2014JJ00
GM0299,5.7,2015JJ00
GM0299,5.5,2016JJ00
GM0299,5.0,2017JJ00
GM0299,5.5,2018JJ00
GM0299,3.9,2019JJ00
GM0299,4.0,2020JJ00
GM0299,2.9,2021JJ00
GM0299,3.1,2022JJ00
GM0299,3.3,2023JJ00
GM0637,5.1,2013JJ00
GM0637,6.2,2014JJ00
GM0637,4.9,2015JJ00
GM0637,4.8,2016JJ00
GM0637,4.2,2017JJ00
GM0637,3.1,2018JJ00
GM0637,3.6,2019JJ00
GM0637,3.6,2020JJ00
GM0637,3.6,2021JJ00
GM0637,3.4,2022JJ00
GM0637,2.9,2023JJ00
GM0638,,2013JJ00
GM0638,,2014JJ00
GM0638,,2015JJ00
GM0638,,2016JJ00
GM0638,,2017JJ00
GM0638,,2018JJ00
GM0638,,2019JJ00
GM0638,,2020JJ00
GM0638,,2021JJ00
GM0638,,2022JJ00
GM0638,,2023JJ00
GM1892,4.4,2013JJ00
GM1892,4.7,2014JJ00
GM1892,4.3,2015JJ00
GM1892,3.6,2016JJ00
GM1892,3.2,2017JJ00
GM1892,2.6,2018JJ00
GM1892,2.4,2019JJ00
GM1892,2.6,2020JJ00
GM1892,2.1,2021JJ00
GM1892,2.1,2022JJ00
GM1892,1.8,2023JJ00
GM0879,,2013JJ00
GM0879,,2014JJ00
GM0879,,2015JJ00
GM0879,,2016JJ00
GM0879,,2017JJ00
GM0879,,2018JJ00
GM0879,,2019JJ00
GM0879,,2020JJ00
GM0879,2.1,2021JJ00
GM0879,2.7,2022JJ00
GM0879,,2023JJ00
GM0301,5.2,2013JJ00
GM0301,5.5,2014JJ00
GM0301,5.8,2015JJ00
GM0301,5.7,2016JJ00
GM0301,4.3,2017JJ00
GM0301,4.0,2018JJ00
GM0301,3.0,2019JJ00
GM0301,3.4,2020JJ00
GM0301,2.8,2021JJ00
GM0301,3.0,2022JJ00
GM0301,3.2,2023JJ00
GM1896,,2013JJ00
GM1896,,2014JJ00
GM1896,,2015JJ00
GM1896,,2016JJ00
GM1896,,2017JJ00
GM1896,,2018JJ00
GM1896,,2019JJ00
GM1896,,2020JJ00
GM1896,,2021JJ00
GM1896,,2022JJ00
GM1896,,2023JJ00
GM0642,7.0,2013JJ00
GM0642,6.1,2014JJ00
GM0642,6.0,2015JJ00
GM0642,5.2,2016JJ00
GM0642,4.5,2017JJ00
GM0642,4.9,2018JJ00
GM0642,3.5,2019JJ00
GM0642,4.0,2020JJ00
GM0642,3.5,2021JJ00
GM0642,2.5,2022JJ00
GM0642,3.2,2023JJ00
GM0193,4.3,2013JJ00
GM0193,3.2,2014JJ00
GM0193,3.8,2015JJ00
GM0193,3.3,2016JJ00
GM0193,3.5,2017JJ00
GM0193,2.9,2018JJ00
GM0193,2.9,2019JJ00
GM0193,2.5,2020JJ00
GM0193,2.2,2021JJ00
GM0193,2.0,2022JJ00
GM0193,1.8,2023JJ00
AM01  ,5.4,2013JJ00
AM01  ,5.2,2014JJ00
AM01  ,5.7,2015JJ00
AM01  ,4.9,2016JJ00
AM01  ,4.4,2017JJ00
AM01  ,4.0,2018JJ00
AM01  ,3.6,2019JJ00
AM01  ,3.7,2020JJ00
AM01  ,3.5,2021JJ00
AM01  ,3.0,2022JJ00
AM01  ,2.8,2023JJ00
AM02  ,6.0,2013JJ00
AM02  ,6.5,2014JJ00
AM02  ,6.3,2015JJ00
AM02  ,5.1,2016JJ00
AM02  ,5.0,2017JJ00
AM02  ,4.3,2018JJ00
AM02  ,3.8,2019JJ00
AM02  ,4.1,2020JJ00
AM02  ,3.4,2021JJ00
AM02  ,2.8,2022JJ00
AM02  ,2.9,2023JJ00
AM03  ,7.2,2013JJ00
AM03  ,6.6,2014JJ00
AM03  ,5.7,2015JJ00
AM03  ,5.2,2016JJ00
AM03  ,4.6,2017JJ00
AM03  ,5.1,2018JJ00
AM03  ,4.1,2019JJ00
AM03  ,4.7,2020JJ00
AM03  ,2.9,2021JJ00
AM03  ,3.2,2022JJ00
AM03  ,3.0,2023JJ00
AM05  ,5.6,2013JJ00
AM05  ,5.4,2014JJ00
AM05  ,5.5,2015JJ00
AM05  ,5.4,2016JJ00
AM05  ,4.8,2017JJ00
AM05  ,4.1,2018JJ00
AM05  ,3.6,2019JJ00
AM05  ,3.9,2020JJ00
AM05  ,3.0,2021JJ00
AM05  ,2.6,2022JJ00
AM05  ,2.7,2023JJ00
AM06  ,4.4,2013JJ00
AM06  ,4.8,2014JJ00
AM06  ,4.5,2015JJ00
AM06  ,4.6,2016JJ00
AM06  ,3.9,2017JJ00
AM06  ,3.7,2018JJ00
AM06  ,3.2,2019JJ00
AM06  ,3.3,2020JJ00
AM06  ,2.7,2021JJ00
AM06  ,2.6,2022JJ00
AM06  ,2.5,2023JJ00
AM07  ,5.4,2013JJ00
AM07  ,5.3,2014JJ00
AM07  ,4.8,2015JJ00
AM07  ,4.5,2016JJ00
AM07  ,3.8,2017JJ00
AM07  ,3.7,2018JJ00
AM07  ,3.2,2019JJ00
AM07  ,3.4,2020JJ00
AM07  ,3.2,2021JJ00
AM07  ,2.8,2022JJ00
AM07  ,2.4,2023JJ00
AM08  ,4.8,2013JJ00
AM08  ,4.5,2014JJ00
AM08  ,4.6,2015JJ00
AM08  ,4.6,2016JJ00
AM08  ,3.2,2017JJ00
AM08  ,3.6,2018JJ00
AM08  ,2.9,2019JJ00
AM08  ,3.0,2020JJ00
AM08  ,2.8,2021JJ00
AM08  ,2.7,2022JJ00
AM08  ,2.5,2023JJ00
AM09  ,6.0,2013JJ00
AM09  ,5.9,2014JJ00
AM09  ,5.3,2015JJ00
AM09  ,5.3,2016JJ00
AM09  ,4.7,2017JJ00
AM09  ,4.3,2018JJ00
AM09  ,3.5,2019JJ00
AM09  ,3.7,2020JJ00
AM09  ,2.6,2021JJ00
AM09  ,2.8,2022JJ00
AM09  ,2.7,2023JJ00
AM10  ,5.1,2013JJ00
AM10  ,5.1,2014JJ00
AM10  ,4.8,2015JJ00
AM10  ,4.7,2016JJ00
AM10  ,3.8,2017JJ00
AM10  ,3.5,2018JJ00
AM10  ,2.8,2019JJ00
AM10  ,3.2,2020JJ00
AM10  ,2.5,2021JJ00
AM10  ,2.5,2022JJ00
AM10  ,2.6,2023JJ00
AM11  ,6.5,2013JJ00
AM11  ,6.4,2014JJ00
AM11  ,5.0,2015JJ00
AM11  ,5.5,2016JJ00
AM11  ,4.5,2017JJ00
AM11  ,4.2,2018JJ00
AM11  ,3.7,2019JJ00
AM11  ,4.1,2020JJ00
AM11  ,3.4,2021JJ00
AM11  ,3.3,2022JJ00
AM11  ,2.8,2023JJ00
AM12  ,4.6,2013JJ00
AM12  ,4.3,2014JJ00
AM12  ,4.2,2015JJ00
AM12  ,3.9,2016JJ00
AM12  ,3.4,2017JJ00
AM12  ,3.2,2018JJ00
AM12  ,2.8,2019JJ00
AM12  ,2.9,2020JJ00
AM12  ,2.7,2021JJ00
AM12  ,2.1,2022JJ00
AM12  ,2.4,2023JJ00
AM13  ,4.5,2013JJ00
AM13  ,4.2,2014JJ00
AM13  ,4.4,2015JJ00
AM13  ,3.8,2016JJ00
AM13  ,3.2,2017JJ00
AM13  ,3.1,2018JJ00
AM13  ,2.4,2019JJ00
AM13  ,2.7,2020JJ00
AM13  ,2.1,2021JJ00
AM13  ,2.3,2022JJ00
AM13  ,2.4,2023JJ00
AM14  ,4.6,2013JJ00
AM14  ,4.2,2014JJ00
AM14  ,4.6,2015JJ00
AM14  ,4.1,2016JJ00
AM14  ,3.1,2017JJ00
AM14  ,2.9,2018JJ00
AM14  ,2.5,2019JJ00
AM14  ,2.6,2020JJ00
AM14  ,2.5,2021JJ00
AM14  ,2.1,2022JJ00
AM14  ,2.1,2023JJ00
AM15  ,5.4,2013JJ00
AM15  ,4.5,2014JJ00
AM15  ,4.7,2015JJ00
AM15  ,4.2,2016JJ00
AM15  ,4.2,2017JJ00
AM15  ,3.9,2018JJ00
AM15  ,3.4,2019JJ00
AM15  ,3.6,2020JJ00
AM15  ,2.7,2021JJ00
AM15  ,2.5,2022JJ00
AM15  ,2.8,2023JJ00
AM17  ,5.8,2013JJ00
AM17  ,5.0,2014JJ00
AM17  ,4.6,2015JJ00
AM17  ,4.5,2016JJ00
AM17  ,4.7,2017JJ00
AM17  ,4.2,2018JJ00
AM17  ,3.7,2019JJ00
AM17  ,3.9,2020JJ00
AM17  ,3.2,2021JJ00
AM17  ,2.7,2022JJ00
AM17  ,2.9,2023JJ00
AM18  ,5.6,2013JJ00
AM18  ,4.9,2014JJ00
AM18  ,5.4,2015JJ00
AM18  ,4.5,2016JJ00
AM18  ,3.8,2017JJ00
AM18  ,3.7,2018JJ00
AM18  ,3.2,2019JJ00
AM18  ,3.7,2020JJ00
AM18  ,3.5,2021JJ00
AM18  ,3.0,2022JJ00
AM18  ,3.4,2023JJ00
AM19  ,4.1,2013JJ00
AM19  ,3.9,2014JJ00
AM19  ,3.9,2015JJ00
AM19  ,3.9,2016JJ00
AM19  ,3.6,2017JJ00
AM19  ,3.2,2018JJ00
AM19  ,2.9,2019JJ00
AM19  ,3.0,2020JJ00
AM19  ,2.7,2021JJ00
AM19  ,2.6,2022JJ00
AM19  ,2.5,2023JJ00
AM20  ,4.7,2013JJ00
AM20  ,4.7,2014JJ00
AM20  ,4.2,2015JJ00
AM20  ,4.2,2016JJ00
AM20  ,3.6,2017JJ00
AM20  ,3.4,2018JJ00
AM20  ,3.2,2019JJ00
AM20  ,3.0,2020JJ00
AM20  ,2.6,2021JJ00
AM20  ,2.2,2022JJ00
AM20  ,2.4,2023JJ00
AM21  ,5.9,2013JJ00
AM21  ,6.4,2014JJ00
AM21  ,5.2,2015JJ00
AM21  ,5.2,2016JJ00
AM21  ,4.5,2017JJ00
AM21  ,3.6,2018JJ00
AM21  ,3.5,2019JJ00
AM21  ,3.6,2020JJ00
AM21  ,4.0,2021JJ00
AM21  ,3.1,2022JJ00
AM21  ,3.0,2023JJ00
AM22  ,6.9,2013JJ00
AM22  ,6.6,2014JJ00
AM22  ,6.1,2015JJ00
AM22  ,5.6,2016JJ00
AM22  ,5.2,2017JJ00
AM22  ,4.2,2018JJ00
AM22  ,3.7,2019JJ00
AM22  ,4.1,2020JJ00
AM22  ,4.0,2021JJ00
AM22  ,3.2,2022JJ00
AM22  ,3.1,2023JJ00
AM23  ,6.1,2013JJ00
AM23  ,5.1,2014JJ00
AM23  ,4.8,2015JJ00
AM23  ,4.7,2016JJ00
AM23  ,4.4,2017JJ00
AM23  ,4.2,2018JJ00
AM23  ,3.2,2019JJ00
AM23  ,3.7,2020JJ00
AM23  ,2.8,2021JJ00
AM23  ,2.5,2022JJ00
AM23  ,2.7,2023JJ00
AM24  ,5.8,2013JJ00
AM24  ,4.3,2014JJ00
AM24  ,5.1,2015JJ00
AM24  ,4.7,2016JJ00
AM24  ,4.4,2017JJ00
AM24  ,4.2,2018JJ00
AM24  ,4.1,2019JJ00
AM24  ,3.7,2020JJ00
AM24  ,3.7,2021JJ00
AM24  ,2.7,2022JJ00
AM24  ,2.8,2023JJ00
AM25  ,5.1,2013JJ00
AM25  ,4.8,2014JJ00
AM25  ,4.8,2015JJ00
AM25  ,4.3,2016JJ00
AM25  ,3.7,2017JJ00
AM25  ,3.6,2018JJ00
AM25  ,3.3,2019JJ00
AM25  ,3.6,2020JJ00
AM25  ,2.3,2021JJ00
AM25  ,2.6,2022JJ00
AM25  ,2.6,2023JJ00
AM26  ,5.3,2013JJ00
AM26  ,4.9,2014JJ00
AM26  ,4.7,2015JJ00
AM26  ,4.1,2016JJ00
AM26  ,4.0,2017JJ00
AM26  ,3.6,2018JJ00
AM26  ,3.6,2019JJ00
AM26  ,3.7,2020JJ00
AM26  ,2.0,2021JJ00
AM26  ,2.6,2022JJ00
AM26  ,2.9,2023JJ00
AM27  ,4.6,2013JJ00
AM27  ,4.9,2014JJ00
AM27  ,4.5,2015JJ00
AM27  ,4.0,2016JJ00
AM27  ,3.4,2017JJ00
AM27  ,3.4,2018JJ00
AM27  ,3.2,2019JJ00
AM27  ,3.5,2020JJ00
AM27  ,1.9,2021JJ00
AM27  ,2.2,2022JJ00
AM27  ,2.5,2023JJ00
AM28  ,5.4,2013JJ00
AM28  ,5.6,2014JJ00
AM28  ,4.5,2015JJ00
AM28  ,3.7,2016JJ00
AM28  ,3.5,2017JJ00
AM28  ,3.1,2018JJ00
AM28  ,3.0,2019JJ00
AM28  ,3.4,2020JJ00
AM28  ,2.2,2021JJ00
AM28  ,2.6,2022JJ00
AM28  ,2.5,2023JJ00
AM29  ,5.8,2013JJ00
AM29  ,6.0,2014JJ00
AM29  ,6.1,2015JJ00
AM29  ,4.2,2016JJ00
AM29  ,4.8,2017JJ00
AM29  ,3.8,2018JJ00
AM29  ,3.5,2019JJ00
AM29  ,4.2,2020JJ00
AM29  ,2.7,2021JJ00
AM29  ,3.0,2022JJ00
AM29  ,2.9,2023JJ00
AM30  ,5.8,2013JJ00
AM30  ,5.7,2014JJ00
AM30  ,5.8,2015JJ00
AM30  ,4.5,2016JJ00
AM30  ,4.6,2017JJ00
AM30  ,4.0,2018JJ00
AM30  ,4.0,2019JJ00
AM30  ,4.1,2020JJ00
AM30  ,2.7,2021JJ00
AM30  ,2.9,2022JJ00
AM30  ,3.1,2023JJ00
AM32  ,5.6,2013JJ00
AM32  ,5.5,2014JJ00
AM32  ,5.5,2015JJ00
AM32  ,4.9,2016JJ00
AM32  ,4.2,2017JJ00
AM32  ,4.2,2018JJ00
AM32  ,3.8,2019JJ00
AM32  ,4.3,2020JJ00
AM32  ,2.4,2021JJ00
AM32  ,2.5,2022JJ00
AM32  ,2.7,2023JJ00
AM33  ,4.9,2013JJ00
AM33  ,4.8,2014JJ00
AM33  ,5.0,2015JJ00
AM33  ,4.3,2016JJ00
AM33  ,4.1,2017JJ00
AM33  ,4.1,2018JJ00
AM33  ,3.2,2019JJ00
AM33  ,3.6,2020JJ00
AM33  ,2.4,2021JJ00
AM33  ,2.6,2022JJ00
AM33  ,2.7,2023JJ00
AM34  ,4.2,2013JJ00
AM34  ,4.3,2014JJ00
AM34  ,3.8,2015JJ00
AM34  ,3.9,2016JJ00
AM34  ,3.3,2017JJ00
AM34  ,2.7,2018JJ00
AM34  ,2.8,2019JJ00
AM34  ,3.0,2020JJ00
AM34  ,2.7,2021JJ00
AM34  ,2.4,2022JJ00
AM34  ,2.3,2023JJ00
AM35  ,5.5,2013JJ00
AM35  ,4.8,2014JJ00
AM35  ,4.7,2015JJ00
AM35  ,4.8,2016JJ00
AM35  ,3.6,2017JJ00
AM35  ,3.9,2018JJ00
AM35  ,3.3,2019JJ00
AM35  ,3.5,2020JJ00
AM35  ,2.8,2021JJ00
AM35  ,2.5,2022JJ00
AM35  ,2.7,2023JJ00
AM36  ,4.9,2013JJ00
AM36  ,4.5,2014JJ00
AM36  ,4.7,2015JJ00
AM36  ,4.4,2016JJ00
AM36  ,3.9,2017JJ00
AM36  ,3.6,2018JJ00
AM36  ,3.4,2019JJ00
AM36  ,3.2,2020JJ00
AM36  ,2.4,2021JJ00
AM36  ,2.4,2022JJ00
AM36  ,2.2,2023JJ00
AM37  ,4.2,2013JJ00
AM37  ,3.8,2014JJ00
AM37  ,4.1,2015JJ00
AM37  ,4.0,2016JJ00
AM37  ,3.9,2017JJ00
AM37  ,3.1,2018JJ00
AM37  ,2.8,2019JJ00
AM37  ,3.2,2020JJ00
AM37  ,2.8,2021JJ00
AM37  ,2.6,2022JJ00
AM37  ,2.5,2023JJ00
AM38  ,5.0,2013JJ00
AM38  ,4.5,2014JJ00
AM38  ,4.1,2015JJ00
AM38  ,4.4,2016JJ00
AM38  ,3.3,2017JJ00
AM38  ,3.2,2018JJ00
AM38  ,2.9,2019JJ00
AM38  ,3.0,2020JJ00
AM38  ,2.4,2021JJ00
AM38  ,2.5,2022JJ00
AM38  ,2.4,2023JJ00
AM99  ,,2013JJ00
AM99  ,,2014JJ00
AM99  ,,2015JJ00
AM99  ,,2016JJ00
AM99  ,,2017JJ00
AM99  ,,2018JJ00
AM99  ,,2019JJ00
AM99  ,,2020JJ00
AM99  ,,2021JJ00
AM99  ,,2022JJ00
AM99  ,,2023JJ00
NL01  ,,2013JJ00
NL01  ,,2014JJ00
NL01  ,,2015JJ00
NL01  ,,2016JJ00
NL01  ,,2017JJ00
NL01  ,,2018JJ00
NL01  ,,2019JJ00
NL01  ,,2020JJ00
NL01  ,,2021JJ00
NL01  ,,2022JJ00
NL01  ,,2023JJ00
LD01  ,,2013JJ00
LD01  ,,2014JJ00
LD01  ,,2015JJ00
LD01  ,,2016JJ00
LD01  ,,2017JJ00
LD01  ,,2018JJ00
LD01  ,,2019JJ00
LD01  ,,2020JJ00
LD01  ,,2021JJ00
LD01  ,,2022JJ00
LD01  ,,2023JJ00
LD02  ,,2013JJ00
LD02  ,,2014JJ00
LD02  ,,2015JJ00
LD02  ,,2016JJ00
LD02  ,,2017JJ00
LD02  ,,2018JJ00
LD02  ,,2019JJ00
LD02  ,,2020JJ00
LD02  ,,2021JJ00
LD02  ,,2022JJ00
LD02  ,,2023JJ00
LD03  ,,2013JJ00
LD03  ,,2014JJ00
LD03  ,,2015JJ00
LD03  ,,2016JJ00
LD03  ,,2017JJ00
LD03  ,,2018JJ00
LD03  ,,2019JJ00
LD03  ,,2020JJ00
LD03  ,,2021JJ00
LD03  ,,2022JJ00
LD03  ,,2023JJ00
LD04  ,,2013JJ00
LD04  ,,2014JJ00
LD04  ,,2015JJ00
LD04  ,,2016JJ00
LD04  ,,2017JJ00
LD04  ,,2018JJ00
LD04  ,,2019JJ00
LD04  ,,2020JJ00
LD04  ,,2021JJ00
LD04  ,,2022JJ00
LD04  ,,2023JJ00
PV20  ,,2013JJ00
PV20  ,,2014JJ00
PV20  ,,2015JJ00
PV20  ,,2016JJ00
PV20  ,,2017JJ00
PV20  ,,2018JJ00
PV20  ,,2019JJ00
PV20  ,,2020JJ00
PV20  ,,2021JJ00
PV20  ,,2022JJ00
PV20  ,,2023JJ00
PV21  ,,2013JJ00
PV21  ,,2014JJ00
PV21  ,,2015JJ00
PV21  ,,2016JJ00
PV21  ,,2017JJ00
PV21  ,,2018JJ00
PV21  ,,2019JJ00
PV21  ,,2020JJ00
PV21  ,,2021JJ00
PV21  ,,2022JJ00
PV21  ,,2023JJ00
PV22  ,,2013JJ00
PV22  ,,2014JJ00
PV22  ,,2015JJ00
PV22  ,,2016JJ00
PV22  ,,2017JJ00
PV22  ,,2018JJ00
PV22  ,,2019JJ00
PV22  ,,2020JJ00
PV22  ,,2021JJ00
PV22  ,,2022JJ00
PV22  ,,2023JJ00
PV23  ,,2013JJ00
PV23  ,,2014JJ00
PV23  ,,2015JJ00
PV23  ,,2016JJ00
PV23  ,,2017JJ00
PV23  ,,2018JJ00
PV23  ,,2019JJ00
PV23  ,,2020JJ00
PV23  ,,2021JJ00
PV23  ,,2022JJ00
PV23  ,,2023JJ00
PV24  ,,2013JJ00
PV24  ,,2014JJ00
PV24  ,,2015JJ00
PV24  ,,2016JJ00
PV24  ,,2017JJ00
PV24  ,,2018JJ00
PV24  ,,2019JJ00
PV24  ,,2020JJ00
PV24  ,,2021JJ00
PV24  ,,2022JJ00
PV24  ,,2023JJ00
PV25  ,,2013JJ00
PV25  ,,2014JJ00
PV25  ,,2015JJ00
PV25  ,,2016JJ00
PV25  ,,2017JJ00
PV25  ,,2018JJ00
PV25  ,,2019JJ00
PV25  ,,2020JJ00
PV25  ,,2021JJ00
PV25  ,,2022JJ00
PV25  ,,2023JJ00
PV26  ,,2013JJ00
PV26  ,,2014JJ00
PV26  ,,2015JJ00
PV26  ,,2016JJ00
PV26  ,,2017JJ00
PV26  ,,2018JJ00
PV26  ,,2019JJ00
PV26  ,,2020JJ00
PV26  ,,2021JJ00
PV26  ,,2022JJ00
PV26  ,,2023JJ00
PV27  ,,2013JJ00
PV27  ,,2014JJ00
PV27  ,,2015JJ00
PV27  ,,2016JJ00
PV27  ,,2017JJ00
PV27  ,,2018JJ00
PV27  ,,2019JJ00
PV27  ,,2020JJ00
PV27  ,,2021JJ00
PV27  ,,2022JJ00
PV27  ,,2023JJ00
PV28  ,,2013JJ00
PV28  ,,2014JJ00
PV28  ,,2015JJ00
PV28  ,,2016JJ00
PV28  ,,2017JJ00
PV28  ,,2018JJ00
PV28  ,,2019JJ00
PV28  ,,2020JJ00
PV28  ,,2021JJ00
PV28  ,,2022JJ00
PV28  ,,2023JJ00
PV29  ,,2013JJ00
PV29  ,,2014JJ00
PV29  ,,2015JJ00
PV29  ,,2016JJ00
PV29  ,,2017JJ00
PV29  ,,2018JJ00
PV29  ,,2019JJ00
PV29  ,,2020JJ00
PV29  ,,2021JJ00
PV29  ,,2022JJ00
PV29  ,,2023JJ00
PV30  ,,2013JJ00
PV30  ,,2014JJ00
PV30  ,,2015JJ00
PV30  ,,2016JJ00
PV30  ,,2017JJ00
PV30  ,,2018JJ00
PV30  ,,2019JJ00
PV30  ,,2020JJ00
PV30  ,,2021JJ00
PV30  ,,2022JJ00
PV30  ,,2023JJ00
PV31  ,,2013JJ00
PV31  ,,2014JJ00
PV31  ,,2015JJ00
PV31  ,,2016JJ00
PV31  ,,2017JJ00
PV31  ,,2018JJ00
PV31  ,,2019JJ00
PV31  ,,2020JJ00
PV31  ,,2021JJ00
PV31  ,,2022JJ00
PV31  ,,2023JJ00
CR01  ,,2013JJ00
CR01  ,,2014JJ00
CR01  ,,2015JJ00
CR01  ,,2016JJ00
CR01  ,,2017JJ00
CR01  ,,2018JJ00
CR01  ,,2019JJ00
CR01  ,,2020JJ00
CR01  ,,2021JJ00
CR01  ,,2022JJ00
CR01  ,,2023JJ00
CR02  ,,2013JJ00
CR02  ,,2014JJ00
CR02  ,,2015JJ00
CR02  ,,2016JJ00
CR02  ,,2017JJ00
CR02  ,,2018JJ00
CR02  ,,2019JJ00
CR02  ,,2020JJ00
CR02  ,,2021JJ00
CR02  ,,2022JJ00
CR02  ,,2023JJ00
CR03  ,,2013JJ00
CR03  ,,2014JJ00
CR03  ,,2015JJ00
CR03  ,,2016JJ00
CR03  ,,2017JJ00
CR03  ,,2018JJ00
CR03  ,,2019JJ00
CR03  ,,2020JJ00
CR03  ,,2021JJ00
CR03  ,,2022JJ00
CR03  ,,2023JJ00
CR04  ,,2013JJ00
CR04  ,,2014JJ00
CR04  ,,2015JJ00
CR04  ,,2016JJ00
CR04  ,,2017JJ00
CR04  ,,2018JJ00
CR04  ,,2019JJ00
CR04  ,,2020JJ00
CR04  ,,2021JJ00
CR04  ,,2022JJ00
CR04  ,,2023JJ00
CR05  ,,2013JJ00
CR05  ,,2014JJ00
CR05  ,,2015JJ00
CR05  ,,2016JJ00
CR05  ,,2017JJ00
CR05  ,,2018JJ00
CR05  ,,2019JJ00
CR05  ,,2020JJ00
CR05  ,,2021JJ00
CR05  ,,2022JJ00
CR05  ,,2023JJ00
CR06  ,,2013JJ00
CR06  ,,2014JJ00
CR06  ,,2015JJ00
CR06  ,,2016JJ00
CR06  ,,2017JJ00
CR06  ,,2018JJ00
CR06  ,,2019JJ00
CR06  ,,2020JJ00
CR06  ,,2021JJ00
CR06  ,,2022JJ00
CR06  ,,2023JJ00
CR07  ,,2013JJ00
CR07  ,,2014JJ00
CR07  ,,2015JJ00
CR07  ,,2016JJ00
CR07  ,,2017JJ00
CR07  ,,2018JJ00
CR07  ,,2019JJ00
CR07  ,,2020JJ00
CR07  ,,2021JJ00
CR07  ,,2022JJ00
CR07  ,,2023JJ00
CR08  ,,2013JJ00
CR08  ,,2014JJ00
CR08  ,,2015JJ00
CR08  ,,2016JJ00
CR08  ,,2017JJ00
CR08  ,,2018JJ00
CR08  ,,2019JJ00
CR08  ,,2020JJ00
CR08  ,,2021JJ00
CR08  ,,2022JJ00
CR08  ,,2023JJ00
CR09  ,,2013JJ00
CR09  ,,2014JJ00
CR09  ,,2015JJ00
CR09  ,,2016JJ00
CR09  ,,2017JJ00
CR09  ,,2018JJ00
CR09  ,,2019JJ00
CR09  ,,2020JJ00
CR09  ,,2021JJ00
CR09  ,,2022JJ00
CR09  ,,2023JJ00
CR10  ,,2013JJ00
CR10  ,,2014JJ00
CR10  ,,2015JJ00
CR10  ,,2016JJ00
CR10  ,,2017JJ00
CR10  ,,2018JJ00
CR10  ,,2019JJ00
CR10  ,,2020JJ00
CR10  ,,2021JJ00
CR10  ,,2022JJ00
CR10  ,,2023JJ00
CR11  ,,2013JJ00
CR11  ,,2014JJ00
CR11  ,,2015JJ00
CR11  ,,2016JJ00
CR11  ,,2017JJ00
CR11  ,,2018JJ00
CR11  ,,2019JJ00
CR11  ,,2020JJ00
CR11  ,,2021JJ00
CR11  ,,2022JJ00
CR11  ,,2023JJ00
CR12  ,,2013JJ00
CR12  ,,2014JJ00
CR12  ,,2015JJ00
CR12  ,,2016JJ00
CR12  ,,2017JJ00
CR12  ,,2018JJ00
CR12  ,,2019JJ00
CR12  ,,2020JJ00
CR12  ,,2021JJ00
CR12  ,,2022JJ00
CR12  ,,2023JJ00
CR13  ,,2013JJ00
CR13  ,,2014JJ00
CR13  ,,2015JJ00
CR13  ,,2016JJ00
CR13  ,,2017JJ00
CR13  ,,2018JJ00
CR13  ,,2019JJ00
CR13  ,,2020JJ00
CR13  ,,2021JJ00
CR13  ,,2022JJ00
CR13  ,,2023JJ00
CR14  ,,2013JJ00
CR14  ,,2014JJ00
CR14  ,,2015JJ00
CR14  ,,2016JJ00
CR14  ,,2017JJ00
CR14  ,,2018JJ00
CR14  ,,2019JJ00
CR14  ,,2020JJ00
CR14  ,,2021JJ00
CR14  ,,2022JJ00
CR14  ,,2023JJ00
CR15  ,,2013JJ00
CR15  ,,2014JJ00
CR15  ,,2015JJ00
CR15  ,,2016JJ00
CR15  ,,2017JJ00
CR15  ,,2018JJ00
CR15  ,,2019JJ00
CR15  ,,2020JJ00
CR15  ,,2021JJ00
CR15  ,,2022JJ00
CR15  ,,2023JJ00
CR16  ,,2013JJ00
CR16  ,,2014JJ00
CR16  ,,2015JJ00
CR16  ,,2016JJ00
CR16  ,,2017JJ00
CR16  ,,2018JJ00
CR16  ,,2019JJ00
CR16  ,,2020JJ00
CR16  ,,2021JJ00
CR16  ,,2022JJ00
CR16  ,,2023JJ00
CR17  ,,2013JJ00
CR17  ,,2014JJ00
CR17  ,,2015JJ00
CR17  ,,2016JJ00
CR17  ,,2017JJ00
CR17  ,,2018JJ00
CR17  ,,2019JJ00
CR17  ,,2020JJ00
CR17  ,,2021JJ00
CR17  ,,2022JJ00
CR17  ,,2023JJ00
CR18  ,,2013JJ00
CR18  ,,2014JJ00
CR18  ,,2015JJ00
CR18  ,,2016JJ00
CR18  ,,2017JJ00
CR18  ,,2018JJ00
CR18  ,,2019JJ00
CR18  ,,2020JJ00
CR18  ,,2021JJ00
CR18  ,,2022JJ00
CR18  ,,2023JJ00
CR19  ,,2013JJ00
CR19  ,,2014JJ00
CR19  ,,2015JJ00
CR19  ,,2016JJ00
CR19  ,,2017JJ00
CR19  ,,2018JJ00
CR19  ,,2019JJ00
CR19  ,,2020JJ00
CR19  ,,2021JJ00
CR19  ,,2022JJ00
CR19  ,,2023JJ00
CR20  ,,2013JJ00
CR20  ,,2014JJ00
CR20  ,,2015JJ00
CR20  ,,2016JJ00
CR20  ,,2017JJ00
CR20  ,,2018JJ00
CR20  ,,2019JJ00
CR20  ,,2020JJ00
CR20  ,,2021JJ00
CR20  ,,2022JJ00
CR20  ,,2023JJ00
CR21  ,,2013JJ00
CR21  ,,2014JJ00
CR21  ,,2015JJ00
CR21  ,,2016JJ00
CR21  ,,2017JJ00
CR21  ,,2018JJ00
CR21  ,,2019JJ00
CR21  ,,2020JJ00
CR21  ,,2021JJ00
CR21  ,,2022JJ00
CR21  ,,2023JJ00
CR22  ,,2013JJ00
CR22  ,,2014JJ00
CR22  ,,2015JJ00
CR22  ,,2016JJ00
CR22  ,,2017JJ00
CR22  ,,2018JJ00
CR22  ,,2019JJ00
CR22  ,,2020JJ00
CR22  ,,2021JJ00
CR22  ,,2022JJ00
CR22  ,,2023JJ00
CR23  ,,2013JJ00
CR23  ,,2014JJ00
CR23  ,,2015JJ00
CR23  ,,2016JJ00
CR23  ,,2017JJ00
CR23  ,,2018JJ00
CR23  ,,2019JJ00
CR23  ,,2020JJ00
CR23  ,,2021JJ00
CR23  ,,2022JJ00
CR23  ,,2023JJ00
CR24  ,,2013JJ00
CR24  ,,2014JJ00
CR24  ,,2015JJ00
CR24  ,,2016JJ00
CR24  ,,2017JJ00
CR24  ,,2018JJ00
CR24  ,,2019JJ00
CR24  ,,2020JJ00
CR24  ,,2021JJ00
CR24  ,,2022JJ00
CR24  ,,2023JJ00
CR25  ,,2013JJ00
CR25  ,,2014JJ00
CR25  ,,2015JJ00
CR25  ,,2016JJ00
CR25  ,,2017JJ00
CR25  ,,2018JJ00
CR25  ,,2019JJ00
CR25  ,,2020JJ00
CR25  ,,2021JJ00
CR25  ,,2022JJ00
CR25  ,,2023JJ00
CR26  ,,2013JJ00
CR26  ,,2014JJ00
CR26  ,,2015JJ00
CR26  ,,2016JJ00
CR26  ,,2017JJ00
CR26  ,,2018JJ00
CR26  ,,2019JJ00
CR26  ,,2020JJ00
CR26  ,,2021JJ00
CR26  ,,2022JJ00
CR26  ,,2023JJ00
CR27  ,,2013JJ00
CR27  ,,2014JJ00
CR27  ,,2015JJ00
CR27  ,,2016JJ00
CR27  ,,2017JJ00
CR27  ,,2018JJ00
CR27  ,,2019JJ00
CR27  ,,2020JJ00
CR27  ,,2021JJ00
CR27  ,,2022JJ00
CR27  ,,2023JJ00
CR28  ,,2013JJ00
CR28  ,,2014JJ00
CR28  ,,2015JJ00
CR28  ,,2016JJ00
CR28  ,,2017JJ00
CR28  ,,2018JJ00
CR28  ,,2019JJ00
CR28  ,,2020JJ00
CR28  ,,2021JJ00
CR28  ,,2022JJ00
CR28  ,,2023JJ00
CR29  ,,2013JJ00
CR29  ,,2014JJ00
CR29  ,,2015JJ00
CR29  ,,2016JJ00
CR29  ,,2017JJ00
CR29  ,,2018JJ00
CR29  ,,2019JJ00
CR29  ,,2020JJ00
CR29  ,,2021JJ00
CR29  ,,2022JJ00
CR29  ,,2023JJ00
CR30  ,,2013JJ00
CR30  ,,2014JJ00
CR30  ,,2015JJ00
CR30  ,,2016JJ00
CR30  ,,2017JJ00
CR30  ,,2018JJ00
CR30  ,,2019JJ00
CR30  ,,2020JJ00
CR30  ,,2021JJ00
CR30  ,,2022JJ00
CR30  ,,2023JJ00
CR31  ,,2013JJ00
CR31  ,,2014JJ00
CR31  ,,2015JJ00
CR31  ,,2016JJ00
CR31  ,,2017JJ00
CR31  ,,2018JJ00
CR31  ,,2019JJ00
CR31  ,,2020JJ00
CR31  ,,2021JJ00
CR31  ,,2022JJ00
CR31  ,,2023JJ00
CR32  ,,2013JJ00
CR32  ,,2014JJ00
CR32  ,,2015JJ00
CR32  ,,2016JJ00
CR32  ,,2017JJ00
CR32  ,,2018JJ00
CR32  ,,2019JJ00
CR32  ,,2020JJ00
CR32  ,,2021JJ00
CR32  ,,2022JJ00
CR32  ,,2023JJ00
CR33  ,,2013JJ00
CR33  ,,2014JJ00
CR33  ,,2015JJ00
CR33  ,,2016JJ00
CR33  ,,2017JJ00
CR33  ,,2018JJ00
CR33  ,,2019JJ00
CR33  ,,2020JJ00
CR33  ,,2021JJ00
CR33  ,,2022JJ00
CR33  ,,2023JJ00
CR34  ,,2013JJ00
CR34  ,,2014JJ00
CR34  ,,2015JJ00
CR34  ,,2016JJ00
CR34  ,,2017JJ00
CR34  ,,2018JJ00
CR34  ,,2019JJ00
CR34  ,,2020JJ00
CR34  ,,2021JJ00
CR34  ,,2022JJ00
CR34  ,,2023JJ00
CR35  ,,2013JJ00
CR35  ,,2014JJ00
CR35  ,,2015JJ00
CR35  ,,2016JJ00
CR35  ,,2017JJ00
CR35  ,,2018JJ00
CR35  ,,2019JJ00
CR35  ,,2020JJ00
CR35  ,,2021JJ00
CR35  ,,2022JJ00
CR35  ,,2023JJ00
CR36  ,,2013JJ00
CR36  ,,2014JJ00
CR36  ,,2015JJ00
CR36  ,,2016JJ00
CR36  ,,2017JJ00
CR36  ,,2018JJ00
CR36  ,,2019JJ00
CR36  ,,2020JJ00
CR36  ,,2021JJ00
CR36  ,,2022JJ00
CR36  ,,2023JJ00
CR37  ,,2013JJ00
CR37  ,,2014JJ00
CR37  ,,2015JJ00
CR37  ,,2016JJ00
CR37  ,,2017JJ00
CR37  ,,2018JJ00
CR37  ,,2019JJ00
CR37  ,,2020JJ00
CR37  ,,2021JJ00
CR37  ,,2022JJ00
CR37  ,,2023JJ00
CR38  ,,2013JJ00
CR38  ,,2014JJ00
CR38  ,,2015JJ00
CR38  ,,2016JJ00
CR38  ,,2017JJ00
CR38  ,,2018JJ00
CR38  ,,2019JJ00
CR38  ,,2020JJ00
CR38  ,,2021JJ00
CR38  ,,2022JJ00
CR38  ,,2023JJ00
CR39  ,,2013JJ00
CR39  ,,2014JJ00
CR39  ,,2015JJ00
CR39  ,,2016JJ00
CR39  ,,2017JJ00
CR39  ,,2018JJ00
CR39  ,,2019JJ00
CR39  ,,2020JJ00
CR39  ,,2021JJ00
CR39  ,,2022JJ00
CR39  ,,2023JJ00
CR40  ,,2013JJ00
CR40  ,,2014JJ00
CR40  ,,2015JJ00
CR40  ,,2016JJ00
CR40  ,,2017JJ00
CR40  ,,2018JJ00
CR40  ,,2019JJ00
CR40  ,,2020JJ00
CR40  ,,2021JJ00
CR40  ,,2022JJ00
CR40  ,,2023JJ00
GM1680,,2013JJ00
GM1680,,2014JJ00
GM1680,,2015JJ00
GM1680,,2016JJ00
GM1680,,2017JJ00
GM1680,,2018JJ00
GM1680,,2019JJ00
GM1680,,2020JJ00
GM1680,,2021JJ00
GM1680,,2022JJ00
GM1680,,2023JJ00
GM0358,,2013JJ00
GM0358,,2014JJ00
GM0358,,2015JJ00
GM0358,,2016JJ00
GM0358,,2017JJ00
GM0358,,2018JJ00
GM0358,,2019JJ00
GM0358,,2020JJ00
GM0358,,2021JJ00
GM0358,,2022JJ00
GM0358,,2023JJ00
GM0197,,2013JJ00
GM0197,,2014JJ00
GM0197,,2015JJ00
GM0197,,2016JJ00
GM0197,,2017JJ00
GM0197,,2018JJ00
GM0197,,2019JJ00
GM0197,,2020JJ00
GM0197,,2021JJ00
GM0197,,2022JJ00
GM0197,,2023JJ00
GM0059,,2013JJ00
GM0059,,2014JJ00
GM0059,,2015JJ00
GM0059,,2016JJ00
GM0059,,2017JJ00
GM0059,,2018JJ00
GM0059,,2019JJ00
GM0059,,2020JJ00
GM0059,,2021JJ00
GM0059,,2022JJ00
GM0059,,2023JJ00
GM0482,,2013JJ00
GM0482,,2014JJ00
GM0482,,2015JJ00
GM0482,,2016JJ00
GM0482,,2017JJ00
GM0482,,2018JJ00
GM0482,,2019JJ00
GM0482,,2020JJ00
GM0482,,2021JJ00
GM0482,,2022JJ00
GM0482,,2023JJ00
GM0613,,2013JJ00
GM0613,,2014JJ00
GM0613,,2015JJ00
GM0613,,2016JJ00
GM0613,,2017JJ00
GM0613,,2018JJ00
GM0613,,2019JJ00
GM0613,,2020JJ00
GM0613,,2021JJ00
GM0613,,2022JJ00
GM0613,,2023JJ00
GM0361,,2013JJ00
GM0361,,2014JJ00
GM0361,,2015JJ00
GM0361,,2016JJ00
GM0361,,2017JJ00
GM0361,,2018JJ00
GM0361,,2019JJ00
GM0361,,2020JJ00
GM0361,,2021JJ00
GM0361,,2022JJ00
GM0361,,2023JJ00
GM0141,,2013JJ00
GM0141,,2014JJ00
GM0141,,2015JJ00
GM0141,,2016JJ00
GM0141,,2017JJ00
GM0141,,2018JJ00
GM0141,,2019JJ00
GM0141,,2020JJ00
GM0141,,2021JJ00
GM0141,,2022JJ00
GM0141,,2023JJ00
GM0034,,2013JJ00
GM0034,,2014JJ00
GM0034,,2015JJ00
GM0034,,2016JJ00
GM0034,,2017JJ00
GM0034,,2018JJ00
GM0034,,2019JJ00
GM0034,,2020JJ00
GM0034,,2021JJ00
GM0034,,2022JJ00
GM0034,,2023JJ00
GM0484,,2013JJ00
GM0484,,2014JJ00
GM0484,,2015JJ00
GM0484,,2016JJ00
GM0484,,2017JJ00
GM0484,,2018JJ00
GM0484,,2019JJ00
GM0484,,2020JJ00
GM0484,,2021JJ00
GM0484,,2022JJ00
GM0484,,2023JJ00
GM1723,,2013JJ00
GM1723,,2014JJ00
GM1723,,2015JJ00
GM1723,,2016JJ00
GM1723,,2017JJ00
GM1723,,2018JJ00
GM1723,,2019JJ00
GM1723,,2020JJ00
GM1723,,2021JJ00
GM1723,,2022JJ00
GM1723,,2023JJ00
GM1959,,2013JJ00
GM1959,,2014JJ00
GM1959,,2015JJ00
GM1959,,2016JJ00
GM1959,,2017JJ00
GM1959,,2018JJ00
GM1959,,2019JJ00
GM1959,,2020JJ00
GM1959,,2021JJ00
GM1959,,2022JJ00
GM1959,,2023JJ00
GM0060,,2013JJ00
GM0060,,2014JJ00
GM0060,,2015JJ00
GM0060,,2016JJ00
GM0060,,2017JJ00
GM0060,,2018JJ00
GM0060,,2019JJ00
GM0060,,2020JJ00
GM0060,,2021JJ00
GM0060,,2022JJ00
GM0060,,2023JJ00
GM0307,,2013JJ00
GM0307,,2014JJ00
GM0307,,2015JJ00
GM0307,,2016JJ00
GM0307,,2017JJ00
GM0307,,2018JJ00
GM0307,,2019JJ00
GM0307,,2020JJ00
GM0307,,2021JJ00
GM0307,,2022JJ00
GM0307,,2023JJ00
GM0362,,2013JJ00
GM0362,,2014JJ00
GM0362,,2015JJ00
GM0362,,2016JJ00
GM0362,,2017JJ00
GM0362,,2018JJ00
GM0362,,2019JJ00
GM0362,,2020JJ00
GM0362,,2021JJ00
GM0362,,2022JJ00
GM0362,,2023JJ00
GM0363,,2013JJ00
GM0363,,2014JJ00
GM0363,,2015JJ00
GM0363,,2016JJ00
GM0363,,2017JJ00
GM0363,,2018JJ00
GM0363,,2019JJ00
GM0363,,2020JJ00
GM0363,,2021JJ00
GM0363,,2022JJ00
GM0363,,2023JJ00
GM0200,,2013JJ00
GM0200,,2014JJ00
GM0200,,2015JJ00
GM0200,,2016JJ00
GM0200,,2017JJ00
GM0200,,2018JJ00
GM0200,,2019JJ00
GM0200,,2020JJ00
GM0200,,2021JJ00
GM0200,,2022JJ00
GM0200,,2023JJ00
GM0202,,2013JJ00
GM0202,,2014JJ00
GM0202,,2015JJ00
GM0202,,2016JJ00
GM0202,,2017JJ00
GM0202,,2018JJ00
GM0202,,2019JJ00
GM0202,,2020JJ00
GM0202,,2021JJ00
GM0202,,2022JJ00
GM0202,,2023JJ00
GM0106,,2013JJ00
GM0106,,2014JJ00
GM0106,,2015JJ00
GM0106,,2016JJ00
GM0106,,2017JJ00
GM0106,,2018JJ00
GM0106,,2019JJ00
GM0106,,2020JJ00
GM0106,,2021JJ00
GM0106,,2022JJ00
GM0106,,2023JJ00
GM0743,,2013JJ00
GM0743,,2014JJ00
GM0743,,2015JJ00
GM0743,,2016JJ00
GM0743,,2017JJ00
GM0743,,2018JJ00
GM0743,,2019JJ00
GM0743,,2020JJ00
GM0743,,2021JJ00
GM0743,,2022JJ00
GM0743,,2023JJ00
GM0744,,2013JJ00
GM0744,,2014JJ00
GM0744,,2015JJ00
GM0744,,2016JJ00
GM0744,,2017JJ00
GM0744,,2018JJ00
GM0744,,2019JJ00
GM0744,,2020JJ00
GM0744,,2021JJ00
GM0744,,2022JJ00
GM0744,,2023JJ00
GM0308,,2013JJ00
GM0308,,2014JJ00
GM0308,,2015JJ00
GM0308,,2016JJ00
GM0308,,2017JJ00
GM0308,,2018JJ00
GM0308,,2019JJ00
GM0308,,2020JJ00
GM0308,,2021JJ00
GM0308,,2022JJ00
GM0308,,2023JJ00
GM0489,,2013JJ00
GM0489,,2014JJ00
GM0489,,2015JJ00
GM0489,,2016JJ00
GM0489,,2017JJ00
GM0489,,2018JJ00
GM0489,,2019JJ00
GM0489,,2020JJ00
GM0489,,2021JJ00
GM0489,,2022JJ00
GM0489,,2023JJ00
GM0203,,2013JJ00
GM0203,,2014JJ00
GM0203,,2015JJ00
GM0203,,2016JJ00
GM0203,,2017JJ00
GM0203,,2018JJ00
GM0203,,2019JJ00
GM0203,,2020JJ00
GM0203,,2021JJ00
GM0203,,2022JJ00
GM0203,,2023JJ00
GM0888,,2013JJ00
GM0888,,2014JJ00
GM0888,,2015JJ00
GM0888,,2016JJ00
GM0888,,2017JJ00
GM0888,,2018JJ00
GM0888,,2019JJ00
GM0888,,2020JJ00
GM0888,,2021JJ00
GM0888,,2022JJ00
GM0888,,2023JJ00
GM1954,,2013JJ00
GM1954,,2014JJ00
GM1954,,2015JJ00
GM1954,,2016JJ00
GM1954,,2017JJ00
GM1954,,2018JJ00
GM1954,,2019JJ00
GM1954,,2020JJ00
GM1954,,2021JJ00
GM1954,,2022JJ00
GM1954,,2023JJ00
GM0889,,2013JJ00
GM0889,,2014JJ00
GM0889,,2015JJ00
GM0889,,2016JJ00
GM0889,,2017JJ00
GM0889,,2018JJ00
GM0889,,2019JJ00
GM0889,,2020JJ00
GM0889,,2021JJ00
GM0889,,2022JJ00
GM0889,,2023JJ00
GM1945,,2013JJ00
GM1945,,2014JJ00
GM1945,,2015JJ00
GM1945,,2016JJ00
GM1945,,2017JJ00
GM1945,,2018JJ00
GM1945,,2019JJ00
GM1945,,2020JJ00
GM1945,,2021JJ00
GM1945,,2022JJ00
GM1945,,2023JJ00
GM1724,,2013JJ00
GM1724,,2014JJ00
GM1724,,2015JJ00
GM1724,,2016JJ00
GM1724,,2017JJ00
GM1724,,2018JJ00
GM1724,,2019JJ00
GM1724,,2020JJ00
GM1724,,2021JJ00
GM1724,,2022JJ00
GM1724,,2023JJ00
GM0893,,2013JJ00
GM0893,,2014JJ00
GM0893,,2015JJ00
GM0893,,2016JJ00
GM0893,,2017JJ00
GM0893,,2018JJ00
GM0893,,2019JJ00
GM0893,,2020JJ00
GM0893,,2021JJ00
GM0893,,2022JJ00
GM0893,,2023JJ00
GM0373,,2013JJ00
GM0373,,2014JJ00
GM0373,,2015JJ00
GM0373,,2016JJ00
GM0373,,2017JJ00
GM0373,,2018JJ00
GM0373,,2019JJ00
GM0373,,2020JJ00
GM0373,,2021JJ00
GM0373,,2022JJ00
GM0373,,2023JJ00
GM0748,,2013JJ00
GM0748,,2014JJ00
GM0748,,2015JJ00
GM0748,,2016JJ00
GM0748,,2017JJ00
GM0748,,2018JJ00
GM0748,,2019JJ00
GM0748,,2020JJ00
GM0748,,2021JJ00
GM0748,,2022JJ00
GM0748,,2023JJ00
GM1859,,2013JJ00
GM1859,,2014JJ00
GM1859,,2015JJ00
GM1859,,2016JJ00
GM1859,,2017JJ00
GM1859,,2018JJ00
GM1859,,2019JJ00
GM1859,,2020JJ00
GM1859,,2021JJ00
GM1859,,2022JJ00
GM1859,,2023JJ00
GM1721,,2013JJ00
GM1721,,2014JJ00
GM1721,,2015JJ00
GM1721,,2016JJ00
GM1721,,2017JJ00
GM1721,,2018JJ00
GM1721,,2019JJ00
GM1721,,2020JJ00
GM1721,,2021JJ00
GM1721,,2022JJ00
GM1721,,2023JJ00
GM0753,,2013JJ00
GM0753,,2014JJ00
GM0753,,2015JJ00
GM0753,,2016JJ00
GM0753,,2017JJ00
GM0753,,2018JJ00
GM0753,,2019JJ00
GM0753,,2020JJ00
GM0753,,2021JJ00
GM0753,,2022JJ00
GM0753,,2023JJ00
GM0209,,2013JJ00
GM0209,,2014JJ00
GM0209,,2015JJ00
GM0209,,2016JJ00
GM0209,,2017JJ00
GM0209,,2018JJ00
GM0209,,2019JJ00
GM0209,,2020JJ00
GM0209,,2021JJ00
GM0209,,2022JJ00
GM0209,,2023JJ00
GM0375,,2013JJ00
GM0375,,2014JJ00
GM0375,,2015JJ00
GM0375,,2016JJ00
GM0375,,2017JJ00
GM0375,,2018JJ00
GM0375,,2019JJ00
GM0375,,2020JJ00
GM0375,,2021JJ00
GM0375,,2022JJ00
GM0375,,2023JJ00
GM0310,,2013JJ00
GM0310,,2014JJ00
GM0310,,2015JJ00
GM0310,,2016JJ00
GM0310,,2017JJ00
GM0310,,2018JJ00
GM0310,,2019JJ00
GM0310,,2020JJ00
GM0310,,2021JJ00
GM0310,,2022JJ00
GM0310,,2023JJ00
GM1728,,2013JJ00
GM1728,,2014JJ00
GM1728,,2015JJ00
GM1728,,2016JJ00
GM1728,,2017JJ00
GM1728,,2018JJ00
GM1728,,2019JJ00
GM1728,,2020JJ00
GM1728,,2021JJ00
GM1728,,2022JJ00
GM1728,,2023JJ00
GM0376,,2013JJ00
GM0376,,2014JJ00
GM0376,,2015JJ00
GM0376,,2016JJ00
GM0376,,2017JJ00
GM0376,,2018JJ00
GM0376,,2019JJ00
GM0376,,2020JJ00
GM0376,,2021JJ00
GM0376,,2022JJ00
GM0376,,2023JJ00
GM0377,,2013JJ00
GM0377,,2014JJ00
GM0377,,2015JJ00
GM0377,,2016JJ00
GM0377,,2017JJ00
GM0377,,2018JJ00
GM0377,,2019JJ00
GM0377,,2020JJ00
GM0377,,2021JJ00
GM0377,,2022JJ00
GM0377,,2023JJ00
GM1901,,2013JJ00
GM1901,,2014JJ00
GM1901,,2015JJ00
GM1901,,2016JJ00
GM1901,,2017JJ00
GM1901,,2018JJ00
GM1901,,2019JJ00
GM1901,,2020JJ00
GM1901,,2021JJ00
GM1901,,2022JJ00
GM1901,,2023JJ00
GM0755,,2013JJ00
GM0755,,2014JJ00
GM0755,,2015JJ00
GM0755,,2016JJ00
GM0755,,2017JJ00
GM0755,,2018JJ00
GM0755,,2019JJ00
GM0755,,2020JJ00
GM0755,,2021JJ00
GM0755,,2022JJ00
GM0755,,2023JJ00
GM1681,,2013JJ00
GM1681,,2014JJ00
GM1681,,2015JJ00
GM1681,,2016JJ00
GM1681,,2017JJ00
GM1681,,2018JJ00
GM1681,,2019JJ00
GM1681,,2020JJ00
GM1681,,2021JJ00
GM1681,,2022JJ00
GM1681,,2023JJ00
GM0147,,2013JJ00
GM0147,,2014JJ00
GM0147,,2015JJ00
GM0147,,2016JJ00
GM0147,,2017JJ00
GM0147,,2018JJ00
GM0147,,2019JJ00
GM0147,,2020JJ00
GM0147,,2021JJ00
GM0147,,2022JJ00
GM0147,,2023JJ00
GM0654,,2013JJ00
GM0654,,2014JJ00
GM0654,,2015JJ00
GM0654,,2016JJ00
GM0654,,2017JJ00
GM0654,,2018JJ00
GM0654,,2019JJ00
GM0654,,2020JJ00
GM0654,,2021JJ00
GM0654,,2022JJ00
GM0654,,2023JJ00
GM0757,,2013JJ00
GM0757,,2014JJ00
GM0757,,2015JJ00
GM0757,,2016JJ00
GM0757,,2017JJ00
GM0757,,2018JJ00
GM0757,,2019JJ00
GM0757,,2020JJ00
GM0757,,2021JJ00
GM0757,,2022JJ00
GM0757,,2023JJ00
GM0758,,2013JJ00
GM0758,,2014JJ00
GM0758,,2015JJ00
GM0758,,2016JJ00
GM0758,,2017JJ00
GM0758,,2018JJ00
GM0758,,2019JJ00
GM0758,,2020JJ00
GM0758,,2021JJ00
GM0758,,2022JJ00
GM0758,,2023JJ00
GM1876,,2013JJ00
GM1876,,2014JJ00
GM1876,,2015JJ00
GM1876,,2016JJ00
GM1876,,2017JJ00
GM1876,,2018JJ00
GM1876,,2019JJ00
GM1876,,2020JJ00
GM1876,,2021JJ00
GM1876,,2022JJ00
GM1876,,2023JJ00
GM0213,,2013JJ00
GM0213,,2014JJ00
GM0213,,2015JJ00
GM0213,,2016JJ00
GM0213,,2017JJ00
GM0213,,2018JJ00
GM0213,,2019JJ00
GM0213,,2020JJ00
GM0213,,2021JJ00
GM0213,,2022JJ00
GM0213,,2023JJ00
GM0899,,2013JJ00
GM0899,,2014JJ00
GM0899,,2015JJ00
GM0899,,2016JJ00
GM0899,,2017JJ00
GM0899,,2018JJ00
GM0899,,2019JJ00
GM0899,,2020JJ00
GM0899,,2021JJ00
GM0899,,2022JJ00
GM0899,,2023JJ00
GM0312,,2013JJ00
GM0312,,2014JJ00
GM0312,,2015JJ00
GM0312,,2016JJ00
GM0312,,2017JJ00
GM0312,,2018JJ00
GM0312,,2019JJ00
GM0312,,2020JJ00
GM0312,,2021JJ00
GM0312,,2022JJ00
GM0312,,2023JJ00
GM0313,,2013JJ00
GM0313,,2014JJ00
GM0313,,2015JJ00
GM0313,,2016JJ00
GM0313,,2017JJ00
GM0313,,2018JJ00
GM0313,,2019JJ00
GM0313,,2020JJ00
GM0313,,2021JJ00
GM0313,,2022JJ00
GM0313,,2023JJ00
GM0214,,2013JJ00
GM0214,,2014JJ00
GM0214,,2015JJ00
GM0214,,2016JJ00
GM0214,,2017JJ00
GM0214,,2018JJ00
GM0214,,2019JJ00
GM0214,,2020JJ00
GM0214,,2021JJ00
GM0214,,2022JJ00
GM0214,,2023JJ00
GM0502,,2013JJ00
GM0502,,2014JJ00
GM0502,,2015JJ00
GM0502,,2016JJ00
GM0502,,2017JJ00
GM0502,,2018JJ00
GM0502,,2019JJ00
GM0502,,2020JJ00
GM0502,,2021JJ00
GM0502,,2022JJ00
GM0502,,2023JJ00
GM0383,,2013JJ00
GM0383,,2014JJ00
GM0383,,2015JJ00
GM0383,,2016JJ00
GM0383,,2017JJ00
GM0383,,2018JJ00
GM0383,,2019JJ00
GM0383,,2020JJ00
GM0383,,2021JJ00
GM0383,,2022JJ00
GM0383,,2023JJ00
GM0109,,2013JJ00
GM0109,,2014JJ00
GM0109,,2015JJ00
GM0109,,2016JJ00
GM0109,,2017JJ00
GM0109,,2018JJ00
GM0109,,2019JJ00
GM0109,,2020JJ00
GM0109,,2021JJ00
GM0109,,2022JJ00
GM0109,,2023JJ00
GM1706,,2013JJ00
GM1706,,2014JJ00
GM1706,,2015JJ00
GM1706,,2016JJ00
GM1706,,2017JJ00
GM1706,,2018JJ00
GM1706,,2019JJ00
GM1706,,2020JJ00
GM1706,,2021JJ00
GM1706,,2022JJ00
GM1706,,2023JJ00
GM0216,,2013JJ00
GM0216,,2014JJ00
GM0216,,2015JJ00
GM0216,,2016JJ00
GM0216,,2017JJ00
GM0216,,2018JJ00
GM0216,,2019JJ00
GM0216,,2020JJ00
GM0216,,2021JJ00
GM0216,,2022JJ00
GM0216,,2023JJ00
GM0148,,2013JJ00
GM0148,,2014JJ00
GM0148,,2015JJ00
GM0148,,2016JJ00
GM0148,,2017JJ00
GM0148,,2018JJ00
GM0148,,2019JJ00
GM0148,,2020JJ00
GM0148,,2021JJ00
GM0148,,2022JJ00
GM0148,,2023JJ00
GM1891,,2013JJ00
GM1891,,2014JJ00
GM1891,,2015JJ00
GM1891,,2016JJ00
GM1891,,2017JJ00
GM1891,,2018JJ00
GM1891,,2019JJ00
GM1891,,2020JJ00
GM1891,,2021JJ00
GM1891,,2022JJ00
GM1891,,2023JJ00
GM0503,,2013JJ00
GM0503,,2014JJ00
GM0503,,2015JJ00
GM0503,,2016JJ00
GM0503,,2017JJ00
GM0503,,2018JJ00
GM0503,,2019JJ00
GM0503,,2020JJ00
GM0503,,2021JJ00
GM0503,,2022JJ00
GM0503,,2023JJ00
GM0762,,2013JJ00
GM0762,,2014JJ00
GM0762,,2015JJ00
GM0762,,2016JJ00
GM0762,,2017JJ00
GM0762,,2018JJ00
GM0762,,2019JJ00
GM0762,,2020JJ00
GM0762,,2021JJ00
GM0762,,2022JJ00
GM0762,,2023JJ00
GM0150,,2013JJ00
GM0150,,2014JJ00
GM0150,,2015JJ00
GM0150,,2016JJ00
GM0150,,2017JJ00
GM0150,,2018JJ00
GM0150,,2019JJ00
GM0150,,2020JJ00
GM0150,,2021JJ00
GM0150,,2022JJ00
GM0150,,2023JJ00
GM0384,,2013JJ00
GM0384,,2014JJ00
GM0384,,2015JJ00
GM0384,,2016JJ00
GM0384,,2017JJ00
GM0384,,2018JJ00
GM0384,,2019JJ00
GM0384,,2020JJ00
GM0384,,2021JJ00
GM0384,,2022JJ00
GM0384,,2023JJ00
GM1980,,2013JJ00
GM1980,,2014JJ00
GM1980,,2015JJ00
GM1980,,2016JJ00
GM1980,,2017JJ00
GM1980,,2018JJ00
GM1980,,2019JJ00
GM1980,,2020JJ00
GM1980,,2021JJ00
GM1980,,2022JJ00
GM1980,,2023JJ00
GM1774,,2013JJ00
GM1774,,2014JJ00
GM1774,,2015JJ00
GM1774,,2016JJ00
GM1774,,2017JJ00
GM1774,,2018JJ00
GM1774,,2019JJ00
GM1774,,2020JJ00
GM1774,,2021JJ00
GM1774,,2022JJ00
GM1774,,2023JJ00
GM0221,,2013JJ00
GM0221,,2014JJ00
GM0221,,2015JJ00
GM0221,,2016JJ00
GM0221,,2017JJ00
GM0221,,2018JJ00
GM0221,,2019JJ00
GM0221,,2020JJ00
GM0221,,2021JJ00
GM0221,,2022JJ00
GM0221,,2023JJ00
GM0222,,2013JJ00
GM0222,,2014JJ00
GM0222,,2015JJ00
GM0222,,2016JJ00
GM0222,,2017JJ00
GM0222,,2018JJ00
GM0222,,2019JJ00
GM0222,,2020JJ00
GM0222,,2021JJ00
GM0222,,2022JJ00
GM0222,,2023JJ00
GM0766,,2013JJ00
GM0766,,2014JJ00
GM0766,,2015JJ00
GM0766,,2016JJ00
GM0766,,2017JJ00
GM0766,,2018JJ00
GM0766,,2019JJ00
GM0766,,2020JJ00
GM0766,,2021JJ00
GM0766,,2022JJ00
GM0766,,2023JJ00
GM0505,,2013JJ00
GM0505,,2014JJ00
GM0505,,2015JJ00
GM0505,,2016JJ00
GM0505,,2017JJ00
GM0505,,2018JJ00
GM0505,,2019JJ00
GM0505,,2020JJ00
GM0505,,2021JJ00
GM0505,,2022JJ00
GM0505,,2023JJ00
GM0498,,2013JJ00
GM0498,,2014JJ00
GM0498,,2015JJ00
GM0498,,2016JJ00
GM0498,,2017JJ00
GM0498,,2018JJ00
GM0498,,2019JJ00
GM0498,,2020JJ00
GM0498,,2021JJ00
GM0498,,2022JJ00
GM0498,,2023JJ00
GM1719,,2013JJ00
GM1719,,2014JJ00
GM1719,,2015JJ00
GM1719,,2016JJ00
GM1719,,2017JJ00
GM1719,,2018JJ00
GM1719,,2019JJ00
GM1719,,2020JJ00
GM1719,,2021JJ00
GM1719,,2022JJ00
GM1719,,2023JJ00
GM0303,,2013JJ00
GM0303,,2014JJ00
GM0303,,2015JJ00
GM0303,,2016JJ00
GM0303,,2017JJ00
GM0303,,2018JJ00
GM0303,,2019JJ00
GM0303,,2020JJ00
GM0303,,2021JJ00
GM0303,,2022JJ00
GM0303,,2023JJ00
GM0225,,2013JJ00
GM0225,,2014JJ00
GM0225,,2015JJ00
GM0225,,2016JJ00
GM0225,,2017JJ00
GM0225,,2018JJ00
GM0225,,2019JJ00
GM0225,,2020JJ00
GM0225,,2021JJ00
GM0225,,2022JJ00
GM0225,,2023JJ00
GM0226,,2013JJ00
GM0226,,2014JJ00
GM0226,,2015JJ00
GM0226,,2016JJ00
GM0226,,2017JJ00
GM0226,,2018JJ00
GM0226,,2019JJ00
GM0226,,2020JJ00
GM0226,,2021JJ00
GM0226,,2022JJ00
GM0226,,2023JJ00
GM1711,,2013JJ00
GM1711,,2014JJ00
GM1711,,2015JJ00
GM1711,,2016JJ00
GM1711,,2017JJ00
GM1711,,2018JJ00
GM1711,,2019JJ00
GM1711,,2020JJ00
GM1711,,2021JJ00
GM1711,,2022JJ00
GM1711,,2023JJ00
GM0385,,2013JJ00
GM0385,,2014JJ00
GM0385,,2015JJ00
GM0385,,2016JJ00
GM0385,,2017JJ00
GM0385,,2018JJ00
GM0385,,2019JJ00
GM0385,,2020JJ00
GM0385,,2021JJ00
GM0385,,2022JJ00
GM0385,,2023JJ00
GM0228,,2013JJ00
GM0228,,2014JJ00
GM0228,,2015JJ00
GM0228,,2016JJ00
GM0228,,2017JJ00
GM0228,,2018JJ00
GM0228,,2019JJ00
GM0228,,2020JJ00
GM0228,,2021JJ00
GM0228,,2022JJ00
GM0228,,2023JJ00
GM0317,,2013JJ00
GM0317,,2014JJ00
GM0317,,2015JJ00
GM0317,,2016JJ00
GM0317,,2017JJ00
GM0317,,2018JJ00
GM0317,,2019JJ00
GM0317,,2020JJ00
GM0317,,2021JJ00
GM0317,,2022JJ00
GM0317,,2023JJ00
GM1979,,2013JJ00
GM1979,,2014JJ00
GM1979,,2015JJ00
GM1979,,2016JJ00
GM1979,,2017JJ00
GM1979,,2018JJ00
GM1979,,2019JJ00
GM1979,,2020JJ00
GM1979,,2021JJ00
GM1979,,2022JJ00
GM1979,,2023JJ00
GM0770,,2013JJ00
GM0770,,2014JJ00
GM0770,,2015JJ00
GM0770,,2016JJ00
GM0770,,2017JJ00
GM0770,,2018JJ00
GM0770,,2019JJ00
GM0770,,2020JJ00
GM0770,,2021JJ00
GM0770,,2022JJ00
GM0770,,2023JJ00
GM1903,,2013JJ00
GM1903,,2014JJ00
GM1903,,2015JJ00
GM1903,,2016JJ00
GM1903,,2017JJ00
GM1903,,2018JJ00
GM1903,,2019JJ00
GM1903,,2020JJ00
GM1903,,2021JJ00
GM1903,,2022JJ00
GM1903,,2023JJ00
GM0772,,2013JJ00
GM0772,,2014JJ00
GM0772,,2015JJ00
GM0772,,2016JJ00
GM0772,,2017JJ00
GM0772,,2018JJ00
GM0772,,2019JJ00
GM0772,,2020JJ00
GM0772,,2021JJ00
GM0772,,2022JJ00
GM0772,,2023JJ00
GM0230,,2013JJ00
GM0230,,2014JJ00
GM0230,,2015JJ00
GM0230,,2016JJ00
GM0230,,2017JJ00
GM0230,,2018JJ00
GM0230,,2019JJ00
GM0230,,2020JJ00
GM0230,,2021JJ00
GM0230,,2022JJ00
GM0230,,2023JJ00
GM0114,,2013JJ00
GM0114,,2014JJ00
GM0114,,2015JJ00
GM0114,,2016JJ00
GM0114,,2017JJ00
GM0114,,2018JJ00
GM0114,,2019JJ00
GM0114,,2020JJ00
GM0114,,2021JJ00
GM0114,,2022JJ00
GM0114,,2023JJ00
GM0388,,2013JJ00
GM0388,,2014JJ00
GM0388,,2015JJ00
GM0388,,2016JJ00
GM0388,,2017JJ00
GM0388,,2018JJ00
GM0388,,2019JJ00
GM0388,,2020JJ00
GM0388,,2021JJ00
GM0388,,2022JJ00
GM0388,,2023JJ00
GM0153,,2013JJ00
GM0153,,2014JJ00
GM0153,,2015JJ00
GM0153,,2016JJ00
GM0153,,2017JJ00
GM0153,,2018JJ00
GM0153,,2019JJ00
GM0153,,2020JJ00
GM0153,,2021JJ00
GM0153,,2022JJ00
GM0153,,2023JJ00
GM0232,,2013JJ00
GM0232,,2014JJ00
GM0232,,2015JJ00
GM0232,,2016JJ00
GM0232,,2017JJ00
GM0232,,2018JJ00
GM0232,,2019JJ00
GM0232,,2020JJ00
GM0232,,2021JJ00
GM0232,,2022JJ00
GM0232,,2023JJ00
GM0233,,2013JJ00
GM0233,,2014JJ00
GM0233,,2015JJ00
GM0233,,2016JJ00
GM0233,,2017JJ00
GM0233,,2018JJ00
GM0233,,2019JJ00
GM0233,,2020JJ00
GM0233,,2021JJ00
GM0233,,2022JJ00
GM0233,,2023JJ00
GM0777,,2013JJ00
GM0777,,2014JJ00
GM0777,,2015JJ00
GM0777,,2016JJ00
GM0777,,2017JJ00
GM0777,,2018JJ00
GM0777,,2019JJ00
GM0777,,2020JJ00
GM0777,,2021JJ00
GM0777,,2022JJ00
GM0777,,2023JJ00
GM1940,,2013JJ00
GM1940,,2014JJ00
GM1940,,2015JJ00
GM1940,,2016JJ00
GM1940,,2017JJ00
GM1940,,2018JJ00
GM1940,,2019JJ00
GM1940,,2020JJ00
GM1940,,2021JJ00
GM1940,,2022JJ00
GM1940,,2023JJ00
GM0779,,2013JJ00
GM0779,,2014JJ00
GM0779,,2015JJ00
GM0779,,2016JJ00
GM0779,,2017JJ00
GM0779,,2018JJ00
GM0779,,2019JJ00
GM0779,,2020JJ00
GM0779,,2021JJ00
GM0779,,2022JJ00
GM0779,,2023JJ00
GM1771,,2013JJ00
GM1771,,2014JJ00
GM1771,,2015JJ00
GM1771,,2016JJ00
GM1771,,2017JJ00
GM1771,,2018JJ00
GM1771,,2019JJ00
GM1771,,2020JJ00
GM1771,,2021JJ00
GM1771,,2022JJ00
GM1771,,2023JJ00
GM1652,,2013JJ00
GM1652,,2014JJ00
GM1652,,2015JJ00
GM1652,,2016JJ00
GM1652,,2017JJ00
GM1652,,2018JJ00
GM1652,,2019JJ00
GM1652,,2020JJ00
GM1652,,2021JJ00
GM1652,,2022JJ00
GM1652,,2023JJ00
GM0907,,2013JJ00
GM0907,,2014JJ00
GM0907,,2015JJ00
GM0907,,2016JJ00
GM0907,,2017JJ00
GM0907,,2018JJ00
GM0907,,2019JJ00
GM0907,,2020JJ00
GM0907,,2021JJ00
GM0907,,2022JJ00
GM0907,,2023JJ00
GM0784,,2013JJ00
GM0784,,2014JJ00
GM0784,,2015JJ00
GM0784,,2016JJ00
GM0784,,2017JJ00
GM0784,,2018JJ00
GM0784,,2019JJ00
GM0784,,2020JJ00
GM0784,,2021JJ00
GM0784,,2022JJ00
GM0784,,2023JJ00
GM1924,,2013JJ00
GM1924,,2014JJ00
GM1924,,2015JJ00
GM1924,,2016JJ00
GM1924,,2017JJ00
GM1924,,2018JJ00
GM1924,,2019JJ00
GM1924,,2020JJ00
GM1924,,2021JJ00
GM1924,,2022JJ00
GM1924,,2023JJ00
GM0664,,2013JJ00
GM0664,,2014JJ00
GM0664,,2015JJ00
GM0664,,2016JJ00
GM0664,,2017JJ00
GM0664,,2018JJ00
GM0664,,2019JJ00
GM0664,,2020JJ00
GM0664,,2021JJ00
GM0664,,2022JJ00
GM0664,,2023JJ00
GM0785,,2013JJ00
GM0785,,2014JJ00
GM0785,,2015JJ00
GM0785,,2016JJ00
GM0785,,2017JJ00
GM0785,,2018JJ00
GM0785,,2019JJ00
GM0785,,2020JJ00
GM0785,,2021JJ00
GM0785,,2022JJ00
GM0785,,2023JJ00
GM1942,,2013JJ00
GM1942,,2014JJ00
GM1942,,2015JJ00
GM1942,,2016JJ00
GM1942,,2017JJ00
GM1942,,2018JJ00
GM1942,,2019JJ00
GM1942,,2020JJ00
GM1942,,2021JJ00
GM1942,,2022JJ00
GM1942,,2023JJ00
GM0512,,2013JJ00
GM0512,,2014JJ00
GM0512,,2015JJ00
GM0512,,2016JJ00
GM0512,,2017JJ00
GM0512,,2018JJ00
GM0512,,2019JJ00
GM0512,,2020JJ00
GM0512,,2021JJ00
GM0512,,2022JJ00
GM0512,,2023JJ00
GM0513,,2013JJ00
GM0513,,2014JJ00
GM0513,,2015JJ00
GM0513,,2016JJ00
GM0513,,2017JJ00
GM0513,,2018JJ00
GM0513,,2019JJ00
GM0513,,2020JJ00
GM0513,,2021JJ00
GM0513,,2022JJ00
GM0513,,2023JJ00
GM0518,,2013JJ00
GM0518,,2014JJ00
GM0518,,2015JJ00
GM0518,,2016JJ00
GM0518,,2017JJ00
GM0518,,2018JJ00
GM0518,,2019JJ00
GM0518,,2020JJ00
GM0518,,2021JJ00
GM0518,,2022JJ00
GM0518,,2023JJ00
GM0014,,2013JJ00
GM0014,,2014JJ00
GM0014,,2015JJ00
GM0014,,2016JJ00
GM0014,,2017JJ00
GM0014,,2018JJ00
GM0014,,2019JJ00
GM0014,,2020JJ00
GM0014,,2021JJ00
GM0014,,2022JJ00
GM0014,,2023JJ00
GM1729,,2013JJ00
GM1729,,2014JJ00
GM1729,,2015JJ00
GM1729,,2016JJ00
GM1729,,2017JJ00
GM1729,,2018JJ00
GM1729,,2019JJ00
GM1729,,2020JJ00
GM1729,,2021JJ00
GM1729,,2022JJ00
GM1729,,2023JJ00
GM0158,,2013JJ00
GM0158,,2014JJ00
GM0158,,2015JJ00
GM0158,,2016JJ00
GM0158,,2017JJ00
GM0158,,2018JJ00
GM0158,,2019JJ00
GM0158,,2020JJ00
GM0158,,2021JJ00
GM0158,,2022JJ00
GM0158,,2023JJ00
GM0392,,2013JJ00
GM0392,,2014JJ00
GM0392,,2015JJ00
GM0392,,2016JJ00
GM0392,,2017JJ00
GM0392,,2018JJ00
GM0392,,2019JJ00
GM0392,,2020JJ00
GM0392,,2021JJ00
GM0392,,2022JJ00
GM0392,,2023JJ00
GM0394,,2013JJ00
GM0394,,2014JJ00
GM0394,,2015JJ00
GM0394,,2016JJ00
GM0394,,2017JJ00
GM0394,,2018JJ00
GM0394,,2019JJ00
GM0394,,2020JJ00
GM0394,,2021JJ00
GM0394,,2022JJ00
GM0394,,2023JJ00
GM1655,,2013JJ00
GM1655,,2014JJ00
GM1655,,2015JJ00
GM1655,,2016JJ00
GM1655,,2017JJ00
GM1655,,2018JJ00
GM1655,,2019JJ00
GM1655,,2020JJ00
GM1655,,2021JJ00
GM1655,,2022JJ00
GM1655,,2023JJ00
GM0160,,2013JJ00
GM0160,,2014JJ00
GM0160,,2015JJ00
GM0160,,2016JJ00
GM0160,,2017JJ00
GM0160,,2018JJ00
GM0160,,2019JJ00
GM0160,,2020JJ00
GM0160,,2021JJ00
GM0160,,2022JJ00
GM0160,,2023JJ00
GM0243,,2013JJ00
GM0243,,2014JJ00
GM0243,,2015JJ00
GM0243,,2016JJ00
GM0243,,2017JJ00
GM0243,,2018JJ00
GM0243,,2019JJ00
GM0243,,2020JJ00
GM0243,,2021JJ00
GM0243,,2022JJ00
GM0243,,2023JJ00
GM0523,,2013JJ00
GM0523,,2014JJ00
GM0523,,2015JJ00
GM0523,,2016JJ00
GM0523,,2017JJ00
GM0523,,2018JJ00
GM0523,,2019JJ00
GM0523,,2020JJ00
GM0523,,2021JJ00
GM0523,,2022JJ00
GM0523,,2023JJ00
GM0072,,2013JJ00
GM0072,,2014JJ00
GM0072,,2015JJ00
GM0072,,2016JJ00
GM0072,,2017JJ00
GM0072,,2018JJ00
GM0072,,2019JJ00
GM0072,,2020JJ00
GM0072,,2021JJ00
GM0072,,2022JJ00
GM0072,,2023JJ00
GM0244,,2013JJ00
GM0244,,2014JJ00
GM0244,,2015JJ00
GM0244,,2016JJ00
GM0244,,2017JJ00
GM0244,,2018JJ00
GM0244,,2019JJ00
GM0244,,2020JJ00
GM0244,,2021JJ00
GM0244,,2022JJ00
GM0244,,2023JJ00
GM0396,,2013JJ00
GM0396,,2014JJ00
GM0396,,2015JJ00
GM0396,,2016JJ00
GM0396,,2017JJ00
GM0396,,2018JJ00
GM0396,,2019JJ00
GM0396,,2020JJ00
GM0396,,2021JJ00
GM0396,,2022JJ00
GM0396,,2023JJ00
GM0397,,2013JJ00
GM0397,,2014JJ00
GM0397,,2015JJ00
GM0397,,2016JJ00
GM0397,,2017JJ00
GM0397,,2018JJ00
GM0397,,2019JJ00
GM0397,,2020JJ00
GM0397,,2021JJ00
GM0397,,2022JJ00
GM0397,,2023JJ00
GM0246,,2013JJ00
GM0246,,2014JJ00
GM0246,,2015JJ00
GM0246,,2016JJ00
GM0246,,2017JJ00
GM0246,,2018JJ00
GM0246,,2019JJ00
GM0246,,2020JJ00
GM0246,,2021JJ00
GM0246,,2022JJ00
GM0246,,2023JJ00
GM0074,,2013JJ00
GM0074,,2014JJ00
GM0074,,2015JJ00
GM0074,,2016JJ00
GM0074,,2017JJ00
GM0074,,2018JJ00
GM0074,,2019JJ00
GM0074,,2020JJ00
GM0074,,2021JJ00
GM0074,,2022JJ00
GM0074,,2023JJ00
GM0917,,2013JJ00
GM0917,,2014JJ00
GM0917,,2015JJ00
GM0917,,2016JJ00
GM0917,,2017JJ00
GM0917,,2018JJ00
GM0917,,2019JJ00
GM0917,,2020JJ00
GM0917,,2021JJ00
GM0917,,2022JJ00
GM0917,,2023JJ00
GM1658,,2013JJ00
GM1658,,2014JJ00
GM1658,,2015JJ00
GM1658,,2016JJ00
GM1658,,2017JJ00
GM1658,,2018JJ00
GM1658,,2019JJ00
GM1658,,2020JJ00
GM1658,,2021JJ00
GM1658,,2022JJ00
GM1658,,2023JJ00
GM0399,,2013JJ00
GM0399,,2014JJ00
GM0399,,2015JJ00
GM0399,,2016JJ00
GM0399,,2017JJ00
GM0399,,2018JJ00
GM0399,,2019JJ00
GM0399,,2020JJ00
GM0399,,2021JJ00
GM0399,,2022JJ00
GM0399,,2023JJ00
GM0400,,2013JJ00
GM0400,,2014JJ00
GM0400,,2015JJ00
GM0400,,2016JJ00
GM0400,,2017JJ00
GM0400,,2018JJ00
GM0400,,2019JJ00
GM0400,,2020JJ00
GM0400,,2021JJ00
GM0400,,2022JJ00
GM0400,,2023JJ00
GM0163,,2013JJ00
GM0163,,2014JJ00
GM0163,,2015JJ00
GM0163,,2016JJ00
GM0163,,2017JJ00
GM0163,,2018JJ00
GM0163,,2019JJ00
GM0163,,2020JJ00
GM0163,,2021JJ00
GM0163,,2022JJ00
GM0163,,2023JJ00
GM0794,,2013JJ00
GM0794,,2014JJ00
GM0794,,2015JJ00
GM0794,,2016JJ00
GM0794,,2017JJ00
GM0794,,2018JJ00
GM0794,,2019JJ00
GM0794,,2020JJ00
GM0794,,2021JJ00
GM0794,,2022JJ00
GM0794,,2023JJ00
GM0531,,2013JJ00
GM0531,,2014JJ00
GM0531,,2015JJ00
GM0531,,2016JJ00
GM0531,,2017JJ00
GM0531,,2018JJ00
GM0531,,2019JJ00
GM0531,,2020JJ00
GM0531,,2021JJ00
GM0531,,2022JJ00
GM0531,,2023JJ00
GM0164,,2013JJ00
GM0164,,2014JJ00
GM0164,,2015JJ00
GM0164,,2016JJ00
GM0164,,2017JJ00
GM0164,,2018JJ00
GM0164,,2019JJ00
GM0164,,2020JJ00
GM0164,,2021JJ00
GM0164,,2022JJ00
GM0164,,2023JJ00
GM0796,,2013JJ00
GM0796,,2014JJ00
GM0796,,2015JJ00
GM0796,,2016JJ00
GM0796,,2017JJ00
GM0796,,2018JJ00
GM0796,,2019JJ00
GM0796,,2020JJ00
GM0796,,2021JJ00
GM0796,,2022JJ00
GM0796,,2023JJ00
GM0252,,2013JJ00
GM0252,,2014JJ00
GM0252,,2015JJ00
GM0252,,2016JJ00
GM0252,,2017JJ00
GM0252,,2018JJ00
GM0252,,2019JJ00
GM0252,,2020JJ00
GM0252,,2021JJ00
GM0252,,2022JJ00
GM0252,,2023JJ00
GM0797,,2013JJ00
GM0797,,2014JJ00
GM0797,,2015JJ00
GM0797,,2016JJ00
GM0797,,2017JJ00
GM0797,,2018JJ00
GM0797,,2019JJ00
GM0797,,2020JJ00
GM0797,,2021JJ00
GM0797,,2022JJ00
GM0797,,2023JJ00
GM0534,,2013JJ00
GM0534,,2014JJ00
GM0534,,2015JJ00
GM0534,,2016JJ00
GM0534,,2017JJ00
GM0534,,2018JJ00
GM0534,,2019JJ00
GM0534,,2020JJ00
GM0534,,2021JJ00
GM0534,,2022JJ00
GM0534,,2023JJ00
GM0798,,2013JJ00
GM0798,,2014JJ00
GM0798,,2015JJ00
GM0798,,2016JJ00
GM0798,,2017JJ00
GM0798,,2018JJ00
GM0798,,2019JJ00
GM0798,,2020JJ00
GM0798,,2021JJ00
GM0798,,2022JJ00
GM0798,,2023JJ00
GM0402,,2013JJ00
GM0402,,2014JJ00
GM0402,,2015JJ00
GM0402,,2016JJ00
GM0402,,2017JJ00
GM0402,,2018JJ00
GM0402,,2019JJ00
GM0402,,2020JJ00
GM0402,,2021JJ00
GM0402,,2022JJ00
GM0402,,2023JJ00
GM1963,,2013JJ00
GM1963,,2014JJ00
GM1963,,2015JJ00
GM1963,,2016JJ00
GM1963,,2017JJ00
GM1963,,2018JJ00
GM1963,,2019JJ00
GM1963,,2020JJ00
GM1963,,2021JJ00
GM1963,,2022JJ00
GM1963,,2023JJ00
GM1735,,2013JJ00
GM1735,,2014JJ00
GM1735,,2015JJ00
GM1735,,2016JJ00
GM1735,,2017JJ00
GM1735,,2018JJ00
GM1735,,2019JJ00
GM1735,,2020JJ00
GM1735,,2021JJ00
GM1735,,2022JJ00
GM1735,,2023JJ00
GM1966,,2013JJ00
GM1966,,2014JJ00
GM1966,,2015JJ00
GM1966,,2016JJ00
GM1966,,2017JJ00
GM1966,,2018JJ00
GM1966,,2019JJ00
GM1966,,2020JJ00
GM1966,,2021JJ00
GM1966,,2022JJ00
GM1966,,2023JJ00
GM1911,,2013JJ00
GM1911,,2014JJ00
GM1911,,2015JJ00
GM1911,,2016JJ00
GM1911,,2017JJ00
GM1911,,2018JJ00
GM1911,,2019JJ00
GM1911,,2020JJ00
GM1911,,2021JJ00
GM1911,,2022JJ00
GM1911,,2023JJ00
GM0118,,2013JJ00
GM0118,,2014JJ00
GM0118,,2015JJ00
GM0118,,2016JJ00
GM0118,,2017JJ00
GM0118,,2018JJ00
GM0118,,2019JJ00
GM0118,,2020JJ00
GM0118,,2021JJ00
GM0118,,2022JJ00
GM0118,,2023JJ00
GM0405,,2013JJ00
GM0405,,2014JJ00
GM0405,,2015JJ00
GM0405,,2016JJ00
GM0405,,2017JJ00
GM0405,,2018JJ00
GM0405,,2019JJ00
GM0405,,2020JJ00
GM0405,,2021JJ00
GM0405,,2022JJ00
GM0405,,2023JJ00
GM1507,,2013JJ00
GM1507,,2014JJ00
GM1507,,2015JJ00
GM1507,,2016JJ00
GM1507,,2017JJ00
GM1507,,2018JJ00
GM1507,,2019JJ00
GM1507,,2020JJ00
GM1507,,2021JJ00
GM1507,,2022JJ00
GM1507,,2023JJ00
GM0321,,2013JJ00
GM0321,,2014JJ00
GM0321,,2015JJ00
GM0321,,2016JJ00
GM0321,,2017JJ00
GM0321,,2018JJ00
GM0321,,2019JJ00
GM0321,,2020JJ00
GM0321,,2021JJ00
GM0321,,2022JJ00
GM0321,,2023JJ00
GM0406,,2013JJ00
GM0406,,2014JJ00
GM0406,,2015JJ00
GM0406,,2016JJ00
GM0406,,2017JJ00
GM0406,,2018JJ00
GM0406,,2019JJ00
GM0406,,2020JJ00
GM0406,,2021JJ00
GM0406,,2022JJ00
GM0406,,2023JJ00
GM0677,,2013JJ00
GM0677,,2014JJ00
GM0677,,2015JJ00
GM0677,,2016JJ00
GM0677,,2017JJ00
GM0677,,2018JJ00
GM0677,,2019JJ00
GM0677,,2020JJ00
GM0677,,2021JJ00
GM0677,,2022JJ00
GM0677,,2023JJ00
GM0353,,2013JJ00
GM0353,,2014JJ00
GM0353,,2015JJ00
GM0353,,2016JJ00
GM0353,,2017JJ00
GM0353,,2018JJ00
GM0353,,2019JJ00
GM0353,,2020JJ00
GM0353,,2021JJ00
GM0353,,2022JJ00
GM0353,,2023JJ00
GM1884,,2013JJ00
GM1884,,2014JJ00
GM1884,,2015JJ00
GM1884,,2016JJ00
GM1884,,2017JJ00
GM1884,,2018JJ00
GM1884,,2019JJ00
GM1884,,2020JJ00
GM1884,,2021JJ00
GM1884,,2022JJ00
GM1884,,2023JJ00
GM0166,,2013JJ00
GM0166,,2014JJ00
GM0166,,2015JJ00
GM0166,,2016JJ00
GM0166,,2017JJ00
GM0166,,2018JJ00
GM0166,,2019JJ00
GM0166,,2020JJ00
GM0166,,2021JJ00
GM0166,,2022JJ00
GM0166,,2023JJ00
GM0678,,2013JJ00
GM0678,,2014JJ00
GM0678,,2015JJ00
GM0678,,2016JJ00
GM0678,,2017JJ00
GM0678,,2018JJ00
GM0678,,2019JJ00
GM0678,,2020JJ00
GM0678,,2021JJ00
GM0678,,2022JJ00
GM0678,,2023JJ00
GM0537,,2013JJ00
GM0537,,2014JJ00
GM0537,,2015JJ00
GM0537,,2016JJ00
GM0537,,2017JJ00
GM0537,,2018JJ00
GM0537,,2019JJ00
GM0537,,2020JJ00
GM0537,,2021JJ00
GM0537,,2022JJ00
GM0537,,2023JJ00
GM0928,,2013JJ00
GM0928,,2014JJ00
GM0928,,2015JJ00
GM0928,,2016JJ00
GM0928,,2017JJ00
GM0928,,2018JJ00
GM0928,,2019JJ00
GM0928,,2020JJ00
GM0928,,2021JJ00
GM0928,,2022JJ00
GM0928,,2023JJ00
GM1598,,2013JJ00
GM1598,,2014JJ00
GM1598,,2015JJ00
GM1598,,2016JJ00
GM1598,,2017JJ00
GM1598,,2018JJ00
GM1598,,2019JJ00
GM1598,,2020JJ00
GM1598,,2021JJ00
GM1598,,2022JJ00
GM1598,,2023JJ00
GM0542,,2013JJ00
GM0542,,2014JJ00
GM0542,,2015JJ00
GM0542,,2016JJ00
GM0542,,2017JJ00
GM0542,,2018JJ00
GM0542,,2019JJ00
GM0542,,2020JJ00
GM0542,,2021JJ00
GM0542,,2022JJ00
GM0542,,2023JJ00
GM1931,,2013JJ00
GM1931,,2014JJ00
GM1931,,2015JJ00
GM1931,,2016JJ00
GM1931,,2017JJ00
GM1931,,2018JJ00
GM1931,,2019JJ00
GM1931,,2020JJ00
GM1931,,2021JJ00
GM1931,,2022JJ00
GM1931,,2023JJ00
GM1659,,2013JJ00
GM1659,,2014JJ00
GM1659,,2015JJ00
GM1659,,2016JJ00
GM1659,,2017JJ00
GM1659,,2018JJ00
GM1659,,2019JJ00
GM1659,,2020JJ00
GM1659,,2021JJ00
GM1659,,2022JJ00
GM1659,,2023JJ00
GM1982,,2013JJ00
GM1982,,2014JJ00
GM1982,,2015JJ00
GM1982,,2016JJ00
GM1982,,2017JJ00
GM1982,,2018JJ00
GM1982,,2019JJ00
GM1982,,2020JJ00
GM1982,,2021JJ00
GM1982,,2022JJ00
GM1982,,2023JJ00
GM0882,,2013JJ00
GM0882,,2014JJ00
GM0882,,2015JJ00
GM0882,,2016JJ00
GM0882,,2017JJ00
GM0882,,2018JJ00
GM0882,,2019JJ00
GM0882,,2020JJ00
GM0882,,2021JJ00
GM0882,,2022JJ00
GM0882,,2023JJ00
GM0415,,2013JJ00
GM0415,,2014JJ00
GM0415,,2015JJ00
GM0415,,2016JJ00
GM0415,,2017JJ00
GM0415,,2018JJ00
GM0415,,2019JJ00
GM0415,,2020JJ00
GM0415,,2021JJ00
GM0415,,2022JJ00
GM0415,,2023JJ00
GM1621,,2013JJ00
GM1621,,2014JJ00
GM1621,,2015JJ00
GM1621,,2016JJ00
GM1621,,2017JJ00
GM1621,,2018JJ00
GM1621,,2019JJ00
GM1621,,2020JJ00
GM1621,,2021JJ00
GM1621,,2022JJ00
GM1621,,2023JJ00
GM0417,,2013JJ00
GM0417,,2014JJ00
GM0417,,2015JJ00
GM0417,,2016JJ00
GM0417,,2017JJ00
GM0417,,2018JJ00
GM0417,,2019JJ00
GM0417,,2020JJ00
GM0417,,2021JJ00
GM0417,,2022JJ00
GM0417,,2023JJ00
GM0080,,2013JJ00
GM0080,,2014JJ00
GM0080,,2015JJ00
GM0080,,2016JJ00
GM0080,,2017JJ00
GM0080,,2018JJ00
GM0080,,2019JJ00
GM0080,,2020JJ00
GM0080,,2021JJ00
GM0080,,2022JJ00
GM0080,,2023JJ00
GM0546,,2013JJ00
GM0546,,2014JJ00
GM0546,,2015JJ00
GM0546,,2016JJ00
GM0546,,2017JJ00
GM0546,,2018JJ00
GM0546,,2019JJ00
GM0546,,2020JJ00
GM0546,,2021JJ00
GM0546,,2022JJ00
GM0546,,2023JJ00
GM0547,,2013JJ00
GM0547,,2014JJ00
GM0547,,2015JJ00
GM0547,,2016JJ00
GM0547,,2017JJ00
GM0547,,2018JJ00
GM0547,,2019JJ00
GM0547,,2020JJ00
GM0547,,2021JJ00
GM0547,,2022JJ00
GM0547,,2023JJ00
GM1916,,2013JJ00
GM1916,,2014JJ00
GM1916,,2015JJ00
GM1916,,2016JJ00
GM1916,,2017JJ00
GM1916,,2018JJ00
GM1916,,2019JJ00
GM1916,,2020JJ00
GM1916,,2021JJ00
GM1916,,2022JJ00
GM1916,,2023JJ00
GM0995,,2013JJ00
GM0995,,2014JJ00
GM0995,,2015JJ00
GM0995,,2016JJ00
GM0995,,2017JJ00
GM0995,,2018JJ00
GM0995,,2019JJ00
GM0995,,2020JJ00
GM0995,,2021JJ00
GM0995,,2022JJ00
GM0995,,2023JJ00
GM1640,,2013JJ00
GM1640,,2014JJ00
GM1640,,2015JJ00
GM1640,,2016JJ00
GM1640,,2017JJ00
GM1640,,2018JJ00
GM1640,,2019JJ00
GM1640,,2020JJ00
GM1640,,2021JJ00
GM1640,,2022JJ00
GM1640,,2023JJ00
GM0327,,2013JJ00
GM0327,,2014JJ00
GM0327,,2015JJ00
GM0327,,2016JJ00
GM0327,,2017JJ00
GM0327,,2018JJ00
GM0327,,2019JJ00
GM0327,,2020JJ00
GM0327,,2021JJ00
GM0327,,2022JJ00
GM0327,,2023JJ00
GM1705,,2013JJ00
GM1705,,2014JJ00
GM1705,,2015JJ00
GM1705,,2016JJ00
GM1705,,2017JJ00
GM1705,,2018JJ00
GM1705,,2019JJ00
GM1705,,2020JJ00
GM1705,,2021JJ00
GM1705,,2022JJ00
GM1705,,2023JJ00
GM0553,,2013JJ00
GM0553,,2014JJ00
GM0553,,2015JJ00
GM0553,,2016JJ00
GM0553,,2017JJ00
GM0553,,2018JJ00
GM0553,,2019JJ00
GM0553,,2020JJ00
GM0553,,2021JJ00
GM0553,,2022JJ00
GM0553,,2023JJ00
GM0262,,2013JJ00
GM0262,,2014JJ00
GM0262,,2015JJ00
GM0262,,2016JJ00
GM0262,,2017JJ00
GM0262,,2018JJ00
GM0262,,2019JJ00
GM0262,,2020JJ00
GM0262,,2021JJ00
GM0262,,2022JJ00
GM0262,,2023JJ00
GM0809,,2013JJ00
GM0809,,2014JJ00
GM0809,,2015JJ00
GM0809,,2016JJ00
GM0809,,2017JJ00
GM0809,,2018JJ00
GM0809,,2019JJ00
GM0809,,2020JJ00
GM0809,,2021JJ00
GM0809,,2022JJ00
GM0809,,2023JJ00
GM0331,,2013JJ00
GM0331,,2014JJ00
GM0331,,2015JJ00
GM0331,,2016JJ00
GM0331,,2017JJ00
GM0331,,2018JJ00
GM0331,,2019JJ00
GM0331,,2020JJ00
GM0331,,2021JJ00
GM0331,,2022JJ00
GM0331,,2023JJ00
GM0168,,2013JJ00
GM0168,,2014JJ00
GM0168,,2015JJ00
GM0168,,2016JJ00
GM0168,,2017JJ00
GM0168,,2018JJ00
GM0168,,2019JJ00
GM0168,,2020JJ00
GM0168,,2021JJ00
GM0168,,2022JJ00
GM0168,,2023JJ00
GM0263,,2013JJ00
GM0263,,2014JJ00
GM0263,,2015JJ00
GM0263,,2016JJ00
GM0263,,2017JJ00
GM0263,,2018JJ00
GM0263,,2019JJ00
GM0263,,2020JJ00
GM0263,,2021JJ00
GM0263,,2022JJ00
GM0263,,2023JJ00
GM1641,,2013JJ00
GM1641,,2014JJ00
GM1641,,2015JJ00
GM1641,,2016JJ00
GM1641,,2017JJ00
GM1641,,2018JJ00
GM1641,,2019JJ00
GM1641,,2020JJ00
GM1641,,2021JJ00
GM1641,,2022JJ00
GM1641,,2023JJ00
GM1991,,2013JJ00
GM1991,,2014JJ00
GM1991,,2015JJ00
GM1991,,2016JJ00
GM1991,,2017JJ00
GM1991,,2018JJ00
GM1991,,2019JJ00
GM1991,,2020JJ00
GM1991,,2021JJ00
GM1991,,2022JJ00
GM1991,,2023JJ00
GM0556,,2013JJ00
GM0556,,2014JJ00
GM0556,,2015JJ00
GM0556,,2016JJ00
GM0556,,2017JJ00
GM0556,,2018JJ00
GM0556,,2019JJ00
GM0556,,2020JJ00
GM0556,,2021JJ00
GM0556,,2022JJ00
GM0556,,2023JJ00
GM0935,,2013JJ00
GM0935,,2014JJ00
GM0935,,2015JJ00
GM0935,,2016JJ00
GM0935,,2017JJ00
GM0935,,2018JJ00
GM0935,,2019JJ00
GM0935,,2020JJ00
GM0935,,2021JJ00
GM0935,,2022JJ00
GM0935,,2023JJ00
GM0420,,2013JJ00
GM0420,,2014JJ00
GM0420,,2015JJ00
GM0420,,2016JJ00
GM0420,,2017JJ00
GM0420,,2018JJ00
GM0420,,2019JJ00
GM0420,,2020JJ00
GM0420,,2021JJ00
GM0420,,2022JJ00
GM0420,,2023JJ00
GM0938,,2013JJ00
GM0938,,2014JJ00
GM0938,,2015JJ00
GM0938,,2016JJ00
GM0938,,2017JJ00
GM0938,,2018JJ00
GM0938,,2019JJ00
GM0938,,2020JJ00
GM0938,,2021JJ00
GM0938,,2022JJ00
GM0938,,2023JJ00
GM1948,,2013JJ00
GM1948,,2014JJ00
GM1948,,2015JJ00
GM1948,,2016JJ00
GM1948,,2017JJ00
GM1948,,2018JJ00
GM1948,,2019JJ00
GM1948,,2020JJ00
GM1948,,2021JJ00
GM1948,,2022JJ00
GM1948,,2023JJ00
GM0119,,2013JJ00
GM0119,,2014JJ00
GM0119,,2015JJ00
GM0119,,2016JJ00
GM0119,,2017JJ00
GM0119,,2018JJ00
GM0119,,2019JJ00
GM0119,,2020JJ00
GM0119,,2021JJ00
GM0119,,2022JJ00
GM0119,,2023JJ00
GM0687,,2013JJ00
GM0687,,2014JJ00
GM0687,,2015JJ00
GM0687,,2016JJ00
GM0687,,2017JJ00
GM0687,,2018JJ00
GM0687,,2019JJ00
GM0687,,2020JJ00
GM0687,,2021JJ00
GM0687,,2022JJ00
GM0687,,2023JJ00
GM1842,,2013JJ00
GM1842,,2014JJ00
GM1842,,2015JJ00
GM1842,,2016JJ00
GM1842,,2017JJ00
GM1842,,2018JJ00
GM1842,,2019JJ00
GM1842,,2020JJ00
GM1842,,2021JJ00
GM1842,,2022JJ00
GM1842,,2023JJ00
GM1731,,2013JJ00
GM1731,,2014JJ00
GM1731,,2015JJ00
GM1731,,2016JJ00
GM1731,,2017JJ00
GM1731,,2018JJ00
GM1731,,2019JJ00
GM1731,,2020JJ00
GM1731,,2021JJ00
GM1731,,2022JJ00
GM1731,,2023JJ00
GM1952,,2013JJ00
GM1952,,2014JJ00
GM1952,,2015JJ00
GM1952,,2016JJ00
GM1952,,2017JJ00
GM1952,,2018JJ00
GM1952,,2019JJ00
GM1952,,2020JJ00
GM1952,,2021JJ00
GM1952,,2022JJ00
GM1952,,2023JJ00
GM1709,,2013JJ00
GM1709,,2014JJ00
GM1709,,2015JJ00
GM1709,,2016JJ00
GM1709,,2017JJ00
GM1709,,2018JJ00
GM1709,,2019JJ00
GM1709,,2020JJ00
GM1709,,2021JJ00
GM1709,,2022JJ00
GM1709,,2023JJ00
GM1978,,2013JJ00
GM1978,,2014JJ00
GM1978,,2015JJ00
GM1978,,2016JJ00
GM1978,,2017JJ00
GM1978,,2018JJ00
GM1978,,2019JJ00
GM1978,,2020JJ00
GM1978,,2021JJ00
GM1978,,2022JJ00
GM1978,,2023JJ00
GM1955,,2013JJ00
GM1955,,2014JJ00
GM1955,,2015JJ00
GM1955,,2016JJ00
GM1955,,2017JJ00
GM1955,,2018JJ00
GM1955,,2019JJ00
GM1955,,2020JJ00
GM1955,,2021JJ00
GM1955,,2022JJ00
GM1955,,2023JJ00
GM0335,,2013JJ00
GM0335,,2014JJ00
GM0335,,2015JJ00
GM0335,,2016JJ00
GM0335,,2017JJ00
GM0335,,2018JJ00
GM0335,,2019JJ00
GM0335,,2020JJ00
GM0335,,2021JJ00
GM0335,,2022JJ00
GM0335,,2023JJ00
GM0944,,2013JJ00
GM0944,,2014JJ00
GM0944,,2015JJ00
GM0944,,2016JJ00
GM0944,,2017JJ00
GM0944,,2018JJ00
GM0944,,2019JJ00
GM0944,,2020JJ00
GM0944,,2021JJ00
GM0944,,2022JJ00
GM0944,,2023JJ00
GM1740,,2013JJ00
GM1740,,2014JJ00
GM1740,,2015JJ00
GM1740,,2016JJ00
GM1740,,2017JJ00
GM1740,,2018JJ00
GM1740,,2019JJ00
GM1740,,2020JJ00
GM1740,,2021JJ00
GM1740,,2022JJ00
GM1740,,2023JJ00
GM0946,,2013JJ00
GM0946,,2014JJ00
GM0946,,2015JJ00
GM0946,,2016JJ00
GM0946,,2017JJ00
GM0946,,2018JJ00
GM0946,,2019JJ00
GM0946,,2020JJ00
GM0946,,2021JJ00
GM0946,,2022JJ00
GM0946,,2023JJ00
GM0356,,2013JJ00
GM0356,,2014JJ00
GM0356,,2015JJ00
GM0356,,2016JJ00
GM0356,,2017JJ00
GM0356,,2018JJ00
GM0356,,2019JJ00
GM0356,,2020JJ00
GM0356,,2021JJ00
GM0356,,2022JJ00
GM0356,,2023JJ00
GM0569,,2013JJ00
GM0569,,2014JJ00
GM0569,,2015JJ00
GM0569,,2016JJ00
GM0569,,2017JJ00
GM0569,,2018JJ00
GM0569,,2019JJ00
GM0569,,2020JJ00
GM0569,,2021JJ00
GM0569,,2022JJ00
GM0569,,2023JJ00
GM0267,,2013JJ00
GM0267,,2014JJ00
GM0267,,2015JJ00
GM0267,,2016JJ00
GM0267,,2017JJ00
GM0267,,2018JJ00
GM0267,,2019JJ00
GM0267,,2020JJ00
GM0267,,2021JJ00
GM0267,,2022JJ00
GM0267,,2023JJ00
GM0268,,2013JJ00
GM0268,,2014JJ00
GM0268,,2015JJ00
GM0268,,2016JJ00
GM0268,,2017JJ00
GM0268,,2018JJ00
GM0268,,2019JJ00
GM0268,,2020JJ00
GM0268,,2021JJ00
GM0268,,2022JJ00
GM0268,,2023JJ00
GM1930,,2013JJ00
GM1930,,2014JJ00
GM1930,,2015JJ00
GM1930,,2016JJ00
GM1930,,2017JJ00
GM1930,,2018JJ00
GM1930,,2019JJ00
GM1930,,2020JJ00
GM1930,,2021JJ00
GM1930,,2022JJ00
GM1930,,2023JJ00
GM1970,,2013JJ00
GM1970,,2014JJ00
GM1970,,2015JJ00
GM1970,,2016JJ00
GM1970,,2017JJ00
GM1970,,2018JJ00
GM1970,,2019JJ00
GM1970,,2020JJ00
GM1970,,2021JJ00
GM1970,,2022JJ00
GM1970,,2023JJ00
GM1695,,2013JJ00
GM1695,,2014JJ00
GM1695,,2015JJ00
GM1695,,2016JJ00
GM1695,,2017JJ00
GM1695,,2018JJ00
GM1695,,2019JJ00
GM1695,,2020JJ00
GM1695,,2021JJ00
GM1695,,2022JJ00
GM1695,,2023JJ00
GM1699,,2013JJ00
GM1699,,2014JJ00
GM1699,,2015JJ00
GM1699,,2016JJ00
GM1699,,2017JJ00
GM1699,,2018JJ00
GM1699,,2019JJ00
GM1699,,2020JJ00
GM1699,,2021JJ00
GM1699,,2022JJ00
GM1699,,2023JJ00
GM0171,,2013JJ00
GM0171,,2014JJ00
GM0171,,2015JJ00
GM0171,,2016JJ00
GM0171,,2017JJ00
GM0171,,2018JJ00
GM0171,,2019JJ00
GM0171,,2020JJ00
GM0171,,2021JJ00
GM0171,,2022JJ00
GM0171,,2023JJ00
GM0575,,2013JJ00
GM0575,,2014JJ00
GM0575,,2015JJ00
GM0575,,2016JJ00
GM0575,,2017JJ00
GM0575,,2018JJ00
GM0575,,2019JJ00
GM0575,,2020JJ00
GM0575,,2021JJ00
GM0575,,2022JJ00
GM0575,,2023JJ00
GM0820,,2013JJ00
GM0820,,2014JJ00
GM0820,,2015JJ00
GM0820,,2016JJ00
GM0820,,2017JJ00
GM0820,,2018JJ00
GM0820,,2019JJ00
GM0820,,2020JJ00
GM0820,,2021JJ00
GM0820,,2022JJ00
GM0820,,2023JJ00
GM0302,,2013JJ00
GM0302,,2014JJ00
GM0302,,2015JJ00
GM0302,,2016JJ00
GM0302,,2017JJ00
GM0302,,2018JJ00
GM0302,,2019JJ00
GM0302,,2020JJ00
GM0302,,2021JJ00
GM0302,,2022JJ00
GM0302,,2023JJ00
GM0579,,2013JJ00
GM0579,,2014JJ00
GM0579,,2015JJ00
GM0579,,2016JJ00
GM0579,,2017JJ00
GM0579,,2018JJ00
GM0579,,2019JJ00
GM0579,,2020JJ00
GM0579,,2021JJ00
GM0579,,2022JJ00
GM0579,,2023JJ00
GM0823,,2013JJ00
GM0823,,2014JJ00
GM0823,,2015JJ00
GM0823,,2016JJ00
GM0823,,2017JJ00
GM0823,,2018JJ00
GM0823,,2019JJ00
GM0823,,2020JJ00
GM0823,,2021JJ00
GM0823,,2022JJ00
GM0823,,2023JJ00
GM0824,,2013JJ00
GM0824,,2014JJ00
GM0824,,2015JJ00
GM0824,,2016JJ00
GM0824,,2017JJ00
GM0824,,2018JJ00
GM0824,,2019JJ00
GM0824,,2020JJ00
GM0824,,2021JJ00
GM0824,,2022JJ00
GM0824,,2023JJ00
GM1895,,2013JJ00
GM1895,,2014JJ00
GM1895,,2015JJ00
GM1895,,2016JJ00
GM1895,,2017JJ00
GM1895,,2018JJ00
GM1895,,2019JJ00
GM1895,,2020JJ00
GM1895,,2021JJ00
GM1895,,2022JJ00
GM1895,,2023JJ00
GM0269,,2013JJ00
GM0269,,2014JJ00
GM0269,,2015JJ00
GM0269,,2016JJ00
GM0269,,2017JJ00
GM0269,,2018JJ00
GM0269,,2019JJ00
GM0269,,2020JJ00
GM0269,,2021JJ00
GM0269,,2022JJ00
GM0269,,2023JJ00
GM0173,,2013JJ00
GM0173,,2014JJ00
GM0173,,2015JJ00
GM0173,,2016JJ00
GM0173,,2017JJ00
GM0173,,2018JJ00
GM0173,,2019JJ00
GM0173,,2020JJ00
GM0173,,2021JJ00
GM0173,,2022JJ00
GM0173,,2023JJ00
GM1773,,2013JJ00
GM1773,,2014JJ00
GM1773,,2015JJ00
GM1773,,2016JJ00
GM1773,,2017JJ00
GM1773,,2018JJ00
GM1773,,2019JJ00
GM1773,,2020JJ00
GM1773,,2021JJ00
GM1773,,2022JJ00
GM1773,,2023JJ00
GM0175,,2013JJ00
GM0175,,2014JJ00
GM0175,,2015JJ00
GM0175,,2016JJ00
GM0175,,2017JJ00
GM0175,,2018JJ00
GM0175,,2019JJ00
GM0175,,2020JJ00
GM0175,,2021JJ00
GM0175,,2022JJ00
GM0175,,2023JJ00
GM1586,,2013JJ00
GM1586,,2014JJ00
GM1586,,2015JJ00
GM1586,,2016JJ00
GM1586,,2017JJ00
GM1586,,2018JJ00
GM1586,,2019JJ00
GM1586,,2020JJ00
GM1586,,2021JJ00
GM1586,,2022JJ00
GM1586,,2023JJ00
GM0826,,2013JJ00
GM0826,,2014JJ00
GM0826,,2015JJ00
GM0826,,2016JJ00
GM0826,,2017JJ00
GM0826,,2018JJ00
GM0826,,2019JJ00
GM0826,,2020JJ00
GM0826,,2021JJ00
GM0826,,2022JJ00
GM0826,,2023JJ00
GM0085,,2013JJ00
GM0085,,2014JJ00
GM0085,,2015JJ00
GM0085,,2016JJ00
GM0085,,2017JJ00
GM0085,,2018JJ00
GM0085,,2019JJ00
GM0085,,2020JJ00
GM0085,,2021JJ00
GM0085,,2022JJ00
GM0085,,2023JJ00
GM0431,,2013JJ00
GM0431,,2014JJ00
GM0431,,2015JJ00
GM0431,,2016JJ00
GM0431,,2017JJ00
GM0431,,2018JJ00
GM0431,,2019JJ00
GM0431,,2020JJ00
GM0431,,2021JJ00
GM0431,,2022JJ00
GM0431,,2023JJ00
GM0432,,2013JJ00
GM0432,,2014JJ00
GM0432,,2015JJ00
GM0432,,2016JJ00
GM0432,,2017JJ00
GM0432,,2018JJ00
GM0432,,2019JJ00
GM0432,,2020JJ00
GM0432,,2021JJ00
GM0432,,2022JJ00
GM0432,,2023JJ00
GM0086,,2013JJ00
GM0086,,2014JJ00
GM0086,,2015JJ00
GM0086,,2016JJ00
GM0086,,2017JJ00
GM0086,,2018JJ00
GM0086,,2019JJ00
GM0086,,2020JJ00
GM0086,,2021JJ00
GM0086,,2022JJ00
GM0086,,2023JJ00
GM0828,,2013JJ00
GM0828,,2014JJ00
GM0828,,2015JJ00
GM0828,,2016JJ00
GM0828,,2017JJ00
GM0828,,2018JJ00
GM0828,,2019JJ00
GM0828,,2020JJ00
GM0828,,2021JJ00
GM0828,,2022JJ00
GM0828,,2023JJ00
GM1509,,2013JJ00
GM1509,,2014JJ00
GM1509,,2015JJ00
GM1509,,2016JJ00
GM1509,,2017JJ00
GM1509,,2018JJ00
GM1509,,2019JJ00
GM1509,,2020JJ00
GM1509,,2021JJ00
GM1509,,2022JJ00
GM1509,,2023JJ00
GM0437,,2013JJ00
GM0437,,2014JJ00
GM0437,,2015JJ00
GM0437,,2016JJ00
GM0437,,2017JJ00
GM0437,,2018JJ00
GM0437,,2019JJ00
GM0437,,2020JJ00
GM0437,,2021JJ00
GM0437,,2022JJ00
GM0437,,2023JJ00
GM0589,,2013JJ00
GM0589,,2014JJ00
GM0589,,2015JJ00
GM0589,,2016JJ00
GM0589,,2017JJ00
GM0589,,2018JJ00
GM0589,,2019JJ00
GM0589,,2020JJ00
GM0589,,2021JJ00
GM0589,,2022JJ00
GM0589,,2023JJ00
GM1734,,2013JJ00
GM1734,,2014JJ00
GM1734,,2015JJ00
GM1734,,2016JJ00
GM1734,,2017JJ00
GM1734,,2018JJ00
GM1734,,2019JJ00
GM1734,,2020JJ00
GM1734,,2021JJ00
GM1734,,2022JJ00
GM1734,,2023JJ00
GM0590,,2013JJ00
GM0590,,2014JJ00
GM0590,,2015JJ00
GM0590,,2016JJ00
GM0590,,2017JJ00
GM0590,,2018JJ00
GM0590,,2019JJ00
GM0590,,2020JJ00
GM0590,,2021JJ00
GM0590,,2022JJ00
GM0590,,2023JJ00
GM1894,,2013JJ00
GM1894,,2014JJ00
GM1894,,2015JJ00
GM1894,,2016JJ00
GM1894,,2017JJ00
GM1894,,2018JJ00
GM1894,,2019JJ00
GM1894,,2020JJ00
GM1894,,2021JJ00
GM1894,,2022JJ00
GM1894,,2023JJ00
GM0765,,2013JJ00
GM0765,,2014JJ00
GM0765,,2015JJ00
GM0765,,2016JJ00
GM0765,,2017JJ00
GM0765,,2018JJ00
GM0765,,2019JJ00
GM0765,,2020JJ00
GM0765,,2021JJ00
GM0765,,2022JJ00
GM0765,,2023JJ00
GM1926,,2013JJ00
GM1926,,2014JJ00
GM1926,,2015JJ00
GM1926,,2016JJ00
GM1926,,2017JJ00
GM1926,,2018JJ00
GM1926,,2019JJ00
GM1926,,2020JJ00
GM1926,,2021JJ00
GM1926,,2022JJ00
GM1926,,2023JJ00
GM0439,,2013JJ00
GM0439,,2014JJ00
GM0439,,2015JJ00
GM0439,,2016JJ00
GM0439,,2017JJ00
GM0439,,2018JJ00
GM0439,,2019JJ00
GM0439,,2020JJ00
GM0439,,2021JJ00
GM0439,,2022JJ00
GM0439,,2023JJ00
GM0273,,2013JJ00
GM0273,,2014JJ00
GM0273,,2015JJ00
GM0273,,2016JJ00
GM0273,,2017JJ00
GM0273,,2018JJ00
GM0273,,2019JJ00
GM0273,,2020JJ00
GM0273,,2021JJ00
GM0273,,2022JJ00
GM0273,,2023JJ00
GM0177,,2013JJ00
GM0177,,2014JJ00
GM0177,,2015JJ00
GM0177,,2016JJ00
GM0177,,2017JJ00
GM0177,,2018JJ00
GM0177,,2019JJ00
GM0177,,2020JJ00
GM0177,,2021JJ00
GM0177,,2022JJ00
GM0177,,2023JJ00
GM0703,,2013JJ00
GM0703,,2014JJ00
GM0703,,2015JJ00
GM0703,,2016JJ00
GM0703,,2017JJ00
GM0703,,2018JJ00
GM0703,,2019JJ00
GM0703,,2020JJ00
GM0703,,2021JJ00
GM0703,,2022JJ00
GM0703,,2023JJ00
GM0274,,2013JJ00
GM0274,,2014JJ00
GM0274,,2015JJ00
GM0274,,2016JJ00
GM0274,,2017JJ00
GM0274,,2018JJ00
GM0274,,2019JJ00
GM0274,,2020JJ00
GM0274,,2021JJ00
GM0274,,2022JJ00
GM0274,,2023JJ00
GM0339,,2013JJ00
GM0339,,2014JJ00
GM0339,,2015JJ00
GM0339,,2016JJ00
GM0339,,2017JJ00
GM0339,,2018JJ00
GM0339,,2019JJ00
GM0339,,2020JJ00
GM0339,,2021JJ00
GM0339,,2022JJ00
GM0339,,2023JJ00
GM1667,,2013JJ00
GM1667,,2014JJ00
GM1667,,2015JJ00
GM1667,,2016JJ00
GM1667,,2017JJ00
GM1667,,2018JJ00
GM1667,,2019JJ00
GM1667,,2020JJ00
GM1667,,2021JJ00
GM1667,,2022JJ00
GM1667,,2023JJ00
GM0275,,2013JJ00
GM0275,,2014JJ00
GM0275,,2015JJ00
GM0275,,2016JJ00
GM0275,,2017JJ00
GM0275,,2018JJ00
GM0275,,2019JJ00
GM0275,,2020JJ00
GM0275,,2021JJ00
GM0275,,2022JJ00
GM0275,,2023JJ00
GM0340,,2013JJ00
GM0340,,2014JJ00
GM0340,,2015JJ00
GM0340,,2016JJ00
GM0340,,2017JJ00
GM0340,,2018JJ00
GM0340,,2019JJ00
GM0340,,2020JJ00
GM0340,,2021JJ00
GM0340,,2022JJ00
GM0340,,2023JJ00
GM0597,,2013JJ00
GM0597,,2014JJ00
GM0597,,2015JJ00
GM0597,,2016JJ00
GM0597,,2017JJ00
GM0597,,2018JJ00
GM0597,,2019JJ00
GM0597,,2020JJ00
GM0597,,2021JJ00
GM0597,,2022JJ00
GM0597,,2023JJ00
GM1742,,2013JJ00
GM1742,,2014JJ00
GM1742,,2015JJ00
GM1742,,2016JJ00
GM1742,,2017JJ00
GM1742,,2018JJ00
GM1742,,2019JJ00
GM1742,,2020JJ00
GM1742,,2021JJ00
GM1742,,2022JJ00
GM1742,,2023JJ00
GM0603,,2013JJ00
GM0603,,2014JJ00
GM0603,,2015JJ00
GM0603,,2016JJ00
GM0603,,2017JJ00
GM0603,,2018JJ00
GM0603,,2019JJ00
GM0603,,2020JJ00
GM0603,,2021JJ00
GM0603,,2022JJ00
GM0603,,2023JJ00
GM1669,,2013JJ00
GM1669,,2014JJ00
GM1669,,2015JJ00
GM1669,,2016JJ00
GM1669,,2017JJ00
GM1669,,2018JJ00
GM1669,,2019JJ00
GM1669,,2020JJ00
GM1669,,2021JJ00
GM1669,,2022JJ00
GM1669,,2023JJ00
GM0957,,2013JJ00
GM0957,,2014JJ00
GM0957,,2015JJ00
GM0957,,2016JJ00
GM0957,,2017JJ00
GM0957,,2018JJ00
GM0957,,2019JJ00
GM0957,,2020JJ00
GM0957,,2021JJ00
GM0957,,2022JJ00
GM0957,,2023JJ00
GM0736,,2013JJ00
GM0736,,2014JJ00
GM0736,,2015JJ00
GM0736,,2016JJ00
GM0736,,2017JJ00
GM0736,,2018JJ00
GM0736,,2019JJ00
GM0736,,2020JJ00
GM0736,,2021JJ00
GM0736,,2022JJ00
GM0736,,2023JJ00
GM1674,,2013JJ00
GM1674,,2014JJ00
GM1674,,2015JJ00
GM1674,,2016JJ00
GM1674,,2017JJ00
GM1674,,2018JJ00
GM1674,,2019JJ00
GM1674,,2020JJ00
GM1674,,2021JJ00
GM1674,,2022JJ00
GM1674,,2023JJ00
GM0599,,2013JJ00
GM0599,,2014JJ00
GM0599,,2015JJ00
GM0599,,2016JJ00
GM0599,,2017JJ00
GM0599,,2018JJ00
GM0599,,2019JJ00
GM0599,,2020JJ00
GM0599,,2021JJ00
GM0599,,2022JJ00
GM0599,,2023JJ00
GM0277,,2013JJ00
GM0277,,2014JJ00
GM0277,,2015JJ00
GM0277,,2016JJ00
GM0277,,2017JJ00
GM0277,,2018JJ00
GM0277,,2019JJ00
GM0277,,2020JJ00
GM0277,,2021JJ00
GM0277,,2022JJ00
GM0277,,2023JJ00
GM0840,,2013JJ00
GM0840,,2014JJ00
GM0840,,2015JJ00
GM0840,,2016JJ00
GM0840,,2017JJ00
GM0840,,2018JJ00
GM0840,,2019JJ00
GM0840,,2020JJ00
GM0840,,2021JJ00
GM0840,,2022JJ00
GM0840,,2023JJ00
GM0441,,2013JJ00
GM0441,,2014JJ00
GM0441,,2015JJ00
GM0441,,2016JJ00
GM0441,,2017JJ00
GM0441,,2018JJ00
GM0441,,2019JJ00
GM0441,,2020JJ00
GM0441,,2021JJ00
GM0441,,2022JJ00
GM0441,,2023JJ00
GM0279,,2013JJ00
GM0279,,2014JJ00
GM0279,,2015JJ00
GM0279,,2016JJ00
GM0279,,2017JJ00
GM0279,,2018JJ00
GM0279,,2019JJ00
GM0279,,2020JJ00
GM0279,,2021JJ00
GM0279,,2022JJ00
GM0279,,2023JJ00
GM0606,,2013JJ00
GM0606,,2014JJ00
GM0606,,2015JJ00
GM0606,,2016JJ00
GM0606,,2017JJ00
GM0606,,2018JJ00
GM0606,,2019JJ00
GM0606,,2020JJ00
GM0606,,2021JJ00
GM0606,,2022JJ00
GM0606,,2023JJ00
GM0088,,2013JJ00
GM0088,,2014JJ00
GM0088,,2015JJ00
GM0088,,2016JJ00
GM0088,,2017JJ00
GM0088,,2018JJ00
GM0088,,2019JJ00
GM0088,,2020JJ00
GM0088,,2021JJ00
GM0088,,2022JJ00
GM0088,,2023JJ00
GM1676,,2013JJ00
GM1676,,2014JJ00
GM1676,,2015JJ00
GM1676,,2016JJ00
GM1676,,2017JJ00
GM1676,,2018JJ00
GM1676,,2019JJ00
GM1676,,2020JJ00
GM1676,,2021JJ00
GM1676,,2022JJ00
GM1676,,2023JJ00
GM0965,,2013JJ00
GM0965,,2014JJ00
GM0965,,2015JJ00
GM0965,,2016JJ00
GM0965,,2017JJ00
GM0965,,2018JJ00
GM0965,,2019JJ00
GM0965,,2020JJ00
GM0965,,2021JJ00
GM0965,,2022JJ00
GM0965,,2023JJ00
GM0845,,2013JJ00
GM0845,,2014JJ00
GM0845,,2015JJ00
GM0845,,2016JJ00
GM0845,,2017JJ00
GM0845,,2018JJ00
GM0845,,2019JJ00
GM0845,,2020JJ00
GM0845,,2021JJ00
GM0845,,2022JJ00
GM0845,,2023JJ00
GM1883,,2013JJ00
GM1883,,2014JJ00
GM1883,,2015JJ00
GM1883,,2016JJ00
GM1883,,2017JJ00
GM1883,,2018JJ00
GM1883,,2019JJ00
GM1883,,2020JJ00
GM1883,,2021JJ00
GM1883,,2022JJ00
GM1883,,2023JJ00
GM0610,,2013JJ00
GM0610,,2014JJ00
GM0610,,2015JJ00
GM0610,,2016JJ00
GM0610,,2017JJ00
GM0610,,2018JJ00
GM0610,,2019JJ00
GM0610,,2020JJ00
GM0610,,2021JJ00
GM0610,,2022JJ00
GM0610,,2023JJ00
GM1714,,2013JJ00
GM1714,,2014JJ00
GM1714,,2015JJ00
GM1714,,2016JJ00
GM1714,,2017JJ00
GM1714,,2018JJ00
GM1714,,2019JJ00
GM1714,,2020JJ00
GM1714,,2021JJ00
GM1714,,2022JJ00
GM1714,,2023JJ00
GM0090,,2013JJ00
GM0090,,2014JJ00
GM0090,,2015JJ00
GM0090,,2016JJ00
GM0090,,2017JJ00
GM0090,,2018JJ00
GM0090,,2019JJ00
GM0090,,2020JJ00
GM0090,,2021JJ00
GM0090,,2022JJ00
GM0090,,2023JJ00
GM0342,,2013JJ00
GM0342,,2014JJ00
GM0342,,2015JJ00
GM0342,,2016JJ00
GM0342,,2017JJ00
GM0342,,2018JJ00
GM0342,,2019JJ00
GM0342,,2020JJ00
GM0342,,2021JJ00
GM0342,,2022JJ00
GM0342,,2023JJ00
GM0847,,2013JJ00
GM0847,,2014JJ00
GM0847,,2015JJ00
GM0847,,2016JJ00
GM0847,,2017JJ00
GM0847,,2018JJ00
GM0847,,2019JJ00
GM0847,,2020JJ00
GM0847,,2021JJ00
GM0847,,2022JJ00
GM0847,,2023JJ00
GM0848,,2013JJ00
GM0848,,2014JJ00
GM0848,,2015JJ00
GM0848,,2016JJ00
GM0848,,2017JJ00
GM0848,,2018JJ00
GM0848,,2019JJ00
GM0848,,2020JJ00
GM0848,,2021JJ00
GM0848,,2022JJ00
GM0848,,2023JJ00
GM0037,,2013JJ00
GM0037,,2014JJ00
GM0037,,2015JJ00
GM0037,,2016JJ00
GM0037,,2017JJ00
GM0037,,2018JJ00
GM0037,,2019JJ00
GM0037,,2020JJ00
GM0037,,2021JJ00
GM0037,,2022JJ00
GM0037,,2023JJ00
GM0180,,2013JJ00
GM0180,,2014JJ00
GM0180,,2015JJ00
GM0180,,2016JJ00
GM0180,,2017JJ00
GM0180,,2018JJ00
GM0180,,2019JJ00
GM0180,,2020JJ00
GM0180,,2021JJ00
GM0180,,2022JJ00
GM0180,,2023JJ00
GM0532,,2013JJ00
GM0532,,2014JJ00
GM0532,,2015JJ00
GM0532,,2016JJ00
GM0532,,2017JJ00
GM0532,,2018JJ00
GM0532,,2019JJ00
GM0532,,2020JJ00
GM0532,,2021JJ00
GM0532,,2022JJ00
GM0532,,2023JJ00
GM0851,,2013JJ00
GM0851,,2014JJ00
GM0851,,2015JJ00
GM0851,,2016JJ00
GM0851,,2017JJ00
GM0851,,2018JJ00
GM0851,,2019JJ00
GM0851,,2020JJ00
GM0851,,2021JJ00
GM0851,,2022JJ00
GM0851,,2023JJ00
GM1708,,2013JJ00
GM1708,,2014JJ00
GM1708,,2015JJ00
GM1708,,2016JJ00
GM1708,,2017JJ00
GM1708,,2018JJ00
GM1708,,2019JJ00
GM1708,,2020JJ00
GM1708,,2021JJ00
GM1708,,2022JJ00
GM1708,,2023JJ00
GM0971,,2013JJ00
GM0971,,2014JJ00
GM0971,,2015JJ00
GM0971,,2016JJ00
GM0971,,2017JJ00
GM0971,,2018JJ00
GM0971,,2019JJ00
GM0971,,2020JJ00
GM0971,,2021JJ00
GM0971,,2022JJ00
GM0971,,2023JJ00
GM1904,,2013JJ00
GM1904,,2014JJ00
GM1904,,2015JJ00
GM1904,,2016JJ00
GM1904,,2017JJ00
GM1904,,2018JJ00
GM1904,,2019JJ00
GM1904,,2020JJ00
GM1904,,2021JJ00
GM1904,,2022JJ00
GM1904,,2023JJ00
GM1900,,2013JJ00
GM1900,,2014JJ00
GM1900,,2015JJ00
GM1900,,2016JJ00
GM1900,,2017JJ00
GM1900,,2018JJ00
GM1900,,2019JJ00
GM1900,,2020JJ00
GM1900,,2021JJ00
GM1900,,2022JJ00
GM1900,,2023JJ00
GM0715,,2013JJ00
GM0715,,2014JJ00
GM0715,,2015JJ00
GM0715,,2016JJ00
GM0715,,2017JJ00
GM0715,,2018JJ00
GM0715,,2019JJ00
GM0715,,2020JJ00
GM0715,,2021JJ00
GM0715,,2022JJ00
GM0715,,2023JJ00
GM0093,,2013JJ00
GM0093,,2014JJ00
GM0093,,2015JJ00
GM0093,,2016JJ00
GM0093,,2017JJ00
GM0093,,2018JJ00
GM0093,,2019JJ00
GM0093,,2020JJ00
GM0093,,2021JJ00
GM0093,,2022JJ00
GM0093,,2023JJ00
GM0448,,2013JJ00
GM0448,,2014JJ00
GM0448,,2015JJ00
GM0448,,2016JJ00
GM0448,,2017JJ00
GM0448,,2018JJ00
GM0448,,2019JJ00
GM0448,,2020JJ00
GM0448,,2021JJ00
GM0448,,2022JJ00
GM0448,,2023JJ00
GM1525,,2013JJ00
GM1525,,2014JJ00
GM1525,,2015JJ00
GM1525,,2016JJ00
GM1525,,2017JJ00
GM1525,,2018JJ00
GM1525,,2019JJ00
GM1525,,2020JJ00
GM1525,,2021JJ00
GM1525,,2022JJ00
GM1525,,2023JJ00
GM0716,,2013JJ00
GM0716,,2014JJ00
GM0716,,2015JJ00
GM0716,,2016JJ00
GM0716,,2017JJ00
GM0716,,2018JJ00
GM0716,,2019JJ00
GM0716,,2020JJ00
GM0716,,2021JJ00
GM0716,,2022JJ00
GM0716,,2023JJ00
GM0281,,2013JJ00
GM0281,,2014JJ00
GM0281,,2015JJ00
GM0281,,2016JJ00
GM0281,,2017JJ00
GM0281,,2018JJ00
GM0281,,2019JJ00
GM0281,,2020JJ00
GM0281,,2021JJ00
GM0281,,2022JJ00
GM0281,,2023JJ00
GM0855,,2013JJ00
GM0855,,2014JJ00
GM0855,,2015JJ00
GM0855,,2016JJ00
GM0855,,2017JJ00
GM0855,,2018JJ00
GM0855,,2019JJ00
GM0855,,2020JJ00
GM0855,,2021JJ00
GM0855,,2022JJ00
GM0855,,2023JJ00
GM0183,,2013JJ00
GM0183,,2014JJ00
GM0183,,2015JJ00
GM0183,,2016JJ00
GM0183,,2017JJ00
GM0183,,2018JJ00
GM0183,,2019JJ00
GM0183,,2020JJ00
GM0183,,2021JJ00
GM0183,,2022JJ00
GM0183,,2023JJ00
GM1700,,2013JJ00
GM1700,,2014JJ00
GM1700,,2015JJ00
GM1700,,2016JJ00
GM1700,,2017JJ00
GM1700,,2018JJ00
GM1700,,2019JJ00
GM1700,,2020JJ00
GM1700,,2021JJ00
GM1700,,2022JJ00
GM1700,,2023JJ00
GM1730,,2013JJ00
GM1730,,2014JJ00
GM1730,,2015JJ00
GM1730,,2016JJ00
GM1730,,2017JJ00
GM1730,,2018JJ00
GM1730,,2019JJ00
GM1730,,2020JJ00
GM1730,,2021JJ00
GM1730,,2022JJ00
GM1730,,2023JJ00
GM0737,,2013JJ00
GM0737,,2014JJ00
GM0737,,2015JJ00
GM0737,,2016JJ00
GM0737,,2017JJ00
GM0737,,2018JJ00
GM0737,,2019JJ00
GM0737,,2020JJ00
GM0737,,2021JJ00
GM0737,,2022JJ00
GM0737,,2023JJ00
GM0450,,2013JJ00
GM0450,,2014JJ00
GM0450,,2015JJ00
GM0450,,2016JJ00
GM0450,,2017JJ00
GM0450,,2018JJ00
GM0450,,2019JJ00
GM0450,,2020JJ00
GM0450,,2021JJ00
GM0450,,2022JJ00
GM0450,,2023JJ00
GM0451,,2013JJ00
GM0451,,2014JJ00
GM0451,,2015JJ00
GM0451,,2016JJ00
GM0451,,2017JJ00
GM0451,,2018JJ00
GM0451,,2019JJ00
GM0451,,2020JJ00
GM0451,,2021JJ00
GM0451,,2022JJ00
GM0451,,2023JJ00
GM0184,,2013JJ00
GM0184,,2014JJ00
GM0184,,2015JJ00
GM0184,,2016JJ00
GM0184,,2017JJ00
GM0184,,2018JJ00
GM0184,,2019JJ00
GM0184,,2020JJ00
GM0184,,2021JJ00
GM0184,,2022JJ00
GM0184,,2023JJ00
GM0344,,2013JJ00
GM0344,,2014JJ00
GM0344,,2015JJ00
GM0344,,2016JJ00
GM0344,,2017JJ00
GM0344,,2018JJ00
GM0344,,2019JJ00
GM0344,,2020JJ00
GM0344,,2021JJ00
GM0344,,2022JJ00
GM0344,,2023JJ00
GM1581,,2013JJ00
GM1581,,2014JJ00
GM1581,,2015JJ00
GM1581,,2016JJ00
GM1581,,2017JJ00
GM1581,,2018JJ00
GM1581,,2019JJ00
GM1581,,2020JJ00
GM1581,,2021JJ00
GM1581,,2022JJ00
GM1581,,2023JJ00
GM0981,,2013JJ00
GM0981,,2014JJ00
GM0981,,2015JJ00
GM0981,,2016JJ00
GM0981,,2017JJ00
GM0981,,2018JJ00
GM0981,,2019JJ00
GM0981,,2020JJ00
GM0981,,2021JJ00
GM0981,,2022JJ00
GM0981,,2023JJ00
GM0994,,2013JJ00
GM0994,,2014JJ00
GM0994,,2015JJ00
GM0994,,2016JJ00
GM0994,,2017JJ00
GM0994,,2018JJ00
GM0994,,2019JJ00
GM0994,,2020JJ00
GM0994,,2021JJ00
GM0994,,2022JJ00
GM0994,,2023JJ00
GM0858,,2013JJ00
GM0858,,2014JJ00
GM0858,,2015JJ00
GM0858,,2016JJ00
GM0858,,2017JJ00
GM0858,,2018JJ00
GM0858,,2019JJ00
GM0858,,2020JJ00
GM0858,,2021JJ00
GM0858,,2022JJ00
GM0858,,2023JJ00
GM0047,,2013JJ00
GM0047,,2014JJ00
GM0047,,2015JJ00
GM0047,,2016JJ00
GM0047,,2017JJ00
GM0047,,2018JJ00
GM0047,,2019JJ00
GM0047,,2020JJ00
GM0047,,2021JJ00
GM0047,,2022JJ00
GM0047,,2023JJ00
GM0345,,2013JJ00
GM0345,,2014JJ00
GM0345,,2015JJ00
GM0345,,2016JJ00
GM0345,,2017JJ00
GM0345,,2018JJ00
GM0345,,2019JJ00
GM0345,,2020JJ00
GM0345,,2021JJ00
GM0345,,2022JJ00
GM0345,,2023JJ00
GM0717,,2013JJ00
GM0717,,2014JJ00
GM0717,,2015JJ00
GM0717,,2016JJ00
GM0717,,2017JJ00
GM0717,,2018JJ00
GM0717,,2019JJ00
GM0717,,2020JJ00
GM0717,,2021JJ00
GM0717,,2022JJ00
GM0717,,2023JJ00
GM0861,,2013JJ00
GM0861,,2014JJ00
GM0861,,2015JJ00
GM0861,,2016JJ00
GM0861,,2017JJ00
GM0861,,2018JJ00
GM0861,,2019JJ00
GM0861,,2020JJ00
GM0861,,2021JJ00
GM0861,,2022JJ00
GM0861,,2023JJ00
GM0453,,2013JJ00
GM0453,,2014JJ00
GM0453,,2015JJ00
GM0453,,2016JJ00
GM0453,,2017JJ00
GM0453,,2018JJ00
GM0453,,2019JJ00
GM0453,,2020JJ00
GM0453,,2021JJ00
GM0453,,2022JJ00
GM0453,,2023JJ00
GM0983,,2013JJ00
GM0983,,2014JJ00
GM0983,,2015JJ00
GM0983,,2016JJ00
GM0983,,2017JJ00
GM0983,,2018JJ00
GM0983,,2019JJ00
GM0983,,2020JJ00
GM0983,,2021JJ00
GM0983,,2022JJ00
GM0983,,2023JJ00
GM0984,,2013JJ00
GM0984,,2014JJ00
GM0984,,2015JJ00
GM0984,,2016JJ00
GM0984,,2017JJ00
GM0984,,2018JJ00
GM0984,,2019JJ00
GM0984,,2020JJ00
GM0984,,2021JJ00
GM0984,,2022JJ00
GM0984,,2023JJ00
GM1961,,2013JJ00
GM1961,,2014JJ00
GM1961,,2015JJ00
GM1961,,2016JJ00
GM1961,,2017JJ00
GM1961,,2018JJ00
GM1961,,2019JJ00
GM1961,,2020JJ00
GM1961,,2021JJ00
GM1961,,2022JJ00
GM1961,,2023JJ00
GM0622,,2013JJ00
GM0622,,2014JJ00
GM0622,,2015JJ00
GM0622,,2016JJ00
GM0622,,2017JJ00
GM0622,,2018JJ00
GM0622,,2019JJ00
GM0622,,2020JJ00
GM0622,,2021JJ00
GM0622,,2022JJ00
GM0622,,2023JJ00
GM0096,,2013JJ00
GM0096,,2014JJ00
GM0096,,2015JJ00
GM0096,,2016JJ00
GM0096,,2017JJ00
GM0096,,2018JJ00
GM0096,,2019JJ00
GM0096,,2020JJ00
GM0096,,2021JJ00
GM0096,,2022JJ00
GM0096,,2023JJ00
GM0718,,2013JJ00
GM0718,,2014JJ00
GM0718,,2015JJ00
GM0718,,2016JJ00
GM0718,,2017JJ00
GM0718,,2018JJ00
GM0718,,2019JJ00
GM0718,,2020JJ00
GM0718,,2021JJ00
GM0718,,2022JJ00
GM0718,,2023JJ00
GM0986,,2013JJ00
GM0986,,2014JJ00
GM0986,,2015JJ00
GM0986,,2016JJ00
GM0986,,2017JJ00
GM0986,,2018JJ00
GM0986,,2019JJ00
GM0986,,2020JJ00
GM0986,,2021JJ00
GM0986,,2022JJ00
GM0986,,2023JJ00
GM1992,,2013JJ00
GM1992,,2014JJ00
GM1992,,2015JJ00
GM1992,,2016JJ00
GM1992,,2017JJ00
GM1992,,2018JJ00
GM1992,,2019JJ00
GM1992,,2020JJ00
GM1992,,2021JJ00
GM1992,,2022JJ00
GM1992,,2023JJ00
GM0626,,2013JJ00
GM0626,,2014JJ00
GM0626,,2015JJ00
GM0626,,2016JJ00
GM0626,,2017JJ00
GM0626,,2018JJ00
GM0626,,2019JJ00
GM0626,,2020JJ00
GM0626,,2021JJ00
GM0626,,2022JJ00
GM0626,,2023JJ00
GM0285,,2013JJ00
GM0285,,2014JJ00
GM0285,,2015JJ00
GM0285,,2016JJ00
GM0285,,2017JJ00
GM0285,,2018JJ00
GM0285,,2019JJ00
GM0285,,2020JJ00
GM0285,,2021JJ00
GM0285,,2022JJ00
GM0285,,2023JJ00
GM0865,,2013JJ00
GM0865,,2014JJ00
GM0865,,2015JJ00
GM0865,,2016JJ00
GM0865,,2017JJ00
GM0865,,2018JJ00
GM0865,,2019JJ00
GM0865,,2020JJ00
GM0865,,2021JJ00
GM0865,,2022JJ00
GM0865,,2023JJ00
GM1949,,2013JJ00
GM1949,,2014JJ00
GM1949,,2015JJ00
GM1949,,2016JJ00
GM1949,,2017JJ00
GM1949,,2018JJ00
GM1949,,2019JJ00
GM1949,,2020JJ00
GM1949,,2021JJ00
GM1949,,2022JJ00
GM1949,,2023JJ00
GM0866,,2013JJ00
GM0866,,2014JJ00
GM0866,,2015JJ00
GM0866,,2016JJ00
GM0866,,2017JJ00
GM0866,,2018JJ00
GM0866,,2019JJ00
GM0866,,2020JJ00
GM0866,,2021JJ00
GM0866,,2022JJ00
GM0866,,2023JJ00
GM0867,,2013JJ00
GM0867,,2014JJ00
GM0867,,2015JJ00
GM0867,,2016JJ00
GM0867,,2017JJ00
GM0867,,2018JJ00
GM0867,,2019JJ00
GM0867,,2020JJ00
GM0867,,2021JJ00
GM0867,,2022JJ00
GM0867,,2023JJ00
GM0627,,2013JJ00
GM0627,,2014JJ00
GM0627,,2015JJ00
GM0627,,2016JJ00
GM0627,,2017JJ00
GM0627,,2018JJ00
GM0627,,2019JJ00
GM0627,,2020JJ00
GM0627,,2021JJ00
GM0627,,2022JJ00
GM0627,,2023JJ00
GM0289,,2013JJ00
GM0289,,2014JJ00
GM0289,,2015JJ00
GM0289,,2016JJ00
GM0289,,2017JJ00
GM0289,,2018JJ00
GM0289,,2019JJ00
GM0289,,2020JJ00
GM0289,,2021JJ00
GM0289,,2022JJ00
GM0289,,2023JJ00
GM0629,,2013JJ00
GM0629,,2014JJ00
GM0629,,2015JJ00
GM0629,,2016JJ00
GM0629,,2017JJ00
GM0629,,2018JJ00
GM0629,,2019JJ00
GM0629,,2020JJ00
GM0629,,2021JJ00
GM0629,,2022JJ00
GM0629,,2023JJ00
GM0852,,2013JJ00
GM0852,,2014JJ00
GM0852,,2015JJ00
GM0852,,2016JJ00
GM0852,,2017JJ00
GM0852,,2018JJ00
GM0852,,2019JJ00
GM0852,,2020JJ00
GM0852,,2021JJ00
GM0852,,2022JJ00
GM0852,,2023JJ00
GM0988,,2013JJ00
GM0988,,2014JJ00
GM0988,,2015JJ00
GM0988,,2016JJ00
GM0988,,2017JJ00
GM0988,,2018JJ00
GM0988,,2019JJ00
GM0988,,2020JJ00
GM0988,,2021JJ00
GM0988,,2022JJ00
GM0988,,2023JJ00
GM1960,,2013JJ00
GM1960,,2014JJ00
GM1960,,2015JJ00
GM1960,,2016JJ00
GM1960,,2017JJ00
GM1960,,2018JJ00
GM1960,,2019JJ00
GM1960,,2020JJ00
GM1960,,2021JJ00
GM1960,,2022JJ00
GM1960,,2023JJ00
GM0668,,2013JJ00
GM0668,,2014JJ00
GM0668,,2015JJ00
GM0668,,2016JJ00
GM0668,,2017JJ00
GM0668,,2018JJ00
GM0668,,2019JJ00
GM0668,,2020JJ00
GM0668,,2021JJ00
GM0668,,2022JJ00
GM0668,,2023JJ00
GM1969,,2013JJ00
GM1969,,2014JJ00
GM1969,,2015JJ00
GM1969,,2016JJ00
GM1969,,2017JJ00
GM1969,,2018JJ00
GM1969,,2019JJ00
GM1969,,2020JJ00
GM1969,,2021JJ00
GM1969,,2022JJ00
GM1969,,2023JJ00
GM1701,,2013JJ00
GM1701,,2014JJ00
GM1701,,2015JJ00
GM1701,,2016JJ00
GM1701,,2017JJ00
GM1701,,2018JJ00
GM1701,,2019JJ00
GM1701,,2020JJ00
GM1701,,2021JJ00
GM1701,,2022JJ00
GM1701,,2023JJ00
GM0293,,2013JJ00
GM0293,,2014JJ00
GM0293,,2015JJ00
GM0293,,2016JJ00
GM0293,,2017JJ00
GM0293,,2018JJ00
GM0293,,2019JJ00
GM0293,,2020JJ00
GM0293,,2021JJ00
GM0293,,2022JJ00
GM0293,,2023JJ00
GM1950,,2013JJ00
GM1950,,2014JJ00
GM1950,,2015JJ00
GM1950,,2016JJ00
GM1950,,2017JJ00
GM1950,,2018JJ00
GM1950,,2019JJ00
GM1950,,2020JJ00
GM1950,,2021JJ00
GM1950,,2022JJ00
GM1950,,2023JJ00
GM1783,,2013JJ00
GM1783,,2014JJ00
GM1783,,2015JJ00
GM1783,,2016JJ00
GM1783,,2017JJ00
GM1783,,2018JJ00
GM1783,,2019JJ00
GM1783,,2020JJ00
GM1783,,2021JJ00
GM1783,,2022JJ00
GM1783,,2023JJ00
GM0098,,2013JJ00
GM0098,,2014JJ00
GM0098,,2015JJ00
GM0098,,2016JJ00
GM0098,,2017JJ00
GM0098,,2018JJ00
GM0098,,2019JJ00
GM0098,,2020JJ00
GM0098,,2021JJ00
GM0098,,2022JJ00
GM0098,,2023JJ00
GM0189,,2013JJ00
GM0189,,2014JJ00
GM0189,,2015JJ00
GM0189,,2016JJ00
GM0189,,2017JJ00
GM0189,,2018JJ00
GM0189,,2019JJ00
GM0189,,2020JJ00
GM0189,,2021JJ00
GM0189,,2022JJ00
GM0189,,2023JJ00
GM0296,,2013JJ00
GM0296,,2014JJ00
GM0296,,2015JJ00
GM0296,,2016JJ00
GM0296,,2017JJ00
GM0296,,2018JJ00
GM0296,,2019JJ00
GM0296,,2020JJ00
GM0296,,2021JJ00
GM0296,,2022JJ00
GM0296,,2023JJ00
GM1696,,2013JJ00
GM1696,,2014JJ00
GM1696,,2015JJ00
GM1696,,2016JJ00
GM1696,,2017JJ00
GM1696,,2018JJ00
GM1696,,2019JJ00
GM1696,,2020JJ00
GM1696,,2021JJ00
GM1696,,2022JJ00
GM1696,,2023JJ00
GM0352,,2013JJ00
GM0352,,2014JJ00
GM0352,,2015JJ00
GM0352,,2016JJ00
GM0352,,2017JJ00
GM0352,,2018JJ00
GM0352,,2019JJ00
GM0352,,2020JJ00
GM0352,,2021JJ00
GM0352,,2022JJ00
GM0352,,2023JJ00
GM0294,,2013JJ00
GM0294,,2014JJ00
GM0294,,2015JJ00
GM0294,,2016JJ00
GM0294,,2017JJ00
GM0294,,2018JJ00
GM0294,,2019JJ00
GM0294,,2020JJ00
GM0294,,2021JJ00
GM0294,,2022JJ00
GM0294,,2023JJ00
GM0873,,2013JJ00
GM0873,,2014JJ00
GM0873,,2015JJ00
GM0873,,2016JJ00
GM0873,,2017JJ00
GM0873,,2018JJ00
GM0873,,2019JJ00
GM0873,,2020JJ00
GM0873,,2021JJ00
GM0873,,2022JJ00
GM0873,,2023JJ00
GM0632,,2013JJ00
GM0632,,2014JJ00
GM0632,,2015JJ00
GM0632,,2016JJ00
GM0632,,2017JJ00
GM0632,,2018JJ00
GM0632,,2019JJ00
GM0632,,2020JJ00
GM0632,,2021JJ00
GM0632,,2022JJ00
GM0632,,2023JJ00
GM1690,,2013JJ00
GM1690,,2014JJ00
GM1690,,2015JJ00
GM1690,,2016JJ00
GM1690,,2017JJ00
GM1690,,2018JJ00
GM1690,,2019JJ00
GM1690,,2020JJ00
GM1690,,2021JJ00
GM1690,,2022JJ00
GM1690,,2023JJ00
GM0880,,2013JJ00
GM0880,,2014JJ00
GM0880,,2015JJ00
GM0880,,2016JJ00
GM0880,,2017JJ00
GM0880,,2018JJ00
GM0880,,2019JJ00
GM0880,,2020JJ00
GM0880,,2021JJ00
GM0880,,2022JJ00
GM0880,,2023JJ00
GM0351,,2013JJ00
GM0351,,2014JJ00
GM0351,,2015JJ00
GM0351,,2016JJ00
GM0351,,2017JJ00
GM0351,,2018JJ00
GM0351,,2019JJ00
GM0351,,2020JJ00
GM0351,,2021JJ00
GM0351,,2022JJ00
GM0351,,2023JJ00
GM0479,,2013JJ00
GM0479,,2014JJ00
GM0479,,2015JJ00
GM0479,,2016JJ00
GM0479,,2017JJ00
GM0479,,2018JJ00
GM0479,,2019JJ00
GM0479,,2020JJ00
GM0479,,2021JJ00
GM0479,,2022JJ00
GM0479,,2023JJ00
GM0297,,2013JJ00
GM0297,,2014JJ00
GM0297,,2015JJ00
GM0297,,2016JJ00
GM0297,,2017JJ00
GM0297,,2018JJ00
GM0297,,2019JJ00
GM0297,,2020JJ00
GM0297,,2021JJ00
GM0297,,2022JJ00
GM0297,,2023JJ00
GM0473,,2013JJ00
GM0473,,2014JJ00
GM0473,,2015JJ00
GM0473,,2016JJ00
GM0473,,2017JJ00
GM0473,,2018JJ00
GM0473,,2019JJ00
GM0473,,2020JJ00
GM0473,,2021JJ00
GM0473,,2022JJ00
GM0473,,2023JJ00
GM0050,,2013JJ00
GM0050,,2014JJ00
GM0050,,2015JJ00
GM0050,,2016JJ00
GM0050,,2017JJ00
GM0050,,2018JJ00
GM0050,,2019JJ00
GM0050,,2020JJ00
GM0050,,2021JJ00
GM0050,,2022JJ00
GM0050,,2023JJ00
GM0355,,2013JJ00
GM0355,,2014JJ00
GM0355,,2015JJ00
GM0355,,2016JJ00
GM0355,,2017JJ00
GM0355,,2018JJ00
GM0355,,2019JJ00
GM0355,,2020JJ00
GM0355,,2021JJ00
GM0355,,2022JJ00
GM0355,,2023JJ00
GM0299,,2013JJ00
GM0299,,2014JJ00
GM0299,,2015JJ00
GM0299,,2016JJ00
GM0299,,2017JJ00
GM0299,,2018JJ00
GM0299,,2019JJ00
GM0299,,2020JJ00
GM0299,,2021JJ00
GM0299,,2022JJ00
GM0299,,2023JJ00
GM0637,,2013JJ00
GM0637,,2014JJ00
GM0637,,2015JJ00
GM0637,,2016JJ00
GM0637,,2017JJ00
GM0637,,2018JJ00
GM0637,,2019JJ00
GM0637,,2020JJ00
GM0637,,2021JJ00
GM0637,,2022JJ00
GM0637,,2023JJ00
GM0638,,2013JJ00
GM0638,,2014JJ00
GM0638,,2015JJ00
GM0638,,2016JJ00
GM0638,,2017JJ00
GM0638,,2018JJ00
GM0638,,2019JJ00
GM0638,,2020JJ00
GM0638,,2021JJ00
GM0638,,2022JJ00
GM0638,,2023JJ00
GM1892,,2013JJ00
GM1892,,2014JJ00
GM1892,,2015JJ00
GM1892,,2016JJ00
GM1892,,2017JJ00
GM1892,,2018JJ00
GM1892,,2019JJ00
GM1892,,2020JJ00
GM1892,,2021JJ00
GM1892,,2022JJ00
GM1892,,2023JJ00
GM0879,,2013JJ00
GM0879,,2014JJ00
GM0879,,2015JJ00
GM0879,,2016JJ00
GM0879,,2017JJ00
GM0879,,2018JJ00
GM0879,,2019JJ00
GM0879,,2020JJ00
GM0879,,2021JJ00
GM0879,,2022JJ00
GM0879,,2023JJ00
GM0301,,2013JJ00
GM0301,,2014JJ00
GM0301,,2015JJ00
GM0301,,2016JJ00
GM0301,,2017JJ00
GM0301,,2018JJ00
GM0301,,2019JJ00
GM0301,,2020JJ00
GM0301,,2021JJ00
GM0301,,2022JJ00
GM0301,,2023JJ00
GM1896,,2013JJ00
GM1896,,2014JJ00
GM1896,,2015JJ00
GM1896,,2016JJ00
GM1896,,2017JJ00
GM1896,,2018JJ00
GM1896,,2019JJ00
GM1896,,2020JJ00
GM1896,,2021JJ00
GM1896,,2022JJ00
GM1896,,2023JJ00
GM0642,,2013JJ00
GM0642,,2014JJ00
GM0642,,2015JJ00
GM0642,,2016JJ00
GM0642,,2017JJ00
GM0642,,2018JJ00
GM0642,,2019JJ00
GM0642,,2020JJ00
GM0642,,2021JJ00
GM0642,,2022JJ00
GM0642,,2023JJ00
GM0193,,2013JJ00
GM0193,,2014JJ00
GM0193,,2015JJ00
GM0193,,2016JJ00
GM0193,,2017JJ00
GM0193,,2018JJ00
GM0193,,2019JJ00
GM0193,,2020JJ00
GM0193,,2021JJ00
GM0193,,2022JJ00
GM0193,,2023JJ00
AM01  ,,2013JJ00
AM01  ,,2014JJ00
AM01  ,,2015JJ00
AM01  ,,2016JJ00
AM01  ,,2017JJ00
AM01  ,,2018JJ00
AM01  ,,2019JJ00
AM01  ,,2020JJ00
AM01  ,,2021JJ00
AM01  ,,2022JJ00
AM01  ,,2023JJ00
AM02  ,,2013JJ00
AM02  ,,2014JJ00
AM02  ,,2015JJ00
AM02  ,,2016JJ00
AM02  ,,2017JJ00
AM02  ,,2018JJ00
AM02  ,,2019JJ00
AM02  ,,2020JJ00
AM02  ,,2021JJ00
AM02  ,,2022JJ00
AM02  ,,2023JJ00
AM03  ,,2013JJ00
AM03  ,,2014JJ00
AM03  ,,2015JJ00
AM03  ,,2016JJ00
AM03  ,,2017JJ00
AM03  ,,2018JJ00
AM03  ,,2019JJ00
AM03  ,,2020JJ00
AM03  ,,2021JJ00
AM03  ,,2022JJ00
AM03  ,,2023JJ00
AM05  ,,2013JJ00
AM05  ,,2014JJ00
AM05  ,,2015JJ00
AM05  ,,2016JJ00
AM05  ,,2017JJ00
AM05  ,,2018JJ00
AM05  ,,2019JJ00
AM05  ,,2020JJ00
AM05  ,,2021JJ00
AM05  ,,2022JJ00
AM05  ,,2023JJ00
AM06  ,,2013JJ00
AM06  ,,2014JJ00
AM06  ,,2015JJ00
AM06  ,,2016JJ00
AM06  ,,2017JJ00
AM06  ,,2018JJ00
AM06  ,,2019JJ00
AM06  ,,2020JJ00
AM06  ,,2021JJ00
AM06  ,,2022JJ00
AM06  ,,2023JJ00
AM07  ,,2013JJ00
AM07  ,,2014JJ00
AM07  ,,2015JJ00
AM07  ,,2016JJ00
AM07  ,,2017JJ00
AM07  ,,2018JJ00
AM07  ,,2019JJ00
AM07  ,,2020JJ00
AM07  ,,2021JJ00
AM07  ,,2022JJ00
AM07  ,,2023JJ00
AM08  ,,2013JJ00
AM08  ,,2014JJ00
AM08  ,,2015JJ00
AM08  ,,2016JJ00
AM08  ,,2017JJ00
AM08  ,,2018JJ00
AM08  ,,2019JJ00
AM08  ,,2020JJ00
AM08  ,,2021JJ00
AM08  ,,2022JJ00
AM08  ,,2023JJ00
AM09  ,,2013JJ00
AM09  ,,2014JJ00
AM09  ,,2015JJ00
AM09  ,,2016JJ00
AM09  ,,2017JJ00
AM09  ,,2018JJ00
AM09  ,,2019JJ00
AM09  ,,2020JJ00
AM09  ,,2021JJ00
AM09  ,,2022JJ00
AM09  ,,2023JJ00
AM10  ,,2013JJ00
AM10  ,,2014JJ00
AM10  ,,2015JJ00
AM10  ,,2016JJ00
AM10  ,,2017JJ00
AM10  ,,2018JJ00
AM10  ,,2019JJ00
AM10  ,,2020JJ00
AM10  ,,2021JJ00
AM10  ,,2022JJ00
AM10  ,,2023JJ00
AM11  ,,2013JJ00
AM11  ,,2014JJ00
AM11  ,,2015JJ00
AM11  ,,2016JJ00
AM11  ,,2017JJ00
AM11  ,,2018JJ00
AM11  ,,2019JJ00
AM11  ,,2020JJ00
AM11  ,,2021JJ00
AM11  ,,2022JJ00
AM11  ,,2023JJ00
AM12  ,,2013JJ00
AM12  ,,2014JJ00
AM12  ,,2015JJ00
AM12  ,,2016JJ00
AM12  ,,2017JJ00
AM12  ,,2018JJ00
AM12  ,,2019JJ00
AM12  ,,2020JJ00
AM12  ,,2021JJ00
AM12  ,,2022JJ00
AM12  ,,2023JJ00
AM13  ,,2013JJ00
AM13  ,,2014JJ00
AM13  ,,2015JJ00
AM13  ,,2016JJ00
AM13  ,,2017JJ00
AM13  ,,2018JJ00
AM13  ,,2019JJ00
AM13  ,,2020JJ00
AM13  ,,2021JJ00
AM13  ,,2022JJ00
AM13  ,,2023JJ00
AM14  ,,2013JJ00
AM14  ,,2014JJ00
AM14  ,,2015JJ00
AM14  ,,2016JJ00
AM14  ,,2017JJ00
AM14  ,,2018JJ00
AM14  ,,2019JJ00
AM14  ,,2020JJ00
AM14  ,,2021JJ00
AM14  ,,2022JJ00
AM14  ,,2023JJ00
AM15  ,,2013JJ00
AM15  ,,2014JJ00
AM15  ,,2015JJ00
AM15  ,,2016JJ00
AM15  ,,2017JJ00
AM15  ,,2018JJ00
AM15  ,,2019JJ00
AM15  ,,2020JJ00
AM15  ,,2021JJ00
AM15  ,,2022JJ00
AM15  ,,2023JJ00
AM17  ,,2013JJ00
AM17  ,,2014JJ00
AM17  ,,2015JJ00
AM17  ,,2016JJ00
AM17  ,,2017JJ00
AM17  ,,2018JJ00
AM17  ,,2019JJ00
AM17  ,,2020JJ00
AM17  ,,2021JJ00
AM17  ,,2022JJ00
AM17  ,,2023JJ00
AM18  ,,2013JJ00
AM18  ,,2014JJ00
AM18  ,,2015JJ00
AM18  ,,2016JJ00
AM18  ,,2017JJ00
AM18  ,,2018JJ00
AM18  ,,2019JJ00
AM18  ,,2020JJ00
AM18  ,,2021JJ00
AM18  ,,2022JJ00
AM18  ,,2023JJ00
AM19  ,,2013JJ00
AM19  ,,2014JJ00
AM19  ,,2015JJ00
AM19  ,,2016JJ00
AM19  ,,2017JJ00
AM19  ,,2018JJ00
AM19  ,,2019JJ00
AM19  ,,2020JJ00
AM19  ,,2021JJ00
AM19  ,,2022JJ00
AM19  ,,2023JJ00
AM20  ,,2013JJ00
AM20  ,,2014JJ00
AM20  ,,2015JJ00
AM20  ,,2016JJ00
AM20  ,,2017JJ00
AM20  ,,2018JJ00
AM20  ,,2019JJ00
AM20  ,,2020JJ00
AM20  ,,2021JJ00
AM20  ,,2022JJ00
AM20  ,,2023JJ00
AM21  ,,2013JJ00
AM21  ,,2014JJ00
AM21  ,,2015JJ00
AM21  ,,2016JJ00
AM21  ,,2017JJ00
AM21  ,,2018JJ00
AM21  ,,2019JJ00
AM21  ,,2020JJ00
AM21  ,,2021JJ00
AM21  ,,2022JJ00
AM21  ,,2023JJ00
AM22  ,,2013JJ00
AM22  ,,2014JJ00
AM22  ,,2015JJ00
AM22  ,,2016JJ00
AM22  ,,2017JJ00
AM22  ,,2018JJ00
AM22  ,,2019JJ00
AM22  ,,2020JJ00
AM22  ,,2021JJ00
AM22  ,,2022JJ00
AM22  ,,2023JJ00
AM23  ,,2013JJ00
AM23  ,,2014JJ00
AM23  ,,2015JJ00
AM23  ,,2016JJ00
AM23  ,,2017JJ00
AM23  ,,2018JJ00
AM23  ,,2019JJ00
AM23  ,,2020JJ00
AM23  ,,2021JJ00
AM23  ,,2022JJ00
AM23  ,,2023JJ00
AM24  ,,2013JJ00
AM24  ,,2014JJ00
AM24  ,,2015JJ00
AM24  ,,2016JJ00
AM24  ,,2017JJ00
AM24  ,,2018JJ00
AM24  ,,2019JJ00
AM24  ,,2020JJ00
AM24  ,,2021JJ00
AM24  ,,2022JJ00
AM24  ,,2023JJ00
AM25  ,,2013JJ00
AM25  ,,2014JJ00
AM25  ,,2015JJ00
AM25  ,,2016JJ00
AM25  ,,2017JJ00
AM25  ,,2018JJ00
AM25  ,,2019JJ00
AM25  ,,2020JJ00
AM25  ,,2021JJ00
AM25  ,,2022JJ00
AM25  ,,2023JJ00
AM26  ,,2013JJ00
AM26  ,,2014JJ00
AM26  ,,2015JJ00
AM26  ,,2016JJ00
AM26  ,,2017JJ00
AM26  ,,2018JJ00
AM26  ,,2019JJ00
AM26  ,,2020JJ00
AM26  ,,2021JJ00
AM26  ,,2022JJ00
AM26  ,,2023JJ00
AM27  ,,2013JJ00
AM27  ,,2014JJ00
AM27  ,,2015JJ00
AM27  ,,2016JJ00
AM27  ,,2017JJ00
AM27  ,,2018JJ00
AM27  ,,2019JJ00
AM27  ,,2020JJ00
AM27  ,,2021JJ00
AM27  ,,2022JJ00
AM27  ,,2023JJ00
AM28  ,,2013JJ00
AM28  ,,2014JJ00
AM28  ,,2015JJ00
AM28  ,,2016JJ00
AM28  ,,2017JJ00
AM28  ,,2018JJ00
AM28  ,,2019JJ00
AM28  ,,2020JJ00
AM28  ,,2021JJ00
AM28  ,,2022JJ00
AM28  ,,2023JJ00
AM29  ,,2013JJ00
AM29  ,,2014JJ00
AM29  ,,2015JJ00
AM29  ,,2016JJ00
AM29  ,,2017JJ00
AM29  ,,2018JJ00
AM29  ,,2019JJ00
AM29  ,,2020JJ00
AM29  ,,2021JJ00
AM29  ,,2022JJ00
AM29  ,,2023JJ00
AM30  ,,2013JJ00
AM30  ,,2014JJ00
AM30  ,,2015JJ00
AM30  ,,2016JJ00
AM30  ,,2017JJ00
AM30  ,,2018JJ00
AM30  ,,2019JJ00
AM30  ,,2020JJ00
AM30  ,,2021JJ00
AM30  ,,2022JJ00
AM30  ,,2023JJ00
AM32  ,,2013JJ00
AM32  ,,2014JJ00
AM32  ,,2015JJ00
AM32  ,,2016JJ00
AM32  ,,2017JJ00
AM32  ,,2018JJ00
AM32  ,,2019JJ00
AM32  ,,2020JJ00
AM32  ,,2021JJ00
AM32  ,,2022JJ00
AM32  ,,2023JJ00
AM33  ,,2013JJ00
AM33  ,,2014JJ00
AM33  ,,2015JJ00
AM33  ,,2016JJ00
AM33  ,,2017JJ00
AM33  ,,2018JJ00
AM33  ,,2019JJ00
AM33  ,,2020JJ00
AM33  ,,2021JJ00
AM33  ,,2022JJ00
AM33  ,,2023JJ00
AM34  ,,2013JJ00
AM34  ,,2014JJ00
AM34  ,,2015JJ00
AM34  ,,2016JJ00
AM34  ,,2017JJ00
AM34  ,,2018JJ00
AM34  ,,2019JJ00
AM34  ,,2020JJ00
AM34  ,,2021JJ00
AM34  ,,2022JJ00
AM34  ,,2023JJ00
AM35  ,,2013JJ00
AM35  ,,2014JJ00
AM35  ,,2015JJ00
AM35  ,,2016JJ00
AM35  ,,2017JJ00
AM35  ,,2018JJ00
AM35  ,,2019JJ00
AM35  ,,2020JJ00
AM35  ,,2021JJ00
AM35  ,,2022JJ00
AM35  ,,2023JJ00
AM36  ,,2013JJ00
AM36  ,,2014JJ00
AM36  ,,2015JJ00
AM36  ,,2016JJ00
AM36  ,,2017JJ00
AM36  ,,2018JJ00
AM36  ,,2019JJ00
AM36  ,,2020JJ00
AM36  ,,2021JJ00
AM36  ,,2022JJ00
AM36  ,,2023JJ00
AM37  ,,2013JJ00
AM37  ,,2014JJ00
AM37  ,,2015JJ00
AM37  ,,2016JJ00
AM37  ,,2017JJ00
AM37  ,,2018JJ00
AM37  ,,2019JJ00
AM37  ,,2020JJ00
AM37  ,,2021JJ00
AM37  ,,2022JJ00
AM37  ,,2023JJ00
AM38  ,,2013JJ00
AM38  ,,2014JJ00
AM38  ,,2015JJ00
AM38  ,,2016JJ00
AM38  ,,2017JJ00
AM38  ,,2018JJ00
AM38  ,,2019JJ00
AM38  ,,2020JJ00
AM38  ,,2021JJ00
AM38  ,,2022JJ00
AM38  ,,2023JJ00
AM99  ,,2013JJ00
AM99  ,,2014JJ00
AM99  ,,2015JJ00
AM99  ,,2016JJ00
AM99  ,,2017JJ00
AM99  ,,2018JJ00
AM99  ,,2019JJ00
AM99  ,,2020JJ00
AM99  ,,2021JJ00
AM99  ,,2022JJ00
AM99  ,,2023JJ00
